<<<<<<< HEAD
TIEMPO	VFSCd	VFSCi	PAMn	PCC	RAP
0.40	62.22	60.88	79.56	24.79	0.88
1.00	61.97	59.94	78.92	27.79	0.84
1.60	64.21	61.51	80.31	25.67	0.88
2.20	67.31	63.99	83.39	19.25	0.99
2.80	67.87	64.50	85.08	25.91	0.90
3.40	66.64	63.28	85.81	29.00	0.88
4.00	65.40	62.06	86.05	27.61	0.94
4.60	65.39	62.05	87.12	25.14	1.00
5.20	64.63	61.50	87.38	25.83	0.99
5.80	63.34	60.44	86.78	28.72	0.94
6.40	61.43	58.37	85.70	28.18	0.98
7.00	60.06	57.09	84.63	26.70	1.02
7.60	59.48	56.98	84.00	24.45	1.05
8.20	58.39	56.02	83.00	25.24	1.03
8.80	57.38	55.06	81.95	26.80	1.00
9.40	56.49	54.45	80.46	28.22	0.95
10.00	57.99	55.61	80.35	26.15	0.97
10.60	60.50	57.62	81.79	19.70	1.07
11.20	60.17	58.37	81.30	27.85	0.91
11.80	60.32	58.18	81.14	28.91	0.89
12.40	61.30	58.82	81.76	22.10	1.01
13.00	62.98	61.53	83.65	22.50	1.00
13.60	64.02	62.51	85.01	25.30	0.95
14.20	64.45	62.16	86.04	28.17	0.92
14.80	64.45	61.05	87.30	30.92	0.91
15.40	63.21	60.18	86.95	28.28	0.96
16.00	62.93	60.03	86.80	25.25	1.02
16.60	63.51	60.37	87.71	24.22	1.04
17.20	62.96	60.28	87.64	22.25	1.07
17.80	61.88	59.64	86.53	21.45	1.08
18.40	60.36	58.51	84.21	22.98	1.04
19.00	60.96	59.85	84.36	23.98	1.00
19.60	61.49	60.87	84.88	24.75	0.98
20.20	60.80	60.28	84.25	25.54	0.94
20.80	60.43	59.86	83.27	26.55	0.99
21.40	61.01	60.28	83.10	25.71	1.06
22.00	63.49	62.42	84.96	19.98	1.08
22.60	63.37	62.05	84.60	23.03	0.99
23.20	62.73	61.14	83.43	28.08	0.89
23.80	62.71	60.44	82.64	29.90	0.86
24.40	63.63	61.71	83.15	24.60	0.94
25.00	64.25	62.48	83.80	19.63	1.03
25.60	63.83	61.30	83.05	25.47	0.93
26.20	62.71	59.49	82.30	28.68	0.89
26.80	62.31	58.54	81.95	28.18	0.92
27.40	63.94	59.72	83.20	27.90	0.92
28.00	65.41	60.73	84.23	25.08	0.97
28.60	66.27	61.39	84.85	20.87	1.05
29.20	66.22	61.61	85.53	22.28	1.02
29.80	66.78	62.44	86.26	24.65	0.98
30.40	66.97	62.82	86.92	27.09	0.94
31.00	65.75	61.77	87.02	30.55	0.90
31.60	64.76	60.72	86.95	31.74	0.90
32.20	63.93	59.75	86.77	30.53	0.93
32.80	62.54	59.15	86.54	31.75	0.91
33.40	61.10	57.83	85.91	31.76	0.93
34.00	59.76	55.57	84.70	28.79	1.00
34.60	57.92	54.16	82.96	25.55	1.06
35.20	56.62	53.73	81.00	22.87	1.08
35.80	57.12	55.04	80.75	21.65	1.07
36.40	57.61	55.42	80.28	22.43	1.03
37.00	57.85	54.80	79.13	26.10	0.93
37.60	57.35	54.77	77.62	27.81	0.98
38.20	58.29	56.22	77.34	26.64	1.03
38.80	61.44	59.43	79.20	22.01	0.99
39.40	62.15	60.04	79.63	25.34	0.89
40.00	62.27	60.19	79.78	28.28	0.84
40.60	62.14	60.28	80.40	24.72	0.91
41.20	63.65	61.34	82.14	25.84	0.91
41.80	63.56	60.98	83.42	28.61	0.89
42.40	62.14	59.63	83.71	31.85	0.86
43.00	61.02	59.03	83.97	28.48	0.92
43.60	61.53	59.45	85.02	27.59	0.95
44.20	61.95	59.51	86.41	29.55	0.94
44.80	61.04	57.78	86.61	32.21	0.93
45.40	58.67	56.20	85.29	27.18	1.03
46.00	58.04	55.52	84.16	21.99	1.12
46.60	59.87	55.88	84.79	22.56	1.11
47.20	60.64	56.69	84.67	26.79	1.01
47.80	59.12	55.04	82.86	27.91	0.99
48.40	59.04	55.05	82.25	26.94	1.01
49.00	62.57	59.24	85.24	25.38	1.01
49.60	62.56	59.44	85.76	24.74	1.02
50.20	60.89	57.76	84.44	24.63	1.02
50.80	58.38	55.09	81.77	26.13	0.99
51.40	56.33	53.41	79.05	25.39	0.99
52.00	55.02	52.82	76.49	21.59	1.03
52.60	55.90	53.00	74.93	21.66	1.00
53.20	56.39	53.71	73.93	22.51	0.95
53.80	56.37	54.39	73.24	22.88	0.92
54.40	56.85	53.67	72.91	23.49	0.91
55.00	56.22	52.73	72.71	25.40	0.88
55.60	56.30	52.79	73.50	27.02	0.87
56.20	58.29	54.30	76.55	25.66	0.93
56.80	57.32	54.12	78.51	26.98	0.94
57.40	55.94	53.25	80.30	27.92	0.98
58.00	54.44	51.88	82.34	27.41	1.06
58.60	52.24	49.48	82.94	26.82	1.01
59.20	51.08	48.69	83.58	27.85	1.00
59.80	50.94	49.24	84.50	30.89	1.05
60.40	51.47	49.89	84.79	30.40	1.08
61.00	51.88	50.13	84.45	28.75	1.11
61.60	51.72	49.60	82.99	27.39	1.12
62.20	51.76	49.19	81.72	26.81	1.11
62.80	52.05	49.03	80.92	27.61	1.08
63.40	52.64	49.58	80.27	26.15	1.08
64.00	53.04	50.02	79.64	24.38	1.09
64.60	52.60	49.50	78.07	24.31	1.09
65.20	53.97	50.82	77.90	24.96	1.06
65.80	56.56	53.32	79.35	26.04	1.00
66.40	58.85	55.00	80.52	25.80	0.99
67.00	59.63	55.84	81.40	25.10	1.00
67.60	59.33	56.23	81.95	24.23	1.02
68.20	61.28	58.60	83.71	25.48	0.99
68.80	62.14	59.38	85.15	26.78	0.97
69.40	61.74	58.72	85.66	27.32	0.98
70.00	60.40	58.63	86.15	28.07	0.98
70.60	59.95	57.94	86.24	28.15	0.99
71.20	60.37	56.81	85.72	26.99	1.02
71.80	59.98	56.66	85.65	28.64	0.99
72.40	59.96	56.93	85.58	28.10	0.99
73.00	60.58	57.59	85.43	22.41	1.08
73.60	60.30	57.20	84.22	20.21	1.12
74.20	60.11	57.15	82.96	20.32	1.10
74.80	60.69	58.87	82.58	21.31	1.05
75.40	61.56	59.19	82.38	22.83	1.00
76.00	61.98	59.29	82.08	24.41	0.96
76.60	61.38	59.85	80.78	25.01	0.93
77.20	62.89	61.62	81.17	26.00	0.89
77.80	64.72	63.21	82.14	26.07	0.88
78.40	65.75	63.84	82.59	23.08	0.92
79.00	65.94	64.07	82.90	25.69	0.89
79.60	65.83	63.99	83.09	27.68	0.87
80.20	65.67	63.65	83.13	21.47	0.96
80.80	65.65	63.63	83.15	22.80	0.94
81.40	65.26	62.97	82.61	24.38	0.92
82.00	64.28	61.31	81.20	21.78	0.97
82.60	63.36	60.00	80.41	24.58	0.92
83.20	62.78	58.71	79.68	27.95	0.86
83.80	62.70	57.45	78.48	28.57	0.85
84.40	62.31	57.80	77.31	27.16	0.87
85.00	63.28	59.31	76.88	25.86	0.87
85.60	65.44	61.53	77.81	25.82	0.85
86.20	66.63	62.79	77.71	26.97	0.81
86.80	66.41	62.67	77.02	27.35	0.79
87.40	65.34	61.70	75.65	25.65	0.81
88.00	68.12	64.77	77.33	26.36	0.79
88.60	69.70	66.30	78.71	27.17	0.77
89.20	69.77	66.05	78.42	27.16	0.78
89.80	69.47	65.48	78.74	28.32	0.77
90.40	69.37	64.86	79.17	29.93	0.75
91.00	69.20	64.40	79.56	31.61	0.74
91.60	68.10	64.64	80.54	30.40	0.77
92.20	67.69	64.02	81.51	30.49	0.79
92.80	66.71	62.71	82.24	31.61	0.80
93.40	64.19	60.94	82.19	31.29	0.85
94.00	62.74	60.92	82.99	31.02	0.83
94.60	61.66	60.60	83.93	31.17	0.81
95.20	60.41	58.50	84.55	32.57	0.86
95.80	59.11	56.99	83.41	29.61	0.94
96.40	59.03	56.58	82.50	27.50	0.99
97.00	60.83	57.52	83.23	30.17	0.92
97.60	61.45	58.28	83.24	30.65	0.90
98.20	61.24	58.43	82.82	30.18	0.89
98.80	60.36	57.85	81.78	30.34	0.88
99.40	62.23	59.43	82.96	29.09	0.90
100.00	62.88	60.10	83.67	27.53	0.93
100.60	62.05	59.68	82.45	26.11	0.95
101.20	60.40	58.31	81.31	26.45	0.94
101.80	60.80	59.39	81.10	26.68	0.92
102.40	62.11	61.12	81.90	26.13	0.90
103.00	61.59	59.55	80.84	25.88	0.91
103.60	61.27	58.27	80.50	25.01	0.95
104.20	61.34	58.26	80.83	24.57	0.97
104.80	61.70	59.35	81.62	26.65	0.91
105.40	62.05	58.58	81.82	23.42	1.00
106.00	61.95	58.95	82.60	24.63	0.99
106.60	61.55	59.06	83.54	28.85	0.92
107.20	60.98	57.86	83.68	30.45	0.90
107.80	61.63	58.46	85.03	29.62	0.94
108.40	62.00	59.00	86.52	27.84	0.99
109.00	61.53	58.73	87.46	26.41	1.03
109.60	59.92	57.27	86.56	29.85	0.98
110.20	59.53	56.57	86.69	31.69	0.96
110.80	59.05	55.83	87.02	32.08	0.97
111.40	57.66	54.55	86.79	31.87	0.99
112.00	56.09	52.95	85.35	30.22	1.03
112.60	55.26	52.08	84.06	28.39	1.06
113.20	55.34	52.26	84.18	27.15	1.08
113.80	55.09	51.85	83.31	26.83	1.08
114.40	54.22	51.43	81.79	26.04	1.08
115.00	52.93	51.16	79.45	23.71	1.08
115.60	55.00	53.53	79.42	23.06	1.10
116.20	55.82	54.22	79.21	23.27	1.08
116.80	55.24	53.31	77.64	24.01	1.01
117.40	56.53	53.99	76.77	23.00	0.99
118.00	57.94	54.85	76.44	22.11	0.99
118.60	58.97	55.70	76.56	22.10	0.97
119.20	58.65	56.68	76.29	22.28	0.94
119.80	59.35	57.98	76.48	22.38	0.94
120.40	60.49	59.21	77.27	22.50	0.97
121.00	59.78	59.32	76.90	21.99	1.01
121.60	60.72	59.90	77.50	23.27	0.97
122.20	62.11	60.84	78.98	25.96	0.86
122.80	63.15	62.56	80.34	25.93	0.96
123.40	61.38	61.45	80.65	26.79	0.97
124.00	59.21	59.62	80.06	28.73	0.87
124.60	59.91	59.93	80.86	28.67	0.86
125.20	60.30	59.82	81.43	28.33	0.87
125.80	59.96	58.95	81.12	28.98	0.87
126.40	58.33	56.79	79.79	27.96	0.90
127.00	57.42	55.35	78.45	26.81	0.93
127.60	58.81	56.14	78.68	28.49	0.89
128.20	59.01	55.91	78.40	28.28	0.89
128.80	58.11	54.79	77.24	25.07	0.94
129.40	57.49	54.46	75.98	24.14	0.95
130.00	57.63	54.89	75.29	24.61	0.92
130.60	59.54	56.65	76.05	26.35	0.87
131.20	59.91	57.29	76.36	27.24	0.85
131.80	60.22	57.68	76.22	27.24	0.85
132.40	62.22	58.86	77.00	26.58	0.85
133.00	62.67	58.88	77.57	26.19	0.87
133.60	62.80	58.99	77.96	26.13	0.87
134.20	64.02	60.52	80.05	24.86	0.90
134.80	64.66	61.41	81.77	25.75	0.91
135.40	64.53	61.15	82.63	27.48	0.90
136.00	63.41	59.24	82.28	28.59	0.91
136.60	64.34	58.98	83.66	29.14	0.92
137.20	64.48	58.63	84.65	29.33	0.93
137.80	63.20	57.74	83.77	29.45	0.93
138.40	62.28	57.29	82.95	27.69	0.96
139.00	61.67	56.86	82.18	26.86	0.97
139.60	61.35	56.37	81.46	28.58	0.93
140.20	60.65	55.82	80.52	27.83	0.94
140.80	60.55	55.84	79.73	26.63	0.95
141.40	61.65	56.86	79.55	26.80	0.93
142.00	61.71	56.76	78.68	26.43	0.92
142.60	63.48	59.06	79.07	26.66	0.90
143.20	67.26	64.02	82.62	28.71	0.84
143.80	68.43	64.04	84.82	30.14	0.84
144.40	68.27	63.50	86.10	29.86	0.88
145.00	68.53	64.25	87.34	28.52	0.92
145.60	70.14	66.95	91.46	29.53	0.91
146.20	69.19	66.01	92.63	30.17	0.93
146.80	67.23	63.72	91.95	29.26	0.98
147.40	64.86	61.17	90.51	26.22	1.04
148.00	64.72	60.66	89.94	23.03	1.10
148.60	64.91	60.54	89.39	21.18	1.13
149.20	64.33	59.84	87.83	24.79	1.05
149.80	62.80	58.38	85.69	27.03	0.99
150.40	60.54	56.34	82.64	26.08	0.99
151.00	59.81	55.54	80.97	25.14	1.00
151.60	59.43	55.08	79.82	24.71	0.99
152.20	58.72	54.36	78.22	26.00	0.95
152.80	59.12	55.13	77.16	26.01	0.93
153.40	60.16	56.44	76.64	24.68	0.92
154.00	61.45	57.58	76.27	22.11	0.93
154.60	62.02	58.02	75.85	21.59	0.93
155.20	63.40	59.32	76.40	23.03	0.90
155.80	66.18	62.04	78.54	25.80	0.84
156.40	67.37	63.17	80.88	26.08	0.86
157.00	68.12	64.45	82.85	25.40	0.88
157.60	67.92	64.70	84.24	24.96	0.89
158.20	66.19	62.63	84.24	28.44	0.88
158.80	64.27	61.90	84.67	29.34	0.89
159.40	62.89	61.50	85.11	28.69	0.91
160.00	62.44	60.56	84.99	28.09	0.94
160.60	61.12	60.29	84.54	26.68	0.96
161.20	59.84	59.77	83.85	25.17	0.97
161.80	59.23	58.30	83.02	26.37	0.96
162.40	59.52	56.72	82.01	26.78	0.97
163.00	60.12	55.95	81.01	26.17	0.99
163.60	60.72	56.82	81.72	26.36	0.98
164.20	58.91	55.78	80.16	25.15	0.98
164.80	57.68	55.32	78.16	24.34	0.97
165.40	58.57	56.59	77.03	26.53	0.89
166.00	61.98	59.06	78.54	22.87	0.94
166.60	65.11	61.61	80.28	20.66	0.98
167.20	64.20	60.42	79.81	22.43	0.95
167.80	60.63	56.94	76.79	26.45	0.86
168.40	58.29	55.30	74.82	23.42	0.90
169.00	58.59	54.82	74.00	22.27	1.00
169.60	59.71	56.50	74.63	23.90	0.93
170.20	59.83	57.56	74.86	25.27	0.84
170.80	59.47	57.70	73.79	24.67	0.84
171.40	60.59	58.56	74.70	22.25	0.89
172.00	63.17	60.81	77.00	24.17	0.86
172.60	63.19	60.56	78.16	26.23	0.85
173.20	62.10	59.30	78.02	26.85	0.86
173.80	61.38	58.48	78.81	27.79	0.86
174.40	60.55	57.64	79.35	29.76	0.85
175.00	59.71	56.58	80.06	31.17	0.84
175.60	58.79	55.67	80.98	31.48	0.84
176.20	57.79	55.62	81.27	28.99	0.92
176.80	56.19	54.54	80.72	27.21	0.97
177.40	54.49	52.79	79.14	26.91	0.99
178.00	54.61	52.62	78.95	26.24	1.01
=======
TIEMPO	VFSCd	VFSCi	PAMn	PCC	RAP
0.40	62.22	60.88	79.56	24.79	0.88
1.00	61.97	59.94	78.92	27.79	0.84
1.60	64.21	61.51	80.31	25.67	0.88
2.20	67.31	63.99	83.39	19.25	0.99
2.80	67.87	64.50	85.08	25.91	0.90
3.40	66.64	63.28	85.81	29.00	0.88
4.00	65.40	62.06	86.05	27.61	0.94
4.60	65.39	62.05	87.12	25.14	1.00
5.20	64.63	61.50	87.38	25.83	0.99
5.80	63.34	60.44	86.78	28.72	0.94
6.40	61.43	58.37	85.70	28.18	0.98
7.00	60.06	57.09	84.63	26.70	1.02
7.60	59.48	56.98	84.00	24.45	1.05
8.20	58.39	56.02	83.00	25.24	1.03
8.80	57.38	55.06	81.95	26.80	1.00
9.40	56.49	54.45	80.46	28.22	0.95
10.00	57.99	55.61	80.35	26.15	0.97
10.60	60.50	57.62	81.79	19.70	1.07
11.20	60.17	58.37	81.30	27.85	0.91
11.80	60.32	58.18	81.14	28.91	0.89
12.40	61.30	58.82	81.76	22.10	1.01
13.00	62.98	61.53	83.65	22.50	1.00
13.60	64.02	62.51	85.01	25.30	0.95
14.20	64.45	62.16	86.04	28.17	0.92
14.80	64.45	61.05	87.30	30.92	0.91
15.40	63.21	60.18	86.95	28.28	0.96
16.00	62.93	60.03	86.80	25.25	1.02
16.60	63.51	60.37	87.71	24.22	1.04
17.20	62.96	60.28	87.64	22.25	1.07
17.80	61.88	59.64	86.53	21.45	1.08
18.40	60.36	58.51	84.21	22.98	1.04
19.00	60.96	59.85	84.36	23.98	1.00
19.60	61.49	60.87	84.88	24.75	0.98
20.20	60.80	60.28	84.25	25.54	0.94
20.80	60.43	59.86	83.27	26.55	0.99
21.40	61.01	60.28	83.10	25.71	1.06
22.00	63.49	62.42	84.96	19.98	1.08
22.60	63.37	62.05	84.60	23.03	0.99
23.20	62.73	61.14	83.43	28.08	0.89
23.80	62.71	60.44	82.64	29.90	0.86
24.40	63.63	61.71	83.15	24.60	0.94
25.00	64.25	62.48	83.80	19.63	1.03
25.60	63.83	61.30	83.05	25.47	0.93
26.20	62.71	59.49	82.30	28.68	0.89
26.80	62.31	58.54	81.95	28.18	0.92
27.40	63.94	59.72	83.20	27.90	0.92
28.00	65.41	60.73	84.23	25.08	0.97
28.60	66.27	61.39	84.85	20.87	1.05
29.20	66.22	61.61	85.53	22.28	1.02
29.80	66.78	62.44	86.26	24.65	0.98
30.40	66.97	62.82	86.92	27.09	0.94
31.00	65.75	61.77	87.02	30.55	0.90
31.60	64.76	60.72	86.95	31.74	0.90
32.20	63.93	59.75	86.77	30.53	0.93
32.80	62.54	59.15	86.54	31.75	0.91
33.40	61.10	57.83	85.91	31.76	0.93
34.00	59.76	55.57	84.70	28.79	1.00
34.60	57.92	54.16	82.96	25.55	1.06
35.20	56.62	53.73	81.00	22.87	1.08
35.80	57.12	55.04	80.75	21.65	1.07
36.40	57.61	55.42	80.28	22.43	1.03
37.00	57.85	54.80	79.13	26.10	0.93
37.60	57.35	54.77	77.62	27.81	0.98
38.20	58.29	56.22	77.34	26.64	1.03
38.80	61.44	59.43	79.20	22.01	0.99
39.40	62.15	60.04	79.63	25.34	0.89
40.00	62.27	60.19	79.78	28.28	0.84
40.60	62.14	60.28	80.40	24.72	0.91
41.20	63.65	61.34	82.14	25.84	0.91
41.80	63.56	60.98	83.42	28.61	0.89
42.40	62.14	59.63	83.71	31.85	0.86
43.00	61.02	59.03	83.97	28.48	0.92
43.60	61.53	59.45	85.02	27.59	0.95
44.20	61.95	59.51	86.41	29.55	0.94
44.80	61.04	57.78	86.61	32.21	0.93
45.40	58.67	56.20	85.29	27.18	1.03
46.00	58.04	55.52	84.16	21.99	1.12
46.60	59.87	55.88	84.79	22.56	1.11
47.20	60.64	56.69	84.67	26.79	1.01
47.80	59.12	55.04	82.86	27.91	0.99
48.40	59.04	55.05	82.25	26.94	1.01
49.00	62.57	59.24	85.24	25.38	1.01
49.60	62.56	59.44	85.76	24.74	1.02
50.20	60.89	57.76	84.44	24.63	1.02
50.80	58.38	55.09	81.77	26.13	0.99
51.40	56.33	53.41	79.05	25.39	0.99
52.00	55.02	52.82	76.49	21.59	1.03
52.60	55.90	53.00	74.93	21.66	1.00
53.20	56.39	53.71	73.93	22.51	0.95
53.80	56.37	54.39	73.24	22.88	0.92
54.40	56.85	53.67	72.91	23.49	0.91
55.00	56.22	52.73	72.71	25.40	0.88
55.60	56.30	52.79	73.50	27.02	0.87
56.20	58.29	54.30	76.55	25.66	0.93
56.80	57.32	54.12	78.51	26.98	0.94
57.40	55.94	53.25	80.30	27.92	0.98
58.00	54.44	51.88	82.34	27.41	1.06
58.60	52.24	49.48	82.94	26.82	1.01
59.20	51.08	48.69	83.58	27.85	1.00
59.80	50.94	49.24	84.50	30.89	1.05
60.40	51.47	49.89	84.79	30.40	1.08
61.00	51.88	50.13	84.45	28.75	1.11
61.60	51.72	49.60	82.99	27.39	1.12
62.20	51.76	49.19	81.72	26.81	1.11
62.80	52.05	49.03	80.92	27.61	1.08
63.40	52.64	49.58	80.27	26.15	1.08
64.00	53.04	50.02	79.64	24.38	1.09
64.60	52.60	49.50	78.07	24.31	1.09
65.20	53.97	50.82	77.90	24.96	1.06
65.80	56.56	53.32	79.35	26.04	1.00
66.40	58.85	55.00	80.52	25.80	0.99
67.00	59.63	55.84	81.40	25.10	1.00
67.60	59.33	56.23	81.95	24.23	1.02
68.20	61.28	58.60	83.71	25.48	0.99
68.80	62.14	59.38	85.15	26.78	0.97
69.40	61.74	58.72	85.66	27.32	0.98
70.00	60.40	58.63	86.15	28.07	0.98
70.60	59.95	57.94	86.24	28.15	0.99
71.20	60.37	56.81	85.72	26.99	1.02
71.80	59.98	56.66	85.65	28.64	0.99
72.40	59.96	56.93	85.58	28.10	0.99
73.00	60.58	57.59	85.43	22.41	1.08
73.60	60.30	57.20	84.22	20.21	1.12
74.20	60.11	57.15	82.96	20.32	1.10
74.80	60.69	58.87	82.58	21.31	1.05
75.40	61.56	59.19	82.38	22.83	1.00
76.00	61.98	59.29	82.08	24.41	0.96
76.60	61.38	59.85	80.78	25.01	0.93
77.20	62.89	61.62	81.17	26.00	0.89
77.80	64.72	63.21	82.14	26.07	0.88
78.40	65.75	63.84	82.59	23.08	0.92
79.00	65.94	64.07	82.90	25.69	0.89
79.60	65.83	63.99	83.09	27.68	0.87
80.20	65.67	63.65	83.13	21.47	0.96
80.80	65.65	63.63	83.15	22.80	0.94
81.40	65.26	62.97	82.61	24.38	0.92
82.00	64.28	61.31	81.20	21.78	0.97
82.60	63.36	60.00	80.41	24.58	0.92
83.20	62.78	58.71	79.68	27.95	0.86
83.80	62.70	57.45	78.48	28.57	0.85
84.40	62.31	57.80	77.31	27.16	0.87
85.00	63.28	59.31	76.88	25.86	0.87
85.60	65.44	61.53	77.81	25.82	0.85
86.20	66.63	62.79	77.71	26.97	0.81
86.80	66.41	62.67	77.02	27.35	0.79
87.40	65.34	61.70	75.65	25.65	0.81
88.00	68.12	64.77	77.33	26.36	0.79
88.60	69.70	66.30	78.71	27.17	0.77
89.20	69.77	66.05	78.42	27.16	0.78
89.80	69.47	65.48	78.74	28.32	0.77
90.40	69.37	64.86	79.17	29.93	0.75
91.00	69.20	64.40	79.56	31.61	0.74
91.60	68.10	64.64	80.54	30.40	0.77
92.20	67.69	64.02	81.51	30.49	0.79
92.80	66.71	62.71	82.24	31.61	0.80
93.40	64.19	60.94	82.19	31.29	0.85
94.00	62.74	60.92	82.99	31.02	0.83
94.60	61.66	60.60	83.93	31.17	0.81
95.20	60.41	58.50	84.55	32.57	0.86
95.80	59.11	56.99	83.41	29.61	0.94
96.40	59.03	56.58	82.50	27.50	0.99
97.00	60.83	57.52	83.23	30.17	0.92
97.60	61.45	58.28	83.24	30.65	0.90
98.20	61.24	58.43	82.82	30.18	0.89
98.80	60.36	57.85	81.78	30.34	0.88
99.40	62.23	59.43	82.96	29.09	0.90
100.00	62.88	60.10	83.67	27.53	0.93
100.60	62.05	59.68	82.45	26.11	0.95
101.20	60.40	58.31	81.31	26.45	0.94
101.80	60.80	59.39	81.10	26.68	0.92
102.40	62.11	61.12	81.90	26.13	0.90
103.00	61.59	59.55	80.84	25.88	0.91
103.60	61.27	58.27	80.50	25.01	0.95
104.20	61.34	58.26	80.83	24.57	0.97
104.80	61.70	59.35	81.62	26.65	0.91
105.40	62.05	58.58	81.82	23.42	1.00
106.00	61.95	58.95	82.60	24.63	0.99
106.60	61.55	59.06	83.54	28.85	0.92
107.20	60.98	57.86	83.68	30.45	0.90
107.80	61.63	58.46	85.03	29.62	0.94
108.40	62.00	59.00	86.52	27.84	0.99
109.00	61.53	58.73	87.46	26.41	1.03
109.60	59.92	57.27	86.56	29.85	0.98
110.20	59.53	56.57	86.69	31.69	0.96
110.80	59.05	55.83	87.02	32.08	0.97
111.40	57.66	54.55	86.79	31.87	0.99
112.00	56.09	52.95	85.35	30.22	1.03
112.60	55.26	52.08	84.06	28.39	1.06
113.20	55.34	52.26	84.18	27.15	1.08
113.80	55.09	51.85	83.31	26.83	1.08
114.40	54.22	51.43	81.79	26.04	1.08
115.00	52.93	51.16	79.45	23.71	1.08
115.60	55.00	53.53	79.42	23.06	1.10
116.20	55.82	54.22	79.21	23.27	1.08
116.80	55.24	53.31	77.64	24.01	1.01
117.40	56.53	53.99	76.77	23.00	0.99
118.00	57.94	54.85	76.44	22.11	0.99
118.60	58.97	55.70	76.56	22.10	0.97
119.20	58.65	56.68	76.29	22.28	0.94
119.80	59.35	57.98	76.48	22.38	0.94
120.40	60.49	59.21	77.27	22.50	0.97
121.00	59.78	59.32	76.90	21.99	1.01
121.60	60.72	59.90	77.50	23.27	0.97
122.20	62.11	60.84	78.98	25.96	0.86
122.80	63.15	62.56	80.34	25.93	0.96
123.40	61.38	61.45	80.65	26.79	0.97
124.00	59.21	59.62	80.06	28.73	0.87
124.60	59.91	59.93	80.86	28.67	0.86
125.20	60.30	59.82	81.43	28.33	0.87
125.80	59.96	58.95	81.12	28.98	0.87
126.40	58.33	56.79	79.79	27.96	0.90
127.00	57.42	55.35	78.45	26.81	0.93
127.60	58.81	56.14	78.68	28.49	0.89
128.20	59.01	55.91	78.40	28.28	0.89
128.80	58.11	54.79	77.24	25.07	0.94
129.40	57.49	54.46	75.98	24.14	0.95
130.00	57.63	54.89	75.29	24.61	0.92
130.60	59.54	56.65	76.05	26.35	0.87
131.20	59.91	57.29	76.36	27.24	0.85
131.80	60.22	57.68	76.22	27.24	0.85
132.40	62.22	58.86	77.00	26.58	0.85
133.00	62.67	58.88	77.57	26.19	0.87
133.60	62.80	58.99	77.96	26.13	0.87
134.20	64.02	60.52	80.05	24.86	0.90
134.80	64.66	61.41	81.77	25.75	0.91
135.40	64.53	61.15	82.63	27.48	0.90
136.00	63.41	59.24	82.28	28.59	0.91
136.60	64.34	58.98	83.66	29.14	0.92
137.20	64.48	58.63	84.65	29.33	0.93
137.80	63.20	57.74	83.77	29.45	0.93
138.40	62.28	57.29	82.95	27.69	0.96
139.00	61.67	56.86	82.18	26.86	0.97
139.60	61.35	56.37	81.46	28.58	0.93
140.20	60.65	55.82	80.52	27.83	0.94
140.80	60.55	55.84	79.73	26.63	0.95
141.40	61.65	56.86	79.55	26.80	0.93
142.00	61.71	56.76	78.68	26.43	0.92
142.60	63.48	59.06	79.07	26.66	0.90
143.20	67.26	64.02	82.62	28.71	0.84
143.80	68.43	64.04	84.82	30.14	0.84
144.40	68.27	63.50	86.10	29.86	0.88
145.00	68.53	64.25	87.34	28.52	0.92
145.60	70.14	66.95	91.46	29.53	0.91
146.20	69.19	66.01	92.63	30.17	0.93
146.80	67.23	63.72	91.95	29.26	0.98
147.40	64.86	61.17	90.51	26.22	1.04
148.00	64.72	60.66	89.94	23.03	1.10
148.60	64.91	60.54	89.39	21.18	1.13
149.20	64.33	59.84	87.83	24.79	1.05
149.80	62.80	58.38	85.69	27.03	0.99
150.40	60.54	56.34	82.64	26.08	0.99
151.00	59.81	55.54	80.97	25.14	1.00
151.60	59.43	55.08	79.82	24.71	0.99
152.20	58.72	54.36	78.22	26.00	0.95
152.80	59.12	55.13	77.16	26.01	0.93
153.40	60.16	56.44	76.64	24.68	0.92
154.00	61.45	57.58	76.27	22.11	0.93
154.60	62.02	58.02	75.85	21.59	0.93
155.20	63.40	59.32	76.40	23.03	0.90
155.80	66.18	62.04	78.54	25.80	0.84
156.40	67.37	63.17	80.88	26.08	0.86
157.00	68.12	64.45	82.85	25.40	0.88
157.60	67.92	64.70	84.24	24.96	0.89
158.20	66.19	62.63	84.24	28.44	0.88
158.80	64.27	61.90	84.67	29.34	0.89
159.40	62.89	61.50	85.11	28.69	0.91
160.00	62.44	60.56	84.99	28.09	0.94
160.60	61.12	60.29	84.54	26.68	0.96
161.20	59.84	59.77	83.85	25.17	0.97
161.80	59.23	58.30	83.02	26.37	0.96
162.40	59.52	56.72	82.01	26.78	0.97
163.00	60.12	55.95	81.01	26.17	0.99
163.60	60.72	56.82	81.72	26.36	0.98
164.20	58.91	55.78	80.16	25.15	0.98
164.80	57.68	55.32	78.16	24.34	0.97
165.40	58.57	56.59	77.03	26.53	0.89
166.00	61.98	59.06	78.54	22.87	0.94
166.60	65.11	61.61	80.28	20.66	0.98
167.20	64.20	60.42	79.81	22.43	0.95
167.80	60.63	56.94	76.79	26.45	0.86
168.40	58.29	55.30	74.82	23.42	0.90
169.00	58.59	54.82	74.00	22.27	1.00
169.60	59.71	56.50	74.63	23.90	0.93
170.20	59.83	57.56	74.86	25.27	0.84
170.80	59.47	57.70	73.79	24.67	0.84
171.40	60.59	58.56	74.70	22.25	0.89
172.00	63.17	60.81	77.00	24.17	0.86
172.60	63.19	60.56	78.16	26.23	0.85
173.20	62.10	59.30	78.02	26.85	0.86
173.80	61.38	58.48	78.81	27.79	0.86
174.40	60.55	57.64	79.35	29.76	0.85
175.00	59.71	56.58	80.06	31.17	0.84
175.60	58.79	55.67	80.98	31.48	0.84
176.20	57.79	55.62	81.27	28.99	0.92
176.80	56.19	54.54	80.72	27.21	0.97
177.40	54.49	52.79	79.14	26.91	0.99
178.00	54.61	52.62	78.95	26.24	1.01
>>>>>>> 4966aae922150d281e7f47d431009d8054258bc0
178.60	56.57	54.01	80.15	25.19	1.02