TIEMPO	VFSCd	VFSCi	PAMn	PCC	RAP
0.40	61.98	53.74	83.45	10.37	1.35
1.00	62.94	55.30	84.46	4.86	1.43
1.60	63.02	56.04	84.51	2.29	1.45
2.20	61.80	55.82	83.28	3.54	1.41
2.80	61.38	55.26	82.73	3.27	1.42
3.40	61.71	55.32	82.82	1.63	1.47
4.00	63.36	57.41	83.77	-0.21	1.46
4.60	63.84	58.18	83.99	-1.20	1.45
5.20	63.34	57.74	83.12	-1.17	1.43
5.80	63.99	57.50	83.03	-0.83	1.44
6.40	65.09	58.09	83.39	-2.37	1.46
7.00	66.62	59.64	84.15	-6.95	1.52
7.60	65.97	60.18	83.62	-8.92	1.52
8.20	65.16	60.45	82.84	-8.49	1.49
8.80	65.27	60.50	82.80	-5.02	1.43
9.40	66.02	61.62	82.92	-4.23	1.41
10.00	66.51	62.64	83.03	-6.00	1.41
10.60	65.22	61.91	82.42	-3.73	1.37
11.20	64.46	61.57	81.76	-1.11	1.32
11.80	64.43	61.63	81.26	0.43	1.29
12.40	64.90	60.75	81.84	0.91	1.32
13.00	64.98	59.60	82.48	2.17	1.33
13.60	64.08	58.41	82.34	6.74	1.26
14.20	64.03	57.83	82.97	3.91	1.34
14.80	64.13	57.69	83.97	0.63	1.43
15.40	63.96	57.95	85.08	5.30	1.36
16.00	63.79	57.46	85.55	7.84	1.33
16.60	63.08	56.44	85.61	8.08	1.35
17.20	61.25	54.89	85.89	8.90	1.39
17.80	61.69	55.11	86.46	8.47	1.42
18.40	62.55	55.68	87.12	7.05	1.43
19.00	61.45	54.85	85.82	3.19	1.50
19.60	60.88	54.51	84.75	1.53	1.51
20.20	61.01	54.81	84.50	4.25	1.45
20.80	60.45	55.12	83.95	1.98	1.48
21.40	59.91	55.38	83.21	-0.70	1.50
22.00	59.70	55.56	82.23	1.86	1.44
22.60	59.87	55.26	81.39	3.05	1.40
23.20	60.33	54.83	80.75	1.93	1.42
23.80	60.78	55.14	80.42	0.79	1.42
24.40	61.45	55.84	80.29	1.09	1.41
25.00	62.61	56.83	80.21	4.93	1.32
25.60	62.96	57.70	80.53	4.68	1.31
26.20	63.31	58.56	81.03	2.43	1.34
26.80	64.56	59.66	82.00	0.71	1.35
27.40	64.52	60.04	82.13	-0.26	1.36
28.00	63.50	59.90	81.16	-0.57	1.35
28.60	63.85	60.02	81.06	2.10	1.30
29.20	64.10	60.57	81.37	2.07	1.30
29.80	63.88	61.82	82.07	-5.05	1.39
30.40	63.79	61.33	81.65	-5.37	1.40
31.00	63.81	60.65	81.00	-2.29	1.36
31.60	63.88	60.73	81.14	0.29	1.32
32.20	64.28	60.47	81.39	2.34	1.29
32.80	64.48	60.02	81.65	3.87	1.28
33.40	64.13	59.69	81.65	4.79	1.27
34.00	62.87	59.07	81.74	5.73	1.27
34.60	62.02	58.41	82.03	6.22	1.28
35.20	63.80	58.17	83.15	0.80	1.41
35.80	63.83	57.37	83.70	-1.67	1.48
36.40	62.58	56.42	83.26	1.61	1.41
37.00	62.98	56.62	84.40	1.38	1.45
37.60	63.45	56.93	85.71	0.86	1.49
38.20	63.61	57.18	86.93	0.66	1.50
38.80	62.33	57.02	86.37	1.51	1.47
39.40	61.29	56.90	85.58	2.61	1.45
40.00	60.80	56.92	85.53	3.02	1.44
40.60	60.26	56.62	85.13	5.27	1.40
41.20	59.80	56.36	84.52	7.34	1.36
41.80	59.54	56.54	83.89	5.31	1.38
42.40	59.20	55.97	83.22	4.45	1.39
43.00	58.87	54.92	82.59	5.85	1.38
43.60	58.84	54.16	80.98	4.22	1.40
44.20	59.36	54.33	79.95	2.37	1.41
44.80	60.51	55.60	80.51	1.86	1.40
45.40	60.90	55.67	80.18	1.91	1.39
46.00	60.67	55.56	79.28	2.17	1.36
46.60	59.84	55.58	77.96	2.87	1.33
47.20	60.46	56.67	77.75	1.50	1.33
47.80	61.87	58.02	78.31	-0.99	1.36
48.40	63.90	59.18	78.74	-2.31	1.36
49.00	63.53	59.22	78.28	-0.51	1.32
49.60	61.97	58.76	76.95	4.20	1.23
50.20	64.40	60.16	77.86	-2.69	1.33
50.80	66.07	61.29	78.89	-7.38	1.39
51.40	66.50	61.98	79.15	-3.24	1.32
52.00	65.37	61.74	78.59	-0.90	1.27
52.60	65.80	62.84	78.94	-1.63	1.28
53.20	67.51	64.92	81.28	-6.55	1.36
53.80	66.21	64.36	81.13	-4.67	0.82
54.40	65.25	63.88	80.35	-2.24	1.51
55.00	65.06	63.78	79.02	-2.19	5.09
55.60	64.88	63.99	83.81	-2.75	4.09
56.20	64.63	63.31	85.35	-1.38	2.33
56.80	64.25	61.64	79.93	2.75	1.56
57.40	64.10	60.92	79.56	2.82	1.31
58.00	63.35	59.20	79.82	2.37	1.28
58.60	61.97	56.33	77.86	3.78	1.29
59.20	62.11	56.26	78.05	2.65	1.33
59.80	62.38	56.35	78.57	1.36	1.36
60.40	62.48	56.26	78.66	1.49	1.35
61.00	61.53	54.84	77.21	0.70	1.36
61.60	61.37	54.63	76.43	0.46	1.37
62.20	62.61	55.99	77.63	1.64	1.35
62.80	63.29	57.05	78.09	2.59	1.32
63.40	63.14	57.43	77.96	3.19	1.29
64.00	61.83	56.85	77.21	4.47	1.27
64.60	62.35	57.14	77.51	1.51	1.32
65.20	62.74	57.62	78.48	-3.96	1.42
65.80	61.10	57.65	78.14	-2.87	1.39
66.40	59.59	57.87	77.77	-3.02	1.39
67.00	58.69	58.18	77.58	-5.34	1.42
67.60	59.84	57.89	77.36	-4.53	1.41
68.20	59.80	58.15	77.10	-3.30	1.38
68.80	58.67	58.88	76.76	-2.57	1.34
69.40	59.60	59.13	76.72	-4.70	1.38
70.00	60.32	58.97	76.40	-5.07	1.37
70.60	59.69	58.34	75.25	0.18	1.26
71.20	60.36	59.09	75.30	-0.31	1.26
71.80	61.18	59.75	75.76	-2.17	1.30
72.40	61.65	59.71	75.92	0.17	1.25
73.00	61.17	58.43	75.43	-0.38	1.27
73.60	61.72	58.21	75.00	-2.56	1.33
74.20	64.95	60.67	76.91	0.06	1.26
74.80	64.95	61.00	78.16	-0.04	1.27
75.40	63.46	60.23	78.55	-2.28	1.33
76.00	61.85	59.07	78.00	1.59	1.27
76.60	61.80	59.29	77.99	2.19	1.27
77.20	62.55	59.74	78.61	-1.19	1.34
77.80	61.60	58.62	78.55	0.17	1.33
78.40	60.30	57.54	77.86	2.31	1.30
79.00	58.83	56.74	76.48	3.50	1.28
79.60	59.30	56.63	76.04	3.93	1.26
80.20	59.83	56.65	75.85	3.84	1.26
80.80	59.21	56.45	74.96	3.87	1.25
81.40	59.28	56.38	74.16	2.39	1.27
82.00	60.12	56.49	73.59	-1.16	1.31
82.60	60.98	58.02	74.15	0.26	1.27
83.20	62.12	58.56	75.02	2.12	1.24
83.80	63.42	58.01	75.46	1.48	1.26
84.40	65.52	59.03	78.18	3.13	1.26
85.00	66.41	59.64	80.79	3.44	1.28
85.60	66.00	59.64	81.90	-0.40	1.36
86.20	65.97	59.73	83.15	4.02	1.31
86.80	65.67	59.49	84.14	6.64	1.29
87.40	65.12	58.87	84.98	-2.91	1.48
88.00	63.02	57.68	84.29	-1.65	1.48
88.60	60.77	56.44	82.79	5.66	1.36
89.20	59.85	55.65	82.45	7.14	1.35
89.80	58.90	54.86	82.04	7.11	1.35
90.40	57.76	54.05	80.99	7.33	1.34
91.00	56.24	52.98	79.68	8.31	1.32
91.60	55.09	52.16	78.29	9.74	1.30
92.20	55.98	52.38	78.50	5.72	1.38
92.80	57.07	52.95	79.06	2.01	1.45
93.40	58.13	53.92	79.08	2.97	1.40
94.00	58.53	54.31	79.53	2.65	1.40
94.60	58.91	54.85	80.51	1.16	1.44
95.20	60.46	56.97	80.59	0.63	1.40
95.80	60.20	56.87	81.81	4.61	1.34
96.40	59.92	56.38	84.16	12.57	1.26
97.00	62.18	58.42	86.04	2.27	1.44
97.60	63.33	58.17	86.34	-4.22	1.53
98.20	64.56	58.09	85.52	-4.16	1.53
98.80	67.71	60.97	89.45	-4.57	1.54
99.40	68.55	62.36	91.85	-4.44	1.53
100.00	67.41	61.76	91.65	-3.82	1.51
100.60	64.75	59.16	88.70	-2.73	1.50
101.20	64.79	58.81	88.30	-3.89	1.55
101.80	63.99	58.23	87.81	-3.52	1.56
102.40	61.52	57.16	85.24	1.32	1.44
103.00	61.53	56.42	83.49	2.05	1.42
103.60	61.27	56.10	82.40	-0.46	1.46
104.20	60.09	56.30	82.09	-7.06	1.56
104.80	59.71	55.77	80.41	-3.61	1.49
105.40	60.00	55.38	78.69	0.68	1.41
106.00	60.94	55.54	77.99	-2.55	1.43
106.60	62.13	56.13	77.64	-0.79	1.38
107.20	62.85	56.75	77.19	1.78	1.32
107.80	62.50	57.15	76.37	1.44	1.30
108.40	64.43	58.77	76.88	0.62	1.29
109.00	65.74	60.42	77.84	-0.65	1.28
109.60	66.28	61.70	78.83	-2.29	1.29
110.20	67.14	61.97	78.44	-5.50	1.35
110.80	69.11	63.34	80.22	-6.31	1.36
111.40	69.92	64.02	82.24	-4.58	1.34
112.00	68.79	63.28	82.65	-0.13	1.29
112.60	67.83	61.89	82.60	4.06	1.25
113.20	66.51	61.14	82.89	1.97	1.31
113.80	66.88	61.58	84.19	-2.51	1.41
114.40	69.68	63.15	88.11	1.50	1.36
115.00	68.01	61.25	88.10	3.52	1.37
115.60	66.35	59.33	87.26	5.41	1.37
116.20	65.25	57.85	87.54	9.08	1.33
116.80	61.73	55.32	85.20	6.89	1.39
117.40	59.16	53.93	82.91	4.08	1.44
118.00	58.96	54.56	82.21	3.62	1.42
118.60	58.38	54.96	81.81	5.21	1.38
119.20	57.26	54.69	81.06	8.08	1.32
119.80	55.27	53.18	78.42	7.80	1.31
120.40	54.46	52.52	77.13	17.62	1.11
121.00	54.56	52.48	77.43	37.37	0.71
121.60	54.35	53.09	76.46	19.65	1.10
122.20	54.04	53.22	74.57	-1.59	1.51
122.80	53.78	52.82	69.77	-3.82	1.33
123.40	55.08	53.57	70.89	-0.97	1.26
124.00	56.35	54.55	75.82	2.85	1.32
124.60	57.00	55.54	77.50	2.63	1.33
125.20	56.38	55.33	77.06	6.42	1.26
125.80	55.86	55.31	76.48	10.06	1.19
126.40	56.24	56.47	78.34	6.95	1.25
127.00	57.12	57.23	79.53	3.98	1.31
127.60	57.61	57.32	79.60	2.10	1.34
128.20	56.40	56.09	78.53	0.37	1.38
128.80	55.63	55.73	77.78	-0.68	1.40
129.40	55.56	56.35	78.14	-1.11	1.41
130.00	55.66	56.56	77.95	0.77	1.35
130.60	55.66	56.35	77.35	2.16	1.30
131.20	55.23	55.52	75.87	-1.29	1.37
131.80	55.77	55.96	75.23	-3.04	1.39
132.40	56.98	57.22	75.59	-2.20	1.35
133.00	58.00	57.82	75.41	0.42	1.29
133.60	58.70	57.89	75.21	1.71	1.26
134.20	59.09	57.44	75.26	-0.08	1.30
134.80	58.74	57.67	75.41	-0.07	1.29
135.40	58.86	58.13	75.79	0.01	1.29
136.00	60.37	58.58	76.53	-2.22	1.34
136.60	60.93	59.22	77.19	-0.44	1.30
137.20	60.93	59.60	77.41	2.58	1.25
137.80	60.31	59.22	76.61	5.35	1.19
138.40	60.46	59.35	76.88	0.94	1.28
139.00	60.65	59.71	77.37	-3.04	1.35
139.60	60.67	60.31	77.19	2.73	1.24
140.20	59.16	59.02	76.26	2.67	1.24
140.80	58.02	57.83	75.12	-1.83	1.33
141.40	58.95	58.43	75.84	-3.73	1.34
142.00	59.83	59.16	76.57	-0.02	1.27
142.60	60.23	59.41	77.09	8.94	1.14
143.20	59.76	58.32	76.23	1.63	1.27
143.80	58.91	58.26	76.29	-2.12	1.33
144.40	58.80	58.81	77.46	0.07	1.30
145.00	62.07	59.96	78.61	0.45	1.30
145.60	62.68	59.69	78.61	0.36	1.30
146.20	60.43	58.07	76.67	0.35	1.31
146.80	60.61	58.41	77.00	0.07	1.31
147.40	60.94	58.71	77.79	0.30	1.31
148.00	61.21	58.50	78.07	1.82	1.30
148.60	59.92	58.01	77.34	2.44	1.28
149.20	58.99	57.65	76.15	2.31	1.27
149.80	60.18	57.63	77.01	-4.80	1.39
150.40	61.46	58.44	77.90	-2.75	1.36
151.00	61.99	59.14	78.54	8.21	1.17
151.60	60.45	58.48	77.65	9.16	1.16
152.20	60.87	58.92	77.92	3.61	1.25
152.80	61.94	59.62	79.32	-5.50	1.41
153.40	62.38	59.81	79.57	-6.65	1.44
154.00	61.15	58.55	78.78	-4.06	1.40
154.60	60.68	57.53	77.64	-0.39	1.34
155.20	63.53	58.11	79.31	-4.61	1.43
155.80	62.90	57.87	79.37	-2.96	1.41
156.40	61.26	57.14	77.87	3.29	1.29
157.00	61.01	56.12	76.65	3.65	1.29
157.60	61.05	56.10	75.71	2.74	1.29
158.20	60.91	56.44	75.02	1.47	1.29
158.80	59.71	55.84	73.98	1.30	1.29
159.40	58.90	55.93	73.04	0.24	1.30
160.00	58.65	57.16	72.51	-3.65	1.33
160.60	59.65	57.36	71.76	-1.60	1.27
161.20	61.01	57.62	71.27	1.57	1.21
161.80	62.42	58.51	71.79	-0.62	1.23
162.40	62.41	60.26	72.50	-3.03	1.25
163.00	62.52	62.02	73.36	-4.92	1.25
163.60	64.29	62.73	73.84	-1.98	1.20
164.20	66.52	64.79	75.41	-3.06	1.21
164.80	68.18	66.62	77.77	-6.86	1.27
165.40	69.03	66.86	79.48	0.20	1.17
166.00	66.55	65.85	79.80	4.07	1.13
166.60	64.77	64.37	79.67	3.74	1.18
167.20	66.45	62.83	81.71	-0.12	1.28
167.80	65.84	61.61	82.65	1.81	1.29
168.40	63.86	59.92	82.53	6.06	1.26
169.00	61.19	57.23	81.42	9.40	1.24
169.60	60.68	55.45	80.91	8.75	1.29
170.20	60.68	54.33	80.79	5.72	1.37
170.80	59.79	53.62	79.86	6.30	1.36
171.40	59.06	52.87	78.60	6.04	1.36
172.00	58.65	52.29	77.15	4.71	1.37
172.60	58.94	52.59	76.07	1.13	1.42
173.20	59.02	52.99	75.20	0.34	1.41
173.80	58.95	53.37	74.53	3.37	1.33
174.40	57.86	53.09	73.52	2.76	1.32
175.00	58.49	53.30	72.92	2.49	1.31
175.60	61.00	54.13	73.15	5.36	1.24
176.20	61.23	55.46	74.00	4.58	1.25
176.80	61.93	56.83	75.02	2.87	1.27
177.40	63.17	57.89	76.03	1.53	1.29
178.00	62.20	56.84	75.99	0.22	1.31
178.60	63.99	58.29	77.21	-0.34	1.32
179.20	65.68	60.23	79.51	-0.21	1.32
179.80	64.96	61.00	80.81	0.44	1.31
180.40	63.42	60.32	80.15	-0.99	1.33
181.00	62.44	59.93	79.52	-1.94	1.35
181.60	62.86	60.93	80.63	0.98	1.30
182.20	62.49	60.27	80.57	-5.17	1.40
182.80	61.29	59.16	79.63	-9.90	1.48
183.40	58.54	58.03	77.98	-2.88	1.38
184.00	58.88	58.41	77.63	-2.89	1.37
184.60	59.88	58.86	77.74	-5.05	1.40
185.20	60.26	58.67	77.54	-4.22	1.38
185.80	60.02	57.82	77.03	-0.39	1.33