TIEMPO	VFSCd	VFSCi	PAMn	PCC	RAP
0.40	66.60	60.78	68.57	4.50	1.06
1.00	67.99	60.54	69.36	-6.47	1.23
1.60	68.66	60.49	69.85	-9.77	1.30
2.20	68.65	60.81	69.95	-8.05	1.28
2.80	68.18	61.38	69.59	-5.01	1.21
3.40	68.38	60.90	68.52	-5.20	1.20
4.00	68.38	62.02	70.22	-5.76	1.22
4.60	68.93	64.41	71.88	-11.62	1.29
5.20	66.77	62.63	71.36	-11.58	1.28
5.80	64.21	59.77	69.67	-3.25	1.18
6.40	64.06	59.67	70.53	-0.00	1.17
7.00	64.23	59.37	71.41	1.00	1.17
7.60	63.74	58.90	71.80	0.68	1.19
8.20	62.05	58.24	71.60	-0.91	1.23
8.80	61.91	57.91	71.02	0.58	1.20
9.40	61.75	57.44	70.45	1.42	1.18
10.00	60.96	56.62	70.11	-0.67	1.23
10.60	60.52	55.60	69.76	-3.94	1.31
11.20	60.12	55.11	69.80	-4.33	1.33
11.80	59.87	55.20	70.40	-0.03	1.26
12.40	60.45	55.16	71.70	1.48	1.26
13.00	60.06	56.42	72.82	-0.30	1.28
13.60	59.76	56.19	73.93	-4.65	1.38
14.20	60.03	55.34	75.21	-8.86	1.50
14.80	60.89	56.93	76.48	-6.35	1.44
15.40	60.30	56.49	76.64	-8.46	1.48
16.00	58.60	56.11	76.09	-5.58	1.43
16.60	57.44	56.08	75.37	-0.78	1.34
17.20	57.81	56.34	75.03	-4.07	1.39
17.80	57.50	56.70	73.84	-5.60	1.39
18.40	57.89	56.23	72.90	-5.06	1.37
19.00	58.68	56.08	72.68	-3.35	1.34
19.60	59.50	57.11	73.05	-1.75	1.29
20.20	60.12	57.13	73.01	-2.08	1.30
20.80	59.60	57.14	72.70	-1.79	1.29
21.40	59.34	57.13	72.37	-1.71	1.28
22.00	60.36	57.03	72.32	-4.93	1.35
22.60	60.63	56.57	71.96	-9.15	1.41
23.20	61.25	58.23	72.03	-9.17	1.39
23.80	61.68	59.41	72.51	-5.85	1.31
24.40	61.66	58.70	72.98	-1.77	1.25
25.00	62.20	57.91	73.02	-5.34	1.34
25.60	61.80	58.05	72.89	-9.78	1.42
26.20	61.17	58.21	72.67	-11.43	1.43
26.80	61.09	58.32	72.41	-8.96	1.37
27.40	62.12	59.13	73.01	-9.32	1.37
28.00	61.92	57.80	72.66	-6.08	1.32
28.60	62.01	58.03	72.43	-4.81	1.30
29.20	62.29	58.67	72.55	-6.49	1.33
29.80	62.20	57.82	71.67	-3.57	1.28
30.40	62.49	58.25	72.51	-12.10	1.42
31.00	61.91	59.31	72.49	-9.44	1.36
31.60	61.91	60.24	72.20	-6.34	1.29
32.20	62.44	60.57	72.25	-10.89	1.36
32.80	61.94	59.98	71.39	-4.86	1.24
33.40	62.77	61.41	71.81	-7.15	1.27
34.00	63.83	61.11	72.37	-10.58	1.34
34.60	64.66	60.42	72.67	-10.93	1.36
35.20	65.09	60.30	72.94	-8.00	1.32
35.80	64.55	60.06	72.58	0.71	1.18
36.40	66.27	61.15	73.76	-6.45	1.30
37.00	66.90	60.33	74.26	-11.37	1.39
37.60	67.27	60.00	74.59	-12.87	1.43
38.20	67.29	60.47	74.95	-12.70	1.43
38.80	67.06	61.04	74.70	-11.68	1.39
39.40	67.73	60.00	74.90	-15.40	1.46
40.00	67.23	60.67	74.82	-4.38	1.29
40.60	67.24	61.56	74.97	-4.74	1.29
41.20	66.86	61.54	74.81	-9.28	1.35
41.80	66.05	60.79	74.11	-9.68	1.36
42.40	65.76	60.39	73.96	-14.40	1.44
43.00	64.99	61.03	73.67	-10.07	1.36
43.60	64.65	61.70	73.41	-9.23	1.33
44.20	64.24	61.62	73.04	-9.87	1.32
44.80	63.60	61.55	72.51	-9.59	1.30
45.40	63.03	61.81	71.93	-9.07	1.30
46.00	63.56	61.09	71.54	-1.70	1.20
46.60	64.09	62.42	71.79	-2.73	1.19
47.20	63.93	63.25	71.72	-7.88	1.24
47.80	64.10	63.36	71.39	-12.95	1.30
48.40	65.20	63.40	72.21	-16.77	1.37
49.00	66.51	63.74	71.99	-9.35	1.26
49.60	66.42	64.70	72.47	-6.14	1.21
50.20	66.69	64.89	71.94	-4.04	1.16
50.80	67.52	64.25	71.33	-6.50	1.19
51.40	68.32	63.34	71.51	-13.87	1.32
52.00	67.75	62.62	71.34	-9.50	1.26
52.60	69.15	64.52	71.47	-11.52	1.26
53.20	69.85	64.02	70.90	-13.33	1.35
53.80	69.78	62.90	70.47	-12.79	1.38
54.40	69.65	62.69	70.81	-11.03	1.28
55.00	70.26	64.91	71.34	-10.36	1.24
55.60	67.83	63.44	70.86	-10.33	1.46
56.20	68.12	63.87	71.25	-10.00	1.38
56.80	68.41	64.55	71.62	-8.26	1.21
57.40	68.01	64.70	71.23	-5.86	1.18
58.00	68.60	65.47	71.15	-8.65	1.21
58.60	68.28	64.19	70.65	-12.21	1.27
59.20	69.44	63.59	70.77	-9.62	1.24
59.80	70.46	63.56	71.21	-5.08	1.19
60.40	70.33	63.49	70.62	-10.24	1.26
61.00	69.93	62.35	70.80	-8.23	1.24
61.60	69.57	61.38	70.08	-8.89	1.25
62.20	69.51	61.87	69.92	-8.10	1.24
62.80	69.97	62.39	70.48	-6.40	1.23
63.40	70.90	62.09	70.36	-13.99	1.34
64.00	71.16	62.92	70.45	-10.20	1.23
64.60	69.82	62.80	69.89	-9.44	1.33
65.20	70.20	62.59	69.79	-7.23	1.34
65.80	71.77	62.69	70.59	-2.51	1.15
66.40	71.20	62.87	70.95	-9.26	1.25
67.00	70.80	64.28	71.48	-5.63	1.18
67.60	72.43	63.56	72.08	-12.15	1.30
68.20	74.12	65.83	73.29	-14.27	1.30
68.80	75.11	67.08	74.77	-7.78	1.22
69.40	74.92	65.48	75.12	-7.76	1.46
70.00	72.31	64.65	73.85	-6.66	1.26
70.60	69.71	63.93	73.50	-2.57	1.17
71.20	69.40	62.91	72.74	-4.67	1.23
71.80	69.65	62.31	72.08	-6.81	1.25
72.40	69.07	61.21	71.31	-6.29	1.24
73.00	67.87	60.04	70.23	-3.93	1.23
73.60	67.44	60.65	70.30	-2.39	1.19
74.20	67.27	60.32	69.22	-1.86	1.15
74.80	67.99	60.20	68.91	-7.46	1.26
75.40	69.03	60.63	69.15	-14.01	1.37
76.00	69.90	61.41	69.17	-16.50	1.39
76.60	70.40	61.90	69.54	-10.53	1.28
77.20	70.70	63.08	69.24	-2.14	1.13
77.80	70.68	62.89	69.72	-7.31	1.22
78.40	72.09	64.76	70.78	-13.35	1.30
79.00	72.74	66.09	71.92	-13.32	1.27
79.60	71.35	64.95	73.09	-12.31	1.29
80.20	71.45	64.82	73.32	-11.86	1.30
80.80	71.39	65.12	74.43	-16.11	1.37
81.40	70.33	65.00	74.65	-14.94	1.35
82.00	69.64	64.39	74.31	-11.73	1.31
82.60	69.58	63.59	74.17	-11.29	1.31
83.20	69.09	63.19	73.84	-5.06	1.22
83.80	68.46	64.21	73.90	-11.42	1.30
84.40	69.55	64.34	73.91	-15.53	1.36
85.00	69.78	63.91	73.63	-13.27	1.33
85.60	68.59	63.45	73.08	-6.88	1.23
86.20	68.50	63.59	72.65	-6.18	1.22
86.80	67.87	62.16	71.96	-13.04	1.40
87.40	68.27	62.16	71.68	-17.02	1.25
88.00	68.10	62.18	71.38	-15.73	1.11
88.60	67.19	61.90	70.78	-11.18	1.28
89.20	67.65	63.06	71.40	-17.75	1.39
89.80	68.18	63.10	71.84	-3.74	1.20
90.40	69.07	64.44	72.22	-8.30	1.24
91.00	70.15	63.59	72.13	-15.99	1.35
91.60	70.69	63.11	71.94	-16.93	1.39
92.20	70.69	64.19	72.71	-16.53	1.39
92.80	71.76	63.60	72.85	-6.74	1.17
93.40	70.85	63.63	72.69	-4.27	1.41
94.00	70.92	63.49	72.23	-7.57	1.33
94.60	70.07	62.69	72.43	-9.78	1.28
95.20	68.63	62.04	72.81	-10.14	1.31
95.80	67.39	61.80	72.95	-9.06	1.31
96.40	66.71	61.67	73.22	-4.45	1.25
97.00	65.48	61.32	72.83	-2.14	1.19
97.60	67.19	60.78	72.90	-4.99	1.26
98.20	67.21	61.57	73.12	-7.33	1.29
98.80	67.44	61.65	73.14	-7.72	1.33
99.40	68.27	60.65	72.83	-7.74	1.49
100.00	66.95	60.89	72.46	-6.80	1.31
100.60	67.42	61.65	72.74	-0.39	1.18
101.20	67.40	61.19	72.57	-0.55	1.18
101.80	67.48	61.03	72.32	-3.15	1.21
102.40	67.57	61.02	72.08	-6.45	1.26
103.00	67.61	61.18	71.79	-10.90	1.33
103.60	67.78	61.83	72.22	-11.46	1.33
104.20	66.95	62.37	72.58	-9.38	1.30
104.80	68.37	63.30	72.91	-7.56	1.18
105.40	67.64	61.83	73.03	-6.34	1.42
106.00	67.59	62.86	73.47	-8.40	1.48
106.60	67.60	63.68	73.93	-12.08	1.33
107.20	67.07	63.18	73.69	-12.61	1.33
107.80	66.80	63.66	73.48	-9.12	1.27
108.40	65.69	63.41	73.17	-8.49	1.41
109.00	64.80	63.06	72.90	-8.74	1.33
109.60	64.69	61.95	71.95	-11.41	1.32
110.20	63.99	61.96	71.05	-11.83	1.32
110.80	63.06	62.61	70.68	-8.12	1.24
111.40	63.28	62.07	70.61	-5.65	1.22
112.00	63.35	62.18	70.44	-12.69	1.31
112.60	62.83	61.13	70.18	-9.68	1.26
113.20	62.96	60.84	70.11	-5.89	1.23
113.80	63.82	61.53	70.13	-5.18	1.22
114.40	64.43	61.57	70.05	-4.94	1.20
115.00	64.65	60.88	69.75	-2.23	1.16
115.60	65.18	61.26	69.93	-9.40	1.29
116.20	64.21	60.84	70.01	-7.19	1.25
116.80	64.04	61.99	69.80	-11.32	1.31
117.40	64.21	61.04	69.30	-10.56	1.29
118.00	64.46	60.28	69.02	-10.00	1.29
118.60	65.34	60.50	68.98	-10.66	1.31
119.20	66.65	61.09	68.86	-7.58	1.25
119.80	67.37	61.29	68.52	-7.15	1.23
120.40	70.19	62.52	68.94	-11.28	1.25
121.00	71.32	65.56	70.26	-8.63	1.19
121.60	70.97	64.66	70.16	-12.11	1.25
122.20	70.75	63.62	69.30	-7.72	1.18
122.80	69.74	63.60	69.10	-6.78	1.17
123.40	69.66	63.78	69.33	-12.90	1.27
124.00	70.18	64.03	69.42	-15.90	1.31
124.60	70.54	64.05	69.82	-11.36	1.24
125.20	70.66	63.45	69.86	-4.83	1.14
125.80	69.39	63.60	70.06	1.43	1.08
126.40	68.95	63.40	69.45	-11.79	1.27
127.00	69.10	63.07	69.85	-10.70	1.25
127.60	69.46	63.91	70.54	-6.35	1.20
128.20	68.58	62.57	71.07	-4.31	1.18
128.80	67.57	62.35	71.71	-5.41	1.21
129.40	67.75	63.00	72.42	-7.07	1.25
130.00	68.42	62.94	72.95	-6.02	1.22
130.60	67.92	62.10	74.28	-15.86	1.42
131.20	66.62	62.38	73.58	-6.35	1.27
131.80	66.23	62.46	73.83	-4.53	1.26
132.40	65.85	62.08	73.60	-4.48	1.26
133.00	66.30	61.57	73.42	-2.20	1.23
133.60	66.85	61.49	73.70	-1.42	1.22
134.20	67.08	61.92	73.92	-7.68	1.30
134.80	67.43	62.61	73.95	-4.58	1.25
135.40	67.47	62.15	73.78	-2.13	1.19
136.00	66.98	61.20	73.63	-0.28	1.19
136.60	65.37	61.19	73.28	-1.54	1.21
137.20	64.27	60.83	72.75	-3.91	1.24
137.80	64.08	60.29	72.21	-5.34	1.31
138.40	64.49	60.02	71.80	-5.17	1.50
139.00	64.37	59.56	70.65	-9.49	1.39
139.60	65.05	59.82	70.39	-3.97	1.23
140.20	64.87	59.59	70.59	-1.09	1.18
140.80	64.67	59.35	70.69	-5.38	1.26
141.40	64.92	59.50	70.60	-12.56	1.39
142.00	65.52	60.01	70.49	-2.98	1.19
142.60	66.92	60.59	71.52	-6.52	1.29
143.20	67.72	59.93	71.77	-6.16	1.27
143.80	68.53	60.77	71.86	-3.90	1.23
144.40	68.75	60.05	71.73	-4.43	1.23
145.00	67.81	60.27	71.60	-4.52	1.24
145.60	66.64	60.57	71.61	-2.88	1.22
146.20	65.80	59.79	71.44	-3.69	1.23
146.80	64.95	58.99	71.33	-12.98	1.40
147.40	64.11	60.20	71.02	-12.08	1.37
148.00	63.18	59.64	70.82	-8.19	1.30
148.60	62.71	58.58	71.04	-5.72	1.28
149.20	62.51	59.06	71.29	-7.54	1.32
149.80	62.47	60.56	71.32	-12.31	1.38
150.40	62.61	61.21	71.17	-4.08	1.23
151.00	62.12	60.14	71.93	-4.58	1.24
151.60	62.59	59.90	71.97	-5.65	1.28
152.20	62.62	60.16	72.49	-8.53	1.34
152.80	62.23	59.93	72.54	-15.21	1.44
153.40	61.86	59.52	72.31	-15.78	1.45
154.00	61.15	59.16	72.21	-6.92	1.32
154.60	59.12	58.77	71.83	-4.27	1.28
155.20	59.56	58.75	71.19	-8.59	1.35
155.80	59.09	57.83	70.19	-13.74	1.44
156.40	59.00	57.45	69.61	-13.62	1.44
157.00	59.77	58.03	69.80	-7.35	1.32
157.60	60.80	58.81	69.68	-5.30	1.28
158.20	61.90	59.83	70.03	-8.84	1.29
158.80	62.99	60.96	70.54	-8.98	1.28
159.40	64.05	61.86	71.66	-5.41	1.23
160.00	65.46	62.23	73.09	-5.35	1.23
160.60	66.36	61.78	73.97	-12.57	1.36
161.20	65.87	60.89	74.06	-12.61	1.53
161.80	66.48	61.59	74.26	-10.43	1.38
162.40	65.46	59.56	74.21	-8.56	1.36
163.00	64.14	60.06	74.26	-2.80	1.27
163.60	63.95	60.12	73.85	-8.38	1.35
164.20	63.90	59.10	73.13	-14.94	1.46
164.80	63.63	58.10	72.46	-13.67	1.48
165.40	63.44	58.39	72.35	-10.50	1.42
166.00	63.21	58.86	72.27	-6.02	1.30
166.60	63.20	58.67	71.92	-8.27	1.34
167.20	62.25	58.21	71.28	-9.49	1.38
167.80	61.58	58.27	70.89	-7.17	1.34
168.40	61.20	57.96	70.76	-5.18	1.30
169.00	61.01	57.42	70.55	-8.56	1.35
169.60	61.40	58.33	70.24	-14.15	1.42
170.20	61.25	58.63	70.25	-5.89	1.28
170.80	62.92	58.27	70.60	-6.18	1.32
171.40	63.39	59.47	70.40	-10.10	1.36
172.00	62.83	59.32	70.04	-10.92	1.34
172.60	64.32	59.82	70.48	-9.72	1.33
173.20	66.35	60.93	71.87	-9.21	1.31
173.80	66.04	60.84	72.51	-6.32	1.28
174.40	65.27	60.48	72.03	-4.42	1.25
175.00	64.05	59.11	71.08	-3.02	1.22
175.60	65.63	58.42	70.26	-14.68	1.44
176.20	64.21	57.42	69.05	-4.80	1.26
176.80	63.76	56.75	68.05	-0.93	1.18
177.40	63.04	56.21	67.20	-4.23	1.24
178.00	62.64	55.55	66.30	-8.79	1.33
178.60	63.33	54.83	65.30	-11.64	1.37
179.20	63.30	55.72	64.62	-5.71	1.25