TIEMPO	VFSCd	VFSCi	PAMn	PCC	RAP
0.40	48.05	44.20	86.64	-2.96	2.02
1.00	47.61	44.61	85.24	0.07	1.87
1.60	47.98	45.82	86.01	-10.77	2.10
2.20	51.38	47.88	86.86	-21.86	2.28
2.80	53.26	49.72	90.48	-4.52	1.89
3.40	54.22	51.00	92.50	-3.33	1.86
4.00	54.47	50.66	93.48	0.34	1.82
4.60	53.74	50.01	92.91	-6.88	1.98
5.20	52.01	48.11	91.12	-2.93	1.93
5.80	50.09	46.14	88.23	-2.99	1.96
6.40	49.50	45.60	85.32	-10.44	2.10
7.00	50.05	46.29	83.95	-10.43	2.03
7.60	50.26	46.87	83.50	-1.37	1.78
8.20	50.20	46.58	83.27	-6.15	1.90
8.80	50.13	47.18	83.55	7.73	1.61
9.40	50.28	47.32	82.96	-4.60	1.85
10.00	50.36	47.97	84.14	-17.02	2.10
10.60	51.45	50.54	87.17	-17.47	2.07
11.20	53.67	51.52	89.86	-15.80	2.07
11.80	55.32	51.42	91.03	-2.08	1.78
12.40	55.14	50.24	91.18	-10.61	2.00
13.00	55.11	49.62	90.69	-1.83	1.85
13.60	55.27	48.91	90.49	-15.96	2.15
14.20	54.35	48.96	89.48	-24.92	2.32
14.80	54.14	48.45	87.71	-13.81	2.07
15.40	54.48	48.00	86.08	-3.90	1.85
16.00	54.62	48.47	85.73	-6.63	1.89
16.60	54.33	49.21	86.58	-8.48	1.93
17.20	53.34	49.17	86.09	-16.83	2.09
17.80	52.65	49.12	84.72	-11.41	1.94
18.40	53.00	49.63	84.24	-14.81	1.97
19.00	52.99	50.16	83.45	-23.48	2.14
19.60	55.19	52.92	86.60	-23.16	2.07
20.20	56.89	54.51	88.74	-17.56	1.92
20.80	57.75	53.87	89.72	-22.61	2.06
21.40	57.16	54.10	89.84	-15.46	1.94
22.00	56.30	53.09	89.29	-4.66	1.75
22.60	56.26	51.28	87.87	-20.28	2.23
23.20	56.14	51.50	88.39	-16.74	2.68
23.80	57.02	52.88	88.39	-4.02	1.75
24.40	56.16	51.73	87.94	-11.25	1.88
25.00	53.82	50.68	86.81	-12.28	1.91
25.60	52.49	49.80	86.33	-5.76	1.81
26.20	50.28	47.66	85.23	-3.86	1.82
26.80	49.59	46.52	85.03	-0.44	1.81
27.40	48.49	45.38	85.63	-12.17	2.13
28.00	49.77	46.38	88.17	4.32	1.79
28.60	51.58	47.69	90.54	-14.60	2.17
29.20	51.88	46.89	92.01	-0.45	1.95
29.80	51.21	47.26	92.28	2.89	1.88
30.40	48.82	46.04	90.28	-7.41	2.12
31.00	49.18	45.51	90.30	6.18	1.83
31.60	49.69	47.12	90.10	-25.83	2.42
32.20	50.21	46.53	89.00	-11.20	2.14
32.80	49.20	47.01	87.12	-6.86	2.01
33.40	49.30	46.67	85.01	-0.71	1.82
34.00	49.63	46.64	83.07	-9.57	1.97
34.60	49.92	46.97	81.62	-2.08	1.77
35.20	51.24	48.29	82.34	0.81	1.67
35.80	51.81	49.30	83.40	-13.68	1.94
36.40	53.40	49.91	84.41	-16.91	2.02
37.00	53.88	51.33	84.23	-13.26	1.82
37.60	54.81	51.95	85.41	-11.70	2.18
38.20	55.69	53.19	86.60	-14.51	2.04
38.80	55.94	53.98	87.86	-7.36	1.74
39.40	55.99	53.31	88.25	-0.99	1.66
40.00	55.14	52.49	87.44	-2.18	1.69
40.60	54.99	51.98	86.16	-7.98	1.79
41.20	53.76	51.09	84.67	-5.49	1.75
41.80	51.97	49.69	82.92	2.81	1.59
42.40	52.07	48.89	81.36	-13.86	1.92
43.00	53.38	50.13	82.26	-12.35	1.88
43.60	54.18	52.22	84.05	-10.59	1.82
44.20	55.05	53.65	86.18	-18.23	1.94
44.80	55.44	53.94	87.99	-20.82	2.01
45.40	55.65	54.11	89.41	-10.08	1.83
46.00	55.45	53.97	89.79	-17.87	1.98
46.60	54.48	52.04	88.57	-5.29	1.78
47.20	53.85	52.60	87.82	1.35	1.63
47.80	55.04	52.87	88.28	-9.04	1.82
48.40	55.16	52.71	88.96	-1.54	1.69
49.00	54.73	52.09	87.42	-1.24	1.68
49.60	52.84	50.80	83.72	-10.42	1.84
50.20	53.40	50.05	83.09	2.00	1.61
50.80	54.69	52.03	84.64	-18.27	1.94
51.40	55.36	52.10	85.80	1.05	1.62
52.00	55.45	53.03	86.96	-23.11	2.03
52.60	54.83	52.24	85.98	-17.07	1.95
53.20	55.31	52.54	85.94	-1.03	1.66
53.80	56.46	53.02	87.28	-22.27	2.04
54.40	57.40	54.58	89.39	-10.92	1.83
55.00	57.41	56.09	90.43	-11.19	1.83
55.60	56.20	53.89	90.82	-11.07	2.14
56.20	53.93	52.97	90.28	-7.75	1.83
56.80	54.40	51.75	89.80	-3.60	1.80
57.40	53.16	51.14	89.48	-12.94	1.98
58.00	52.55	50.58	89.73	-0.45	1.77
58.60	50.94	49.42	89.15	-2.06	1.84
59.20	49.94	47.89	88.12	-1.47	1.84
59.80	48.78	48.40	86.34	-9.25	1.97
60.40	49.29	47.26	84.71	-18.05	2.15
61.00	49.38	47.48	84.28	-3.88	1.86
61.60	51.15	49.88	85.58	-16.89	2.03
62.20	53.41	49.99	87.59	-17.78	2.10
62.80	54.20	52.54	89.22	-8.11	1.86
63.40	53.31	51.61	89.82	-3.29	1.78
64.00	52.29	50.86	89.95	-9.43	1.92
64.60	51.50	48.98	88.95	-17.84	2.14
65.20	51.65	48.84	89.11	-18.69	2.20
65.80	52.69	48.71	90.59	-3.08	1.89
66.40	53.86	51.14	91.56	-8.80	1.93
67.00	53.98	51.15	90.89	-8.47	2.38
67.60	52.86	50.38	89.32	-10.94	1.98
68.20	52.15	49.05	87.02	-20.96	2.15
68.80	52.12	49.38	84.06	-6.98	1.83
69.40	51.61	50.48	82.70	-14.20	1.90
70.00	53.52	51.34	83.64	-25.12	2.09
70.60	54.78	52.71	84.04	-22.15	2.01
71.20	54.88	53.20	84.30	-17.35	1.89
71.80	53.71	53.17	84.90	-10.25	1.78
72.40	54.96	52.44	84.47	-8.26	1.74
73.00	54.88	51.98	84.52	-22.20	2.05
73.60	55.03	52.76	85.99	-6.72	1.75
74.20	56.08	53.47	87.06	-5.26	1.70
74.80	55.91	52.89	87.08	-17.64	1.98
75.40	54.74	52.54	86.01	-22.40	2.03
76.00	53.59	51.79	83.86	-5.78	1.71
76.60	53.10	51.06	83.41	-10.33	1.81
77.20	52.71	52.47	84.36	-18.02	1.93
77.80	53.86	53.40	85.48	-15.65	1.89
78.40	53.11	51.11	85.14	-9.04	1.83
79.00	50.88	50.04	83.06	4.12	1.55
79.60	50.21	48.91	82.15	-15.90	1.98
80.20	50.12	48.31	81.64	-8.75	1.86
80.80	51.65	47.38	83.19	1.86	1.68
81.40	53.06	49.41	85.14	-5.71	1.81
82.00	53.66	50.72	88.77	2.43	1.69
82.60	54.27	50.83	89.92	-7.33	1.84
83.20	54.03	51.57	90.61	-20.54	2.33
83.80	53.67	50.86	91.32	2.89	1.82
84.40	51.97	48.82	90.04	-9.38	2.02
85.00	52.98	49.22	89.44	-17.45	2.16
85.60	51.32	48.96	89.28	2.54	1.74
86.20	52.15	50.39	93.01	-2.25	1.85
86.80	52.44	49.91	96.44	-10.90	2.13
87.40	50.57	48.64	97.49	-21.63	2.39
88.00	48.53	46.25	96.63	-8.60	2.20
88.60	46.44	44.26	95.91	-4.60	1.84
89.20	46.08	42.45	94.99	5.57	2.06
89.80	45.15	41.13	93.57	-14.68	2.60
90.40	44.56	40.26	91.28	-14.78	1.94
91.00	44.37	39.99	89.16	-1.83	2.26
91.60	44.63	40.22	87.65	3.30	2.05
92.20	43.86	39.42	85.66	4.69	2.06
92.80	43.95	39.32	84.70	-7.38	2.33
93.40	45.55	40.76	85.85	-4.69	2.20
94.00	46.50	43.38	87.86	4.83	1.92
94.60	46.98	44.78	89.41	-3.93	2.05
95.20	47.27	44.47	89.00	-5.74	2.11
95.80	47.64	45.12	89.48	-1.64	2.00
96.40	49.84	46.37	90.46	-1.31	1.93
97.00	50.29	46.74	91.02	-9.36	2.10
97.60	49.46	45.53	89.13	-8.67	2.14
98.20	49.23	45.33	86.61	-4.92	2.00
98.80	48.60	44.08	83.32	-7.77	2.05
99.40	49.43	44.75	82.13	-10.58	2.07
100.00	50.84	47.24	83.44	-3.62	1.81
100.60	52.47	48.01	84.69	-13.19	2.02
101.20	53.40	49.06	85.39	-7.76	1.88
101.80	53.07	49.56	85.35	-9.38	1.86
102.40	53.53	50.28	84.22	-3.35	1.72
103.00	54.01	50.66	85.32	-12.88	1.90
103.60	53.48	52.32	87.31	-6.07	1.80
104.20	55.16	53.37	90.18	-5.53	2.21
104.80	55.35	53.49	91.56	-7.90	1.85
105.40	54.31	50.97	92.23	-4.64	1.85
106.00	52.26	49.83	90.61	-1.28	1.83
106.60	52.09	49.48	89.17	-7.49	1.93
107.20	51.14	48.88	87.80	-0.89	1.78
107.80	50.53	48.31	86.14	-0.53	1.77
108.40	48.92	46.68	84.80	3.63	1.71
109.00	47.83	44.94	82.51	1.26	1.80
109.60	48.23	44.73	81.02	2.21	1.76
110.20	49.22	45.85	82.47	5.66	1.66
110.80	51.66	48.77	85.69	-13.63	2.02
111.40	52.56	48.81	88.09	-2.90	1.83
112.00	50.15	49.26	89.77	-0.84	1.81
112.60	49.35	48.32	90.56	-2.38	1.89
113.20	49.56	47.25	89.31	5.67	1.74
113.80	48.68	45.54	87.09	-8.30	2.05
114.40	47.84	45.71	86.55	-1.78	1.92
115.00	48.33	46.58	86.46	-5.43	1.95
115.60	50.88	48.16	87.78	-10.45	2.00
116.20	49.39	47.69	87.72	-21.24	2.24
116.80	49.89	46.62	87.93	-6.88	2.00
117.40	49.37	46.75	88.18	4.75	1.75
118.00	49.18	45.35	88.57	-10.74	2.17
118.60	48.45	45.59	88.02	4.86	1.81
119.20	48.29	45.80	88.16	0.05	1.88
119.80	48.66	45.65	88.22	-0.10	1.91
120.40	47.31	46.39	88.18	-11.72	2.13
121.00	46.46	45.55	88.18	3.96	1.82
121.60	47.48	45.90	87.81	-1.45	1.92
122.20	47.21	45.21	86.68	-15.08	2.24
122.80	47.30	45.21	85.40	-14.00	2.19
123.40	48.37	47.27	85.31	-0.13	1.81
124.00	50.23	48.27	85.10	-3.94	1.82
124.60	49.68	47.69	83.34	-9.17	1.91
125.20	50.97	48.12	82.05	-8.44	1.87
125.80	51.17	48.69	81.46	-9.84	1.86
126.40	53.10	50.33	83.05	-9.51	1.83
127.00	55.48	53.36	86.77	-4.81	1.72
127.60	56.55	53.63	87.38	-9.54	1.81
128.20	55.72	52.76	85.46	-9.50	1.79
128.80	55.84	54.02	84.98	-4.51	1.63
129.40	59.87	57.25	89.01	-8.96	1.70
130.00	60.16	58.43	91.07	-7.60	1.69
130.60	60.80	57.70	91.32	-9.83	1.73
131.20	59.54	56.11	88.36	-8.68	1.71
131.80	58.58	57.11	88.05	-2.44	1.59
132.40	58.51	56.10	85.95	-9.65	1.69
133.00	57.32	54.89	83.77	-8.66	1.68
133.60	57.13	54.24	83.23	-5.66	1.64
134.20	59.80	56.49	86.25	-6.28	1.63
134.80	59.59	57.24	88.45	-13.07	1.74
135.40	57.51	55.76	88.22	-9.69	1.75
136.00	55.26	54.21	87.01	-3.39	1.64
136.60	52.12	52.15	84.43	2.27	1.55
137.20	51.14	50.42	83.23	-3.77	1.72
137.80	51.64	50.50	83.73	-6.90	1.76
138.40	52.24	52.25	86.37	1.90	1.61
139.00	53.40	53.39	88.27	-1.07	1.66
139.60	51.99	51.92	88.65	-1.92	1.71
140.20	51.41	50.10	88.09	-7.70	1.90
140.80	51.60	49.13	86.93	3.87	1.66
141.40	50.79	46.47	85.41	4.29	1.74
142.00	49.70	47.08	85.34	-21.93	2.25
142.60	50.48	47.12	85.72	-3.38	1.89
143.20	52.12	49.14	87.22	-0.67	1.77
143.80	50.70	49.01	86.60	-2.37	1.80
144.40	51.17	49.46	89.02	-1.29	1.81
145.00	53.44	52.29	92.33	-3.28	1.82
145.60	52.46	51.56	94.22	-8.44	1.96
146.20	52.93	50.83	94.11	1.50	1.80
146.80	52.09	49.06	93.35	2.85	1.81
147.40	52.27	47.63	92.86	2.89	1.68
148.00	51.48	47.83	91.71	9.16	1.69
148.60	50.96	45.98	90.03	7.71	1.79
149.20	51.08	46.14	88.15	-2.14	1.95
149.80	51.46	46.56	86.69	-1.23	1.89
150.40	54.16	48.21	86.47	-21.08	2.21
151.00	55.01	50.56	86.73	-12.16	1.93
151.60	54.58	50.43	86.38	1.25	1.65
152.20	54.74	50.43	85.50	-8.92	1.85
152.80	54.65	51.60	85.03	-19.89	2.03
153.40	56.07	53.07	86.21	-8.40	1.77
154.00	57.98	53.52	87.91	-6.88	1.75
154.60	57.64	53.16	87.29	-19.47	1.98
155.20	56.95	53.45	85.41	-9.52	1.76
155.80	57.59	54.03	85.83	-16.23	1.89
156.40	59.30	55.09	87.65	-11.67	1.82
157.00	61.36	56.56	90.46	-6.52	1.70
157.60	61.38	57.28	91.51	-6.02	1.68
158.20	60.95	57.00	91.74	-3.50	1.66
158.80	59.91	56.20	90.88	-11.77	1.80
159.40	59.37	55.54	89.26	-21.89	1.99
160.00	58.73	55.72	89.21	-8.03	1.73
160.60	58.16	56.19	89.69	-10.07	1.75
161.20	57.28	55.11	89.82	-7.85	1.75
161.80	55.87	54.10	89.98	-9.96	1.81
162.40	54.50	53.00	89.08	-2.40	1.69
163.00	53.63	49.73	87.04	-3.23	1.78
163.60	51.92	47.27	84.36	0.95	1.73
164.20	50.92	47.19	83.27	-7.31	1.91
164.80	53.28	48.53	84.83	-15.21	2.04
165.40	55.44	50.28	88.55	-9.20	1.92
166.00	55.73	51.49	90.33	9.08	1.57
166.60	55.19	50.13	91.24	-11.42	2.02
167.20	54.20	49.20	92.05	0.26	1.84
167.80	53.72	48.59	91.57	6.93	1.74
168.40	52.93	47.87	90.03	-1.84	1.90
169.00	52.74	48.28	89.83	-5.26	1.95
169.60	54.12	49.06	91.47	-11.51	2.07
170.20	55.29	49.92	93.19	-17.23	2.21
170.80	54.78	50.12	93.82	-6.11	1.97
171.40	53.71	48.50	92.55	-5.05	1.97
172.00	51.76	47.07	90.84	-2.02	1.96
172.60	50.37	46.03	88.32	-1.71	1.95
173.20	50.89	45.99	87.22	-2.62	1.92
173.80	51.15	47.25	87.11	-1.14	1.82
174.40	52.39	48.81	89.48	1.77	1.92
175.00	53.50	50.45	92.28	-0.34	2.30
175.60	53.08	51.57	93.90	-2.15	1.84
176.20	52.91	50.08	94.24	2.59	1.81
176.80	51.86	48.24	92.92	-3.73	1.97
177.40	50.62	46.70	91.33	-0.76	1.95
178.00	51.27	46.22	91.30	3.70	1.88
178.60	52.40	47.12	92.43	-3.82	2.01