<<<<<<< HEAD
TIEMPO	VFSCd	VFSCi	PAMn	PCC	RAP
0.40	69.32	55.99	81.01	-15.13	1.70
1.00	67.97	53.62	79.63	-16.36	1.77
1.60	67.70	53.60	79.17	-12.93	1.71
2.20	68.03	52.93	78.72	-12.45	1.69
2.80	67.64	52.13	79.18	-18.42	1.84
3.40	67.25	52.46	82.03	-26.30	2.04
4.00	68.40	53.70	82.82	-13.19	1.78
4.60	67.64	53.18	82.96	-24.03	1.99
5.20	65.68	51.87	82.40	-18.29	1.93
5.80	62.79	51.50	81.36	-18.31	1.91
6.40	61.52	50.70	81.52	-14.62	1.86
7.00	59.99	49.13	80.55	-17.83	1.93
7.60	60.99	50.03	82.65	-21.97	2.31
8.20	62.11	50.72	83.49	-13.03	2.00
8.80	60.23	50.87	82.05	-6.39	1.73
9.40	58.85	48.67	80.20	-16.00	1.96
10.00	58.54	48.38	79.63	-23.41	2.12
10.60	58.87	49.90	80.86	-9.17	1.78
11.20	59.59	50.03	81.10	-10.86	1.81
11.80	59.08	50.15	80.15	-26.14	2.08
12.40	58.29	50.23	79.13	-22.20	2.00
13.00	58.49	50.62	78.36	-22.23	1.92
13.60	59.79	51.67	78.98	-22.39	2.14
14.20	62.40	52.91	79.94	-23.08	2.22
14.80	62.87	53.64	79.95	-21.36	1.99
15.40	61.78	53.70	79.07	-17.32	1.74
16.00	61.26	53.16	77.90	-13.44	1.71
16.60	62.61	52.54	77.42	-13.20	2.17
17.20	63.95	53.75	77.21	-21.82	1.89
17.80	64.33	54.48	79.22	-29.81	1.97
18.40	66.42	55.70	79.80	-20.77	1.78
19.00	66.49	54.94	80.14	-18.04	1.77
19.60	66.02	54.67	80.87	-12.21	1.69
20.20	66.34	54.43	81.75	-13.28	1.74
20.80	67.04	54.50	82.82	-22.48	1.93
21.40	67.39	54.85	84.34	-16.42	1.80
22.00	66.48	53.31	82.90	-9.28	1.73
22.60	64.52	52.61	82.47	-4.79	1.62
23.20	62.79	50.98	80.91	-7.54	1.70
23.80	61.29	51.12	79.92	-16.62	1.88
24.40	60.52	51.41	80.00	-26.05	2.02
25.00	60.60	50.51	79.01	-20.24	1.93
25.60	59.84	50.58	77.72	-16.41	1.82
26.20	59.76	49.99	77.15	-11.47	1.71
26.80	61.10	51.05	76.95	-8.02	1.63
27.40	62.67	52.02	77.68	-6.92	1.62
28.00	63.62	52.46	79.49	-7.92	1.65
28.60	63.98	53.39	79.82	-11.62	1.69
29.20	64.77	54.15	80.02	-11.90	1.68
29.80	64.64	54.95	80.10	-19.40	1.79
30.40	64.09	54.44	79.61	-26.62	1.95
31.00	64.92	54.20	80.98	-17.14	1.80
31.60	65.37	54.47	82.58	-7.18	1.61
32.20	64.11	53.65	82.88	-6.61	1.61
32.80	62.08	51.95	82.29	-8.34	1.73
33.40	62.27	52.23	82.54	-11.83	1.78
34.00	62.47	51.33	82.06	-21.25	1.96
34.60	63.06	52.46	82.21	-16.01	1.84
35.20	63.30	52.48	81.49	-13.25	1.77
35.80	63.04	51.78	80.15	-17.31	1.84
36.40	62.58	51.06	78.78	-22.75	1.94
37.00	62.40	50.79	77.65	-11.54	1.74
37.60	62.93	51.27	77.01	-26.09	2.01
38.20	64.71	53.10	77.86	-20.24	1.84
38.80	65.51	53.94	77.86	-20.26	1.77
39.40	66.30	54.45	77.77	-23.91	1.83
40.00	66.87	54.79	78.32	-21.56	1.81
40.60	67.30	55.11	78.54	-14.64	1.67
41.20	69.51	56.53	80.02	-9.61	1.56
41.80	70.33	56.23	79.64	-11.71	1.62
42.40	70.36	57.23	79.59	-15.45	1.66
43.00	69.17	56.79	79.02	-16.00	1.66
43.60	68.77	56.45	78.60	-13.94	1.63
44.20	69.39	56.68	79.38	-12.08	1.58
44.80	69.59	56.13	79.30	-9.79	1.55
45.40	68.97	55.54	78.63	-14.81	1.65
46.00	69.38	55.94	78.44	-14.01	1.64
46.60	68.01	55.76	77.57	-16.75	1.67
47.20	67.71	56.11	77.80	-20.83	1.73
47.80	68.22	56.29	79.33	-19.86	1.72
48.40	68.43	55.86	79.42	-8.82	1.57
49.00	68.97	56.05	80.47	-19.25	1.76
49.60	67.29	56.05	79.92	-10.54	1.59
50.20	66.69	56.69	80.94	-10.90	1.60
50.80	66.30	55.95	81.42	-8.59	1.59
51.40	65.11	55.32	81.24	-15.23	1.74
52.00	63.60	54.67	80.80	-28.52	1.97
52.60	62.62	53.93	79.82	-18.54	1.79
53.20	63.58	55.06	80.60	-20.24	1.82
53.80	63.12	54.96	80.74	-18.40	1.77
54.40	61.83	53.92	80.06	-18.64	1.81
55.00	61.40	53.61	79.92	-17.05	1.80
55.60	60.47	53.03	80.08	-13.84	1.76
56.20	60.94	52.95	80.85	-12.05	1.75
56.80	62.18	53.52	82.47	-15.47	1.80
57.40	61.77	53.77	81.97	-30.92	2.08
58.00	60.91	53.41	81.72	-33.12	2.12
58.60	60.36	51.68	80.98	-14.15	1.83
59.20	60.60	53.71	81.71	-18.44	1.78
59.80	60.62	52.67	81.49	-23.02	2.09
60.40	61.13	52.84	80.69	-22.08	2.10
61.00	61.26	53.58	79.93	-19.70	1.82
61.60	60.68	53.41	79.08	-15.86	1.75
62.20	60.52	52.77	79.03	-7.92	1.65
62.80	62.33	53.42	80.53	-16.21	1.76
63.40	62.62	52.93	80.61	-11.15	1.71
64.00	61.81	54.33	81.23	-11.04	1.68
64.60	60.93	54.33	81.14	-6.12	1.58
65.20	60.26	54.03	83.07	-14.57	1.76
65.80	59.35	53.62	84.36	-17.86	1.87
66.40	58.38	53.38	84.04	-10.16	1.76
67.00	57.76	52.69	83.71	-7.00	1.71
67.60	57.83	51.48	82.98	-16.48	1.90
68.20	59.08	52.69	82.52	-28.33	2.06
68.80	59.42	53.74	82.92	-8.29	1.64
69.40	58.98	52.60	81.76	1.84	2.00
70.00	60.01	52.29	81.35	-17.79	2.16
70.60	60.11	52.20	80.25	-29.07	2.07
71.20	60.59	52.30	78.89	-22.92	1.94
71.80	61.83	52.65	79.14	-18.53	1.82
72.40	62.38	52.91	78.96	-17.34	1.78
73.00	62.59	52.72	79.12	-6.18	1.58
73.60	62.58	52.49	78.72	-20.27	1.86
74.20	63.06	52.52	79.68	-13.42	1.73
74.80	63.74	53.01	81.00	-10.24	1.69
75.40	63.45	53.42	81.46	-18.55	1.85
76.00	63.28	53.32	81.16	-24.64	1.96
76.60	63.33	53.51	80.65	-23.50	1.93
77.20	63.77	53.57	80.75	-17.17	1.80
77.80	64.24	53.37	81.67	-8.60	1.66
78.40	63.65	53.99	80.82	-10.24	1.65
79.00	63.68	52.69	80.75	-8.72	1.65
79.60	62.00	51.99	79.44	-21.83	1.91
80.20	61.48	53.32	79.11	-25.70	1.95
80.80	60.91	53.49	79.32	-12.95	1.70
81.40	60.38	52.25	78.56	-8.35	1.62
82.00	60.28	50.87	77.53	-11.35	1.70
82.60	60.03	50.67	76.85	-16.09	1.81
83.20	60.25	51.37	76.80	-20.44	1.89
83.80	61.61	51.95	77.95	-19.46	1.85
84.40	62.48	52.58	78.41	-30.88	2.04
85.00	62.53	53.72	78.94	-27.56	1.93
85.60	62.34	54.50	78.90	-21.56	1.83
86.20	61.67	53.94	79.28	-15.74	1.76
86.80	65.38	55.98	81.33	-16.68	1.75
87.40	66.51	56.74	82.54	-4.79	1.51
88.00	65.56	55.57	82.88	-9.52	1.65
88.60	64.42	54.45	83.10	-16.99	1.84
89.20	63.82	53.64	83.22	-13.39	1.79
89.80	64.40	53.61	83.36	-9.43	1.73
90.40	65.32	55.08	84.48	-2.32	1.58
91.00	63.72	54.44	85.24	-15.26	1.78
91.60	60.04	51.00	81.91	-15.56	1.86
92.20	56.10	49.36	79.57	-10.88	1.76
92.80	55.07	47.35	77.58	-18.73	1.99
93.40	56.37	49.06	77.46	-29.83	2.15
94.00	60.08	52.73	79.15	-34.66	2.10
94.60	61.01	54.03	78.49	-21.74	1.81
95.20	62.10	53.46	77.42	-17.44	1.73
95.80	62.47	52.65	76.05	-20.91	1.81
96.40	62.89	53.47	75.20	-26.99	1.87
97.00	64.00	54.86	76.43	-32.83	2.00
97.60	67.41	57.66	78.90	-23.21	1.85
98.20	70.75	59.36	80.97	-20.58	1.67
98.80	70.08	59.31	81.83	-31.61	1.86
99.40	68.61	57.43	80.67	-23.23	1.75
100.00	67.71	56.28	79.75	-18.73	1.71
100.60	66.42	55.76	79.67	-19.96	1.75
101.20	65.51	55.26	78.97	-16.95	1.70
101.80	65.37	54.80	79.39	-11.78	1.61
102.40	62.78	53.17	77.68	-6.01	1.54
103.00	61.81	52.47	77.10	-0.41	1.45
103.60	61.27	51.59	76.13	-9.77	1.64
104.20	62.23	53.42	77.00	-17.48	1.74
104.80	62.82	52.87	77.71	-11.83	1.64
105.40	63.44	52.32	77.36	-2.77	1.51
106.00	63.92	52.93	77.22	-9.94	1.60
106.60	63.26	52.55	77.07	-17.80	1.79
107.20	65.10	53.20	78.97	-18.83	2.12
107.80	66.75	54.61	81.62	-12.77	1.73
108.40	66.30	53.70	80.88	-19.72	1.84
109.00	65.11	53.17	81.06	-12.31	1.72
109.60	64.34	52.64	80.48	-8.50	1.68
110.20	63.09	52.55	82.90	-13.85	1.81
110.80	63.60	53.55	84.29	-12.42	1.77
111.40	64.71	53.20	84.86	-2.40	1.61
112.00	62.31	51.25	83.58	-7.32	1.73
112.60	61.06	50.40	81.83	-13.97	1.86
113.20	60.98	50.58	81.14	-14.08	1.86
113.80	60.44	50.88	80.95	-14.99	1.84
114.40	59.41	50.84	79.06	-12.36	1.76
115.00	59.52	49.64	78.38	-26.35	2.07
115.60	61.79	50.12	78.80	-14.83	1.83
116.20	63.58	51.82	79.81	-18.05	1.85
116.80	63.22	51.95	79.03	-15.56	1.77
117.40	61.52	51.77	77.28	-17.02	1.78
118.00	61.53	52.03	77.32	-13.37	1.70
118.60	64.97	55.08	80.38	-15.77	1.71
119.20	65.07	56.03	82.82	-27.72	1.91
119.80	62.60	54.52	80.41	-16.26	1.76
120.40	62.48	53.74	81.05	-18.85	1.80
121.00	61.77	52.49	80.97	-16.74	1.81
121.60	60.59	51.75	80.47	-9.24	1.71
122.20	60.04	51.50	79.30	-9.36	1.70
122.80	59.87	50.77	78.43	-15.06	1.79
123.40	59.82	50.03	78.53	-20.48	1.92
124.00	59.94	51.20	79.06	-11.31	1.71
124.60	59.45	50.55	80.30	-11.59	1.75
125.20	57.91	48.71	81.11	-15.80	1.91
125.80	55.95	49.09	82.64	-5.72	1.75
126.40	54.88	46.81	84.19	-5.52	1.86
127.00	53.87	47.01	85.99	-8.91	2.02
127.60	52.48	45.68	86.26	-10.57	1.96
128.20	50.84	44.17	85.27	-9.13	1.92
128.80	49.32	43.30	83.85	-4.40	1.98
129.40	48.30	42.36	82.30	-0.05	1.90
130.00	47.79	42.83	80.21	-17.33	2.25
130.60	48.97	43.22	78.71	-14.59	2.13
131.20	51.21	44.20	77.69	-12.08	2.01
131.80	53.94	46.18	77.27	-19.70	2.10
132.40	56.71	49.18	78.54	-11.64	1.81
133.00	57.76	50.82	79.63	-24.41	2.02
133.60	59.29	50.87	79.60	-17.32	1.86
134.20	59.49	50.76	79.72	-16.56	1.85
134.80	59.39	51.31	80.43	-29.02	2.09
135.40	60.49	52.47	80.87	-24.95	1.96
136.00	63.55	53.08	82.38	-23.20	1.94
136.60	63.19	53.78	82.68	-21.64	1.89
137.20	62.00	53.02	81.97	-19.51	1.86
137.80	60.96	52.76	81.19	-19.08	1.88
138.40	60.39	53.44	81.26	-23.27	1.92
139.00	60.39	52.76	80.17	-21.57	1.94
139.60	61.71	53.49	80.81	-19.23	1.85
140.20	62.46	53.39	81.04	-25.69	1.96
140.80	62.90	53.52	81.06	-24.00	1.94
141.40	63.55	53.90	81.17	-16.43	1.80
142.00	63.84	53.66	81.41	-16.59	1.81
142.60	64.06	53.50	82.23	-18.03	1.84
143.20	66.11	55.61	84.05	-21.89	1.89
143.80	65.41	55.71	85.28	-28.72	2.02
144.40	64.08	54.25	85.35	-23.34	1.97
145.00	61.84	51.41	84.99	-23.00	2.07
145.60	60.85	51.79	84.26	-16.65	1.91
146.20	60.06	52.05	82.83	-17.44	1.89
146.80	59.39	50.79	81.03	-16.38	1.88
147.40	58.82	49.63	79.54	-17.84	1.93
148.00	58.54	49.57	78.85	-31.22	2.16
148.60	59.08	49.93	78.10	-14.31	1.81
149.20	60.38	49.74	78.10	-8.56	1.71
149.80	61.39	52.72	78.95	-20.32	1.85
150.40	63.96	53.12	80.87	-25.56	1.98
151.00	65.47	53.88	82.42	-11.27	1.71
151.60	65.34	52.13	82.43	-30.25	2.12
152.20	63.54	52.94	82.38	-15.64	1.82
152.80	65.91	52.71	83.10	-10.74	1.75
153.40	66.87	53.80	84.41	-25.85	2.03
154.00	66.77	53.76	83.67	-28.02	2.06
154.60	64.25	52.12	82.53	-32.86	2.16
155.20	63.31	51.33	81.35	-14.30	1.84
155.80	61.56	51.01	80.20	-23.76	2.03
156.40	60.70	50.41	79.36	-21.13	1.96
157.00	61.24	52.22	79.43	-10.83	1.72
157.60	61.01	53.86	81.12	-23.37	1.91
158.20	62.34	55.04	83.57	-17.92	1.85
158.80	66.58	57.34	82.49	-25.84	1.89
159.40	65.28	56.87	80.90	-24.56	1.96
160.00	63.56	55.97	79.39	-13.67	1.65
160.60	63.18	55.15	79.32	-28.43	1.93
161.20	64.08	56.67	79.62	-21.81	1.75
161.80	64.94	56.75	79.66	-25.26	1.82
162.40	65.39	56.23	79.69	-19.98	1.76
163.00	66.75	57.66	81.34	-28.53	1.90
163.60	67.58	59.55	83.78	-22.59	1.74
164.20	67.25	57.82	84.49	-18.42	1.74
164.80	63.97	56.59	83.78	-15.67	1.72
=======
TIEMPO	VFSCd	VFSCi	PAMn	PCC	RAP
0.40	69.32	55.99	81.01	-15.13	1.70
1.00	67.97	53.62	79.63	-16.36	1.77
1.60	67.70	53.60	79.17	-12.93	1.71
2.20	68.03	52.93	78.72	-12.45	1.69
2.80	67.64	52.13	79.18	-18.42	1.84
3.40	67.25	52.46	82.03	-26.30	2.04
4.00	68.40	53.70	82.82	-13.19	1.78
4.60	67.64	53.18	82.96	-24.03	1.99
5.20	65.68	51.87	82.40	-18.29	1.93
5.80	62.79	51.50	81.36	-18.31	1.91
6.40	61.52	50.70	81.52	-14.62	1.86
7.00	59.99	49.13	80.55	-17.83	1.93
7.60	60.99	50.03	82.65	-21.97	2.31
8.20	62.11	50.72	83.49	-13.03	2.00
8.80	60.23	50.87	82.05	-6.39	1.73
9.40	58.85	48.67	80.20	-16.00	1.96
10.00	58.54	48.38	79.63	-23.41	2.12
10.60	58.87	49.90	80.86	-9.17	1.78
11.20	59.59	50.03	81.10	-10.86	1.81
11.80	59.08	50.15	80.15	-26.14	2.08
12.40	58.29	50.23	79.13	-22.20	2.00
13.00	58.49	50.62	78.36	-22.23	1.92
13.60	59.79	51.67	78.98	-22.39	2.14
14.20	62.40	52.91	79.94	-23.08	2.22
14.80	62.87	53.64	79.95	-21.36	1.99
15.40	61.78	53.70	79.07	-17.32	1.74
16.00	61.26	53.16	77.90	-13.44	1.71
16.60	62.61	52.54	77.42	-13.20	2.17
17.20	63.95	53.75	77.21	-21.82	1.89
17.80	64.33	54.48	79.22	-29.81	1.97
18.40	66.42	55.70	79.80	-20.77	1.78
19.00	66.49	54.94	80.14	-18.04	1.77
19.60	66.02	54.67	80.87	-12.21	1.69
20.20	66.34	54.43	81.75	-13.28	1.74
20.80	67.04	54.50	82.82	-22.48	1.93
21.40	67.39	54.85	84.34	-16.42	1.80
22.00	66.48	53.31	82.90	-9.28	1.73
22.60	64.52	52.61	82.47	-4.79	1.62
23.20	62.79	50.98	80.91	-7.54	1.70
23.80	61.29	51.12	79.92	-16.62	1.88
24.40	60.52	51.41	80.00	-26.05	2.02
25.00	60.60	50.51	79.01	-20.24	1.93
25.60	59.84	50.58	77.72	-16.41	1.82
26.20	59.76	49.99	77.15	-11.47	1.71
26.80	61.10	51.05	76.95	-8.02	1.63
27.40	62.67	52.02	77.68	-6.92	1.62
28.00	63.62	52.46	79.49	-7.92	1.65
28.60	63.98	53.39	79.82	-11.62	1.69
29.20	64.77	54.15	80.02	-11.90	1.68
29.80	64.64	54.95	80.10	-19.40	1.79
30.40	64.09	54.44	79.61	-26.62	1.95
31.00	64.92	54.20	80.98	-17.14	1.80
31.60	65.37	54.47	82.58	-7.18	1.61
32.20	64.11	53.65	82.88	-6.61	1.61
32.80	62.08	51.95	82.29	-8.34	1.73
33.40	62.27	52.23	82.54	-11.83	1.78
34.00	62.47	51.33	82.06	-21.25	1.96
34.60	63.06	52.46	82.21	-16.01	1.84
35.20	63.30	52.48	81.49	-13.25	1.77
35.80	63.04	51.78	80.15	-17.31	1.84
36.40	62.58	51.06	78.78	-22.75	1.94
37.00	62.40	50.79	77.65	-11.54	1.74
37.60	62.93	51.27	77.01	-26.09	2.01
38.20	64.71	53.10	77.86	-20.24	1.84
38.80	65.51	53.94	77.86	-20.26	1.77
39.40	66.30	54.45	77.77	-23.91	1.83
40.00	66.87	54.79	78.32	-21.56	1.81
40.60	67.30	55.11	78.54	-14.64	1.67
41.20	69.51	56.53	80.02	-9.61	1.56
41.80	70.33	56.23	79.64	-11.71	1.62
42.40	70.36	57.23	79.59	-15.45	1.66
43.00	69.17	56.79	79.02	-16.00	1.66
43.60	68.77	56.45	78.60	-13.94	1.63
44.20	69.39	56.68	79.38	-12.08	1.58
44.80	69.59	56.13	79.30	-9.79	1.55
45.40	68.97	55.54	78.63	-14.81	1.65
46.00	69.38	55.94	78.44	-14.01	1.64
46.60	68.01	55.76	77.57	-16.75	1.67
47.20	67.71	56.11	77.80	-20.83	1.73
47.80	68.22	56.29	79.33	-19.86	1.72
48.40	68.43	55.86	79.42	-8.82	1.57
49.00	68.97	56.05	80.47	-19.25	1.76
49.60	67.29	56.05	79.92	-10.54	1.59
50.20	66.69	56.69	80.94	-10.90	1.60
50.80	66.30	55.95	81.42	-8.59	1.59
51.40	65.11	55.32	81.24	-15.23	1.74
52.00	63.60	54.67	80.80	-28.52	1.97
52.60	62.62	53.93	79.82	-18.54	1.79
53.20	63.58	55.06	80.60	-20.24	1.82
53.80	63.12	54.96	80.74	-18.40	1.77
54.40	61.83	53.92	80.06	-18.64	1.81
55.00	61.40	53.61	79.92	-17.05	1.80
55.60	60.47	53.03	80.08	-13.84	1.76
56.20	60.94	52.95	80.85	-12.05	1.75
56.80	62.18	53.52	82.47	-15.47	1.80
57.40	61.77	53.77	81.97	-30.92	2.08
58.00	60.91	53.41	81.72	-33.12	2.12
58.60	60.36	51.68	80.98	-14.15	1.83
59.20	60.60	53.71	81.71	-18.44	1.78
59.80	60.62	52.67	81.49	-23.02	2.09
60.40	61.13	52.84	80.69	-22.08	2.10
61.00	61.26	53.58	79.93	-19.70	1.82
61.60	60.68	53.41	79.08	-15.86	1.75
62.20	60.52	52.77	79.03	-7.92	1.65
62.80	62.33	53.42	80.53	-16.21	1.76
63.40	62.62	52.93	80.61	-11.15	1.71
64.00	61.81	54.33	81.23	-11.04	1.68
64.60	60.93	54.33	81.14	-6.12	1.58
65.20	60.26	54.03	83.07	-14.57	1.76
65.80	59.35	53.62	84.36	-17.86	1.87
66.40	58.38	53.38	84.04	-10.16	1.76
67.00	57.76	52.69	83.71	-7.00	1.71
67.60	57.83	51.48	82.98	-16.48	1.90
68.20	59.08	52.69	82.52	-28.33	2.06
68.80	59.42	53.74	82.92	-8.29	1.64
69.40	58.98	52.60	81.76	1.84	2.00
70.00	60.01	52.29	81.35	-17.79	2.16
70.60	60.11	52.20	80.25	-29.07	2.07
71.20	60.59	52.30	78.89	-22.92	1.94
71.80	61.83	52.65	79.14	-18.53	1.82
72.40	62.38	52.91	78.96	-17.34	1.78
73.00	62.59	52.72	79.12	-6.18	1.58
73.60	62.58	52.49	78.72	-20.27	1.86
74.20	63.06	52.52	79.68	-13.42	1.73
74.80	63.74	53.01	81.00	-10.24	1.69
75.40	63.45	53.42	81.46	-18.55	1.85
76.00	63.28	53.32	81.16	-24.64	1.96
76.60	63.33	53.51	80.65	-23.50	1.93
77.20	63.77	53.57	80.75	-17.17	1.80
77.80	64.24	53.37	81.67	-8.60	1.66
78.40	63.65	53.99	80.82	-10.24	1.65
79.00	63.68	52.69	80.75	-8.72	1.65
79.60	62.00	51.99	79.44	-21.83	1.91
80.20	61.48	53.32	79.11	-25.70	1.95
80.80	60.91	53.49	79.32	-12.95	1.70
81.40	60.38	52.25	78.56	-8.35	1.62
82.00	60.28	50.87	77.53	-11.35	1.70
82.60	60.03	50.67	76.85	-16.09	1.81
83.20	60.25	51.37	76.80	-20.44	1.89
83.80	61.61	51.95	77.95	-19.46	1.85
84.40	62.48	52.58	78.41	-30.88	2.04
85.00	62.53	53.72	78.94	-27.56	1.93
85.60	62.34	54.50	78.90	-21.56	1.83
86.20	61.67	53.94	79.28	-15.74	1.76
86.80	65.38	55.98	81.33	-16.68	1.75
87.40	66.51	56.74	82.54	-4.79	1.51
88.00	65.56	55.57	82.88	-9.52	1.65
88.60	64.42	54.45	83.10	-16.99	1.84
89.20	63.82	53.64	83.22	-13.39	1.79
89.80	64.40	53.61	83.36	-9.43	1.73
90.40	65.32	55.08	84.48	-2.32	1.58
91.00	63.72	54.44	85.24	-15.26	1.78
91.60	60.04	51.00	81.91	-15.56	1.86
92.20	56.10	49.36	79.57	-10.88	1.76
92.80	55.07	47.35	77.58	-18.73	1.99
93.40	56.37	49.06	77.46	-29.83	2.15
94.00	60.08	52.73	79.15	-34.66	2.10
94.60	61.01	54.03	78.49	-21.74	1.81
95.20	62.10	53.46	77.42	-17.44	1.73
95.80	62.47	52.65	76.05	-20.91	1.81
96.40	62.89	53.47	75.20	-26.99	1.87
97.00	64.00	54.86	76.43	-32.83	2.00
97.60	67.41	57.66	78.90	-23.21	1.85
98.20	70.75	59.36	80.97	-20.58	1.67
98.80	70.08	59.31	81.83	-31.61	1.86
99.40	68.61	57.43	80.67	-23.23	1.75
100.00	67.71	56.28	79.75	-18.73	1.71
100.60	66.42	55.76	79.67	-19.96	1.75
101.20	65.51	55.26	78.97	-16.95	1.70
101.80	65.37	54.80	79.39	-11.78	1.61
102.40	62.78	53.17	77.68	-6.01	1.54
103.00	61.81	52.47	77.10	-0.41	1.45
103.60	61.27	51.59	76.13	-9.77	1.64
104.20	62.23	53.42	77.00	-17.48	1.74
104.80	62.82	52.87	77.71	-11.83	1.64
105.40	63.44	52.32	77.36	-2.77	1.51
106.00	63.92	52.93	77.22	-9.94	1.60
106.60	63.26	52.55	77.07	-17.80	1.79
107.20	65.10	53.20	78.97	-18.83	2.12
107.80	66.75	54.61	81.62	-12.77	1.73
108.40	66.30	53.70	80.88	-19.72	1.84
109.00	65.11	53.17	81.06	-12.31	1.72
109.60	64.34	52.64	80.48	-8.50	1.68
110.20	63.09	52.55	82.90	-13.85	1.81
110.80	63.60	53.55	84.29	-12.42	1.77
111.40	64.71	53.20	84.86	-2.40	1.61
112.00	62.31	51.25	83.58	-7.32	1.73
112.60	61.06	50.40	81.83	-13.97	1.86
113.20	60.98	50.58	81.14	-14.08	1.86
113.80	60.44	50.88	80.95	-14.99	1.84
114.40	59.41	50.84	79.06	-12.36	1.76
115.00	59.52	49.64	78.38	-26.35	2.07
115.60	61.79	50.12	78.80	-14.83	1.83
116.20	63.58	51.82	79.81	-18.05	1.85
116.80	63.22	51.95	79.03	-15.56	1.77
117.40	61.52	51.77	77.28	-17.02	1.78
118.00	61.53	52.03	77.32	-13.37	1.70
118.60	64.97	55.08	80.38	-15.77	1.71
119.20	65.07	56.03	82.82	-27.72	1.91
119.80	62.60	54.52	80.41	-16.26	1.76
120.40	62.48	53.74	81.05	-18.85	1.80
121.00	61.77	52.49	80.97	-16.74	1.81
121.60	60.59	51.75	80.47	-9.24	1.71
122.20	60.04	51.50	79.30	-9.36	1.70
122.80	59.87	50.77	78.43	-15.06	1.79
123.40	59.82	50.03	78.53	-20.48	1.92
124.00	59.94	51.20	79.06	-11.31	1.71
124.60	59.45	50.55	80.30	-11.59	1.75
125.20	57.91	48.71	81.11	-15.80	1.91
125.80	55.95	49.09	82.64	-5.72	1.75
126.40	54.88	46.81	84.19	-5.52	1.86
127.00	53.87	47.01	85.99	-8.91	2.02
127.60	52.48	45.68	86.26	-10.57	1.96
128.20	50.84	44.17	85.27	-9.13	1.92
128.80	49.32	43.30	83.85	-4.40	1.98
129.40	48.30	42.36	82.30	-0.05	1.90
130.00	47.79	42.83	80.21	-17.33	2.25
130.60	48.97	43.22	78.71	-14.59	2.13
131.20	51.21	44.20	77.69	-12.08	2.01
131.80	53.94	46.18	77.27	-19.70	2.10
132.40	56.71	49.18	78.54	-11.64	1.81
133.00	57.76	50.82	79.63	-24.41	2.02
133.60	59.29	50.87	79.60	-17.32	1.86
134.20	59.49	50.76	79.72	-16.56	1.85
134.80	59.39	51.31	80.43	-29.02	2.09
135.40	60.49	52.47	80.87	-24.95	1.96
136.00	63.55	53.08	82.38	-23.20	1.94
136.60	63.19	53.78	82.68	-21.64	1.89
137.20	62.00	53.02	81.97	-19.51	1.86
137.80	60.96	52.76	81.19	-19.08	1.88
138.40	60.39	53.44	81.26	-23.27	1.92
139.00	60.39	52.76	80.17	-21.57	1.94
139.60	61.71	53.49	80.81	-19.23	1.85
140.20	62.46	53.39	81.04	-25.69	1.96
140.80	62.90	53.52	81.06	-24.00	1.94
141.40	63.55	53.90	81.17	-16.43	1.80
142.00	63.84	53.66	81.41	-16.59	1.81
142.60	64.06	53.50	82.23	-18.03	1.84
143.20	66.11	55.61	84.05	-21.89	1.89
143.80	65.41	55.71	85.28	-28.72	2.02
144.40	64.08	54.25	85.35	-23.34	1.97
145.00	61.84	51.41	84.99	-23.00	2.07
145.60	60.85	51.79	84.26	-16.65	1.91
146.20	60.06	52.05	82.83	-17.44	1.89
146.80	59.39	50.79	81.03	-16.38	1.88
147.40	58.82	49.63	79.54	-17.84	1.93
148.00	58.54	49.57	78.85	-31.22	2.16
148.60	59.08	49.93	78.10	-14.31	1.81
149.20	60.38	49.74	78.10	-8.56	1.71
149.80	61.39	52.72	78.95	-20.32	1.85
150.40	63.96	53.12	80.87	-25.56	1.98
151.00	65.47	53.88	82.42	-11.27	1.71
151.60	65.34	52.13	82.43	-30.25	2.12
152.20	63.54	52.94	82.38	-15.64	1.82
152.80	65.91	52.71	83.10	-10.74	1.75
153.40	66.87	53.80	84.41	-25.85	2.03
154.00	66.77	53.76	83.67	-28.02	2.06
154.60	64.25	52.12	82.53	-32.86	2.16
155.20	63.31	51.33	81.35	-14.30	1.84
155.80	61.56	51.01	80.20	-23.76	2.03
156.40	60.70	50.41	79.36	-21.13	1.96
157.00	61.24	52.22	79.43	-10.83	1.72
157.60	61.01	53.86	81.12	-23.37	1.91
158.20	62.34	55.04	83.57	-17.92	1.85
158.80	66.58	57.34	82.49	-25.84	1.89
159.40	65.28	56.87	80.90	-24.56	1.96
160.00	63.56	55.97	79.39	-13.67	1.65
160.60	63.18	55.15	79.32	-28.43	1.93
161.20	64.08	56.67	79.62	-21.81	1.75
161.80	64.94	56.75	79.66	-25.26	1.82
162.40	65.39	56.23	79.69	-19.98	1.76
163.00	66.75	57.66	81.34	-28.53	1.90
163.60	67.58	59.55	83.78	-22.59	1.74
164.20	67.25	57.82	84.49	-18.42	1.74
164.80	63.97	56.59	83.78	-15.67	1.72
>>>>>>> 4966aae922150d281e7f47d431009d8054258bc0
165.40	62.89	55.48	83.30	-11.19	1.69