TIEMPO	VFSCd	VFSCi	PAMn	PCC	RAP
0.40	91.80	80.58	78.63	-18.06	1.19
1.00	87.56	76.17	76.29	-8.11	1.10
1.60	84.72	73.35	75.04	-2.49	1.05
2.20	85.70	74.56	75.29	-2.68	1.05
2.80	87.73	76.87	76.79	-7.81	1.10
3.40	85.27	75.12	76.03	-5.51	1.07
4.00	82.13	72.59	73.80	1.92	0.99
4.60	82.14	72.58	73.64	-1.88	1.04
5.20	83.47	73.57	74.76	-9.28	1.14
5.80	85.04	74.60	76.29	-13.03	1.20
6.40	86.79	75.90	78.33	-13.67	1.22
7.00	88.91	77.82	81.84	-8.74	1.16
7.60	90.38	78.85	84.92	-4.32	1.12
8.20	91.17	78.90	87.08	-0.84	1.10
8.80	90.75	78.73	88.74	-2.60	1.16
9.40	89.82	78.49	89.92	-8.79	1.25
10.00	89.56	79.03	90.99	-7.64	1.24
10.60	89.22	79.29	91.83	-1.32	1.16
11.20	87.83	77.69	90.93	-0.70	1.16
11.80	86.34	75.89	89.35	-2.66	1.19
12.40	85.74	75.51	88.18	-5.12	1.23
13.00	85.24	75.25	87.03	-7.26	1.25
13.60	84.16	74.43	85.33	-7.69	1.23
14.20	83.69	73.98	83.73	-7.70	1.22
14.80	84.61	74.25	82.69	-12.53	1.27
15.40	85.16	74.69	81.97	-14.78	1.29
16.00	84.87	75.29	81.77	-7.73	1.18
16.60	84.88	75.74	81.47	-3.64	1.11
17.20	85.34	75.89	80.78	-5.91	1.13
17.80	86.20	76.51	80.66	-8.15	1.15
18.40	87.35	77.48	81.27	-9.42	1.17
19.00	88.93	78.67	82.10	-12.15	1.19
19.60	90.39	79.75	83.02	-15.32	1.22
20.20	91.21	80.61	83.21	-14.71	1.20
20.80	91.72	81.05	83.33	-12.59	1.17
21.40	92.10	80.67	84.19	-9.30	1.15
22.00	92.20	80.28	84.91	-7.71	1.15
22.60	91.91	80.01	84.63	-11.58	1.19
23.20	92.00	80.06	84.77	-13.75	1.21
23.80	92.37	80.37	85.66	-13.88	1.23
24.40	92.95	81.14	86.55	-7.87	1.15
25.00	92.81	81.51	86.95	-1.83	1.07
25.60	89.81	80.21	85.73	-4.15	1.10
26.20	88.06	79.45	84.67	-8.95	1.17
26.80	88.71	79.63	84.72	-14.08	1.21
27.40	89.57	80.69	85.42	-17.00	1.27
28.00	90.66	82.36	86.94	-17.34	1.37
28.60	91.99	83.98	86.49	-15.84	1.27
29.20	94.14	85.63	86.56	-12.44	1.14
29.80	96.46	86.78	89.56	-6.12	1.09
30.40	93.00	83.68	88.16	-4.77	1.09
31.00	88.75	80.01	85.28	-4.44	1.10
31.60	84.60	76.47	81.64	-2.89	1.08
32.20	84.84	76.54	80.30	-3.53	1.09
32.80	86.26	77.60	80.63	-5.57	1.10
33.40	86.15	77.36	80.52	-5.85	1.10
34.00	85.30	76.61	79.85	-4.81	1.09
34.60	82.76	74.90	77.56	-0.13	1.02
35.20	81.77	74.35	75.76	2.28	0.98
35.80	83.54	75.71	76.90	-5.44	1.08
36.40	83.76	75.80	76.84	-9.18	1.12
37.00	81.70	74.18	74.55	-5.70	1.06
37.60	81.09	73.97	73.49	-4.18	1.04
38.20	81.45	74.60	74.02	-5.61	1.06
38.80	82.35	75.47	74.80	-5.74	1.08
39.40	82.84	75.49	75.64	-4.87	1.09
40.00	81.25	72.74	74.20	-5.53	1.00
40.60	80.13	70.45	72.78	-5.62	0.91
41.20	82.14	71.14	75.94	-0.89	0.98
41.80	81.66	70.39	77.54	3.09	1.04
42.40	76.27	66.45	75.44	5.24	1.04
43.00	74.32	65.14	74.31	5.43	1.06
43.60	75.65	66.31	75.76	2.28	1.11
44.20	75.02	65.77	75.72	1.32	1.12
44.80	72.94	63.97	73.63	3.36	1.09
45.40	72.80	63.93	73.08	3.02	1.09
46.00	73.96	65.07	74.13	0.17	1.13
46.60	74.59	65.75	75.06	-1.10	1.15
47.20	74.79	66.09	75.82	-0.99	1.15
47.80	73.86	65.56	75.52	-1.81	1.17
48.40	72.94	65.16	74.53	-3.19	1.19
49.00	73.32	66.26	74.83	-5.47	1.21
49.60	73.88	67.43	75.44	-7.19	1.22
50.20	74.03	68.13	75.93	-5.45	1.19
50.80	73.89	68.16	75.93	-3.08	1.15
51.40	72.90	66.64	74.08	-2.42	1.13
52.00	72.23	65.46	72.03	-2.71	1.13
52.60	74.01	67.01	71.66	-4.21	1.13
53.20	75.62	68.53	71.75	-5.64	1.13
53.80	76.14	69.36	71.37	-5.38	1.10
54.40	76.33	69.79	70.81	-4.79	1.08
55.00	75.41	69.11	70.02	-5.72	1.09
55.60	75.08	68.75	69.37	-6.30	1.09
56.20	76.78	69.75	69.26	-4.26	1.05
56.80	78.11	70.47	69.31	-2.12	1.01
57.40	78.07	70.12	69.28	-1.18	0.99
58.00	78.31	70.07	69.28	-1.44	1.00
58.60	79.28	70.69	69.37	-3.63	1.03
59.20	80.16	71.26	69.52	-6.25	1.07
59.80	80.76	71.77	69.83	-10.77	1.12
60.40	81.24	71.82	69.98	-10.11	1.11
61.00	81.52	71.32	69.88	-1.18	0.99
61.60	82.18	71.62	69.91	1.20	0.95
62.20	83.11	72.56	69.98	-7.73	1.07
62.80	84.37	73.68	71.00	-9.32	1.09
63.40	85.59	74.67	72.89	-4.43	1.03
64.00	86.19	74.98	73.50	-4.70	1.04
64.60	86.59	75.29	73.91	-6.88	1.07
65.20	86.53	75.95	75.15	-7.80	1.09
65.80	87.44	76.88	76.97	-8.51	1.11
66.40	90.95	78.66	80.18	-9.24	1.13
67.00	92.38	79.01	81.70	-10.06	1.14
67.60	90.69	77.38	80.33	-11.38	1.17
68.20	90.62	77.21	79.38	-11.16	1.16
68.80	92.38	78.64	79.37	-8.72	1.09
69.40	93.98	80.01	79.77	-7.08	1.08
70.00	95.32	81.24	81.20	-6.02	1.18
70.60	94.49	80.77	80.83	-8.24	1.21
71.20	92.57	79.50	78.33	-14.32	1.19
71.80	94.77	82.17	79.34	-15.12	1.15
72.40	97.65	85.27	82.42	-12.20	1.10
73.00	98.12	85.33	83.30	-7.82	1.05
73.60	97.53	84.69	83.12	-4.61	1.03
74.20	95.78	83.67	82.02	-6.29	1.04
74.80	95.18	83.14	81.40	-7.56	1.05
75.40	96.27	83.28	81.74	-7.17	1.05
76.00	96.09	82.40	81.38	-7.31	1.06
76.60	94.87	80.72	79.60	-8.88	1.08
77.20	93.97	79.68	78.59	-8.81	1.08
77.80	93.47	79.23	78.18	-7.20	1.06
78.40	94.01	79.95	79.68	-6.42	1.06
79.00	94.43	80.52	81.42	-5.83	1.08
79.60	93.30	79.61	81.39	-4.78	1.07
80.20	92.25	78.64	80.84	-3.57	1.05
80.80	91.73	77.85	80.48	-1.30	1.03
81.40	91.42	77.42	80.19	-0.21	1.03
82.00	91.74	77.91	80.98	-4.53	1.09
82.60	90.69	77.23	80.89	-8.07	1.13
83.20	87.50	74.54	78.48	-8.28	1.15
83.80	85.25	72.90	76.39	-8.61	1.15
84.40	84.51	73.02	75.08	-10.19	1.16
85.00	84.42	73.43	74.46	-10.82	1.16
85.60	85.03	74.15	75.36	-9.26	1.13
86.20	84.44	73.49	75.12	-8.24	1.11
86.80	82.64	71.49	73.00	-7.32	1.11
87.40	84.06	73.26	73.01	-9.54	1.13
88.00	86.40	75.99	75.21	-15.17	1.18
88.60	86.20	75.63	74.76	-12.74	1.14
89.20	85.37	74.49	73.48	-7.40	1.08
89.80	86.55	75.68	74.08	-5.71	1.05
90.40	87.31	76.32	75.04	-5.20	1.05
91.00	86.37	75.08	75.04	-3.13	1.03
91.60	85.68	73.85	74.88	-2.00	1.03
92.20	85.52	72.81	74.53	-5.69	1.10
92.80	86.43	73.20	75.10	-6.78	1.11
93.40	88.20	74.77	76.86	-3.62	1.04
94.00	91.41	77.38	78.72	-3.12	1.21
94.60	89.93	76.62	78.87	-2.13	1.23
95.20	87.16	74.97	77.79	-0.51	1.07
95.80	87.08	75.28	79.41	-2.04	1.07
96.40	87.19	75.50	81.03	-3.80	1.11
97.00	87.82	75.41	80.88	-4.47	1.12
97.60	87.53	74.72	79.79	-3.84	1.11
98.20	85.44	73.24	77.98	-0.17	1.07
98.80	82.80	71.27	75.94	3.26	1.01
99.40	79.46	68.36	73.53	4.04	0.95
100.00	76.63	66.10	71.83	4.04	0.92
100.60	74.21	64.76	71.40	4.04	0.93
101.20	73.86	64.16	71.83	4.04	0.92
101.80	73.60	63.16	72.78	4.04	0.89
102.40	71.01	59.98	73.19	3.88	0.94
103.00	68.46	57.41	73.22	3.94	1.01
103.60	66.28	55.96	72.97	5.09	1.11
104.20	64.91	55.34	72.40	5.73	1.18
104.80	64.50	55.98	71.24	4.80	1.18
105.40	64.35	56.52	70.23	4.55	1.15
106.00	64.36	56.94	69.48	5.76	1.11
106.60	64.52	57.45	69.03	6.50	1.08
107.20	64.89	58.16	68.98	6.23	1.07
107.80	65.22	57.82	68.72	6.41	1.06
108.40	66.04	57.72	68.32	6.98	1.05
109.00	68.82	59.92	70.04	3.55	1.10
109.60	71.06	61.80	71.89	0.12	1.15
110.20	70.36	61.24	71.79	1.24	1.14
110.80	70.44	61.17	71.44	2.39	1.12
111.40	72.43	62.41	72.12	-0.83	1.16
112.00	73.81	63.12	72.47	-2.27	1.18
112.60	73.70	62.49	72.07	1.70	1.11
113.20	73.76	62.40	71.49	2.92	1.09
113.80	73.92	62.86	70.76	-1.40	1.14
114.40	74.47	63.85	70.16	-4.81	1.17
115.00	75.35	65.38	69.67	-5.39	1.15
115.60	76.57	66.49	69.53	-6.80	1.15
116.20	77.77	67.39	69.68	-8.42	1.15
116.80	78.50	68.36	70.01	-13.91	1.22
117.40	79.01	69.16	70.29	-17.64	1.27
118.00	79.62	69.54	70.30	-8.73	1.13
118.60	79.88	69.75	70.14	0.37	0.99
119.20	79.33	69.78	69.77	-5.15	1.06
119.80	79.22	69.86	69.42	-9.47	1.12
120.40	79.79	69.99	69.00	-7.16	1.08
121.00	80.62	70.52	68.94	-4.99	1.04
121.60	81.53	71.35	69.35	-4.10	1.02
122.20	83.28	73.01	70.02	-4.14	1.02
122.80	85.11	74.53	70.95	-5.14	1.02
123.40	86.08	74.46	71.03	-4.26	1.01
124.00	86.86	74.41	71.01	-3.76	0.99
124.60	87.83	75.38	72.02	-8.25	1.06
125.20	88.39	75.69	72.71	-11.31	1.10
125.80	88.41	74.97	72.91	-9.63	1.09
126.40	88.01	74.02	72.54	-8.54	1.08
127.00	86.92	72.71	70.82	-9.99	1.10
127.60	86.72	72.32	69.54	-11.55	1.10
128.20	87.82	73.57	69.35	-13.47	1.12
128.80	88.87	74.86	69.37	-13.78	1.11
129.40	89.87	76.56	69.62	-11.52	1.06
130.00	89.84	76.88	69.46	-9.25	1.02
130.60	88.24	75.51	67.79	-7.59	0.99
131.20	90.68	76.66	68.14	-5.25	0.95
131.80	94.00	78.52	70.66	-1.56	0.92
132.40	93.12	78.62	71.35	-4.78	0.96
133.00	91.66	78.23	71.38	-9.70	1.03
133.60	93.00	78.17	72.04	-10.39	1.04
134.20	94.00	78.23	72.69	-9.76	1.04
134.80	94.19	78.58	73.63	-8.86	1.04
135.40	93.28	78.13	73.47	-8.53	1.04
136.00	89.67	75.44	70.85	-9.61	1.05
136.60	87.94	74.32	68.97	-10.19	1.06
137.20	89.24	75.72	68.92	-9.45	1.03
137.80	89.60	76.38	68.75	-9.11	1.01
138.40	88.67	76.08	68.07	-9.80	1.02
139.00	87.77	75.77	67.14	-10.02	1.02
139.60	86.74	75.37	65.77	-9.49	0.99
140.20	87.19	75.59	65.26	-8.45	0.96
140.80	88.84	76.25	66.11	-6.32	0.95
141.40	90.34	77.16	66.68	-6.57	0.95
142.00	91.37	77.92	67.13	-9.38	0.99
142.60	90.65	76.87	66.41	-7.75	0.96
143.20	89.69	75.74	65.51	-4.62	0.92
143.80	91.09	78.58	66.38	-3.31	0.88
144.40	92.08	80.43	67.49	-3.28	0.87
145.00	91.48	78.85	67.37	-4.89	0.91
145.60	91.16	77.86	67.20	-6.21	0.94
146.20	91.51	78.35	67.65	-5.70	0.93
146.80	91.67	78.50	68.22	-5.35	0.93
147.40	91.71	78.26	69.22	-5.64	0.96
148.00	90.28	76.89	69.02	-5.95	0.97
148.60	88.58	75.41	67.43	-5.80	0.96
149.20	88.93	75.74	67.85	-8.39	1.00
149.80	89.55	76.41	68.79	-10.96	1.04
150.40	87.41	74.83	67.75	-7.63	1.00
151.00	86.01	73.88	66.52	-3.75	0.95
151.60	86.48	74.63	66.92	-5.24	0.97
152.20	87.05	75.31	67.54	-6.68	0.98
152.80	87.68	75.69	68.41	-6.15	0.98
153.40	87.05	75.46	68.51	-6.66	0.99
154.00	84.84	74.43	66.71	-10.47	1.03
154.60	86.33	75.21	66.33	-11.60	1.03
155.20	89.05	76.59	67.42	-10.00	1.01
155.80	89.14	76.53	67.46	-7.33	0.97
156.40	88.60	76.25	66.81	-4.29	0.92
157.00	88.99	76.95	66.34	-4.52	0.91
157.60	89.82	77.81	66.24	-6.21	0.93
158.20	91.89	78.74	67.32	-8.99	0.97
158.80	92.59	78.88	68.12	-10.70	0.99
159.40	90.84	77.75	66.60	-9.21	0.96
160.00	90.43	77.44	66.17	-7.04	0.94
160.60	91.98	78.35	67.69	-4.41	0.92
161.20	93.15	78.38	69.08	-3.46	0.92
161.80	93.79	77.78	70.14	-4.52	0.96
162.40	91.89	76.84	69.79	-4.96	0.96
163.00	89.72	76.08	68.84	-5.01	0.96
163.60	90.45	77.05	70.59	-5.14	0.97
164.20	90.80	77.50	72.92	-5.53	1.00
164.80	89.54	76.44	74.17	-5.63	1.04
165.40	88.68	75.61	74.94	-6.52	1.07
166.00	88.74	75.14	75.09	-9.39	1.12
166.60	88.99	75.94	75.53	-11.03	1.14
167.20	89.43	77.86	76.86	-10.44	1.12
167.80	88.80	76.30	76.84	-9.59	1.12
168.40	88.03	74.07	75.61	-8.42	1.12
169.00	88.27	74.31	75.68	-10.17	1.14
169.60	88.64	75.27	76.07	-12.58	1.17
170.20	88.48	76.15	75.76	-12.09	1.15
170.80	88.25	76.56	74.99	-11.08	1.13
171.40	88.04	75.61	73.42	-11.97	1.12
172.00	88.21	75.11	72.16	-12.92	1.12
172.60	89.16	75.58	73.01	-12.74	1.12
173.20	88.89	75.72	72.96	-12.14	1.11
173.80	86.38	75.09	70.76	-11.17	1.08
174.40	85.79	75.19	69.61	-10.02	1.06
175.00	86.86	75.92	70.42	-8.24	1.03
175.60	87.94	76.26	70.74	-8.68	1.04
176.20	88.73	76.40	70.58	-11.14	1.06
176.80	87.68	76.34	69.98	-11.05	1.05
177.40	86.60	76.34	69.22	-9.07	1.02
178.00	86.86	76.63	69.27	-7.70	1.00
178.60	88.44	77.21	70.14	-6.95	0.99
179.20	91.35	78.08	71.83	-6.79	0.99