<<<<<<< HEAD
<<<<<<< HEAD
TIEMPO	VFSCd	VFSCi	PAMn	PCC	RAP
0.40	83.36	73.89	82.68	4.03	1.06
1.00	81.30	72.15	80.54	3.45	1.07
1.60	81.27	72.58	80.37	3.70	1.05
2.20	84.46	76.46	82.67	5.58	1.02
2.80	84.92	77.45	83.89	3.99	1.04
3.40	84.12	76.86	83.94	2.35	1.06
4.00	82.60	75.13	83.08	3.80	1.05
4.60	81.74	74.11	81.82	3.96	1.05
5.20	82.27	74.41	82.02	3.74	1.05
5.80	84.63	76.26	84.81	4.04	1.06
6.40	83.32	75.02	85.20	5.08	1.06
7.00	80.45	72.91	84.39	5.98	1.07
7.60	76.47	70.91	83.54	5.92	1.09
8.20	74.57	68.63	81.61	6.98	1.08
8.80	74.31	67.56	80.37	7.16	1.09
9.40	75.50	68.69	82.26	2.65	1.16
10.00	74.55	66.88	82.24	5.91	1.13
10.60	72.69	64.32	80.45	13.47	1.04
11.20	70.59	62.76	78.31	13.14	1.04
11.80	70.47	62.25	76.38	10.84	1.06
12.40	71.18	62.24	74.86	8.05	1.08
13.00	71.61	62.50	74.95	3.71	1.15
13.60	71.18	61.60	74.51	5.10	1.12
14.20	70.18	60.69	73.53	10.61	1.03
14.80	68.27	60.75	71.84	6.55	1.07
15.40	70.16	62.11	72.06	4.84	1.09
16.00	73.74	64.83	74.49	5.46	1.07
16.60	77.87	69.47	78.62	5.25	1.07
17.20	76.42	66.61	78.72	7.35	1.06
17.80	73.90	63.50	77.64	9.04	1.08
18.40	71.47	61.27	77.01	9.00	1.11
19.00	69.81	59.26	75.28	12.84	1.06
19.60	69.63	58.96	75.92	11.78	1.10
20.20	68.81	58.62	76.86	12.10	1.11
20.80	66.05	57.20	76.26	19.87	0.98
21.40	63.39	55.91	75.11	18.23	1.02
22.00	61.27	55.31	73.95	15.25	1.07
22.60	59.72	55.44	72.67	18.01	1.00
23.20	62.91	57.97	74.22	16.17	1.01
23.80	64.70	58.80	75.34	13.77	1.05
24.40	64.35	57.71	74.58	12.40	1.09
25.00	62.01	54.77	73.08	17.46	1.01
25.60	59.68	52.73	71.43	20.24	0.97
26.20	57.59	52.08	68.98	10.53	1.12
26.80	60.15	54.03	69.98	14.54	1.04
27.40	63.03	56.17	72.11	18.90	0.94
28.00	64.30	57.56	74.04	13.91	1.05
28.60	62.42	56.10	73.72	12.63	1.10
29.20	61.12	54.94	73.32	13.99	1.09
29.80	63.36	56.44	74.66	16.86	1.03
30.40	63.37	56.03	75.17	16.03	1.06
31.00	62.56	55.12	74.83	12.84	1.13
31.60	62.30	55.34	74.37	11.33	1.14
32.20	61.61	54.72	73.63	12.39	1.12
32.80	60.17	52.67	72.54	16.67	1.06
33.40	59.80	52.84	71.82	15.82	1.07
34.00	59.98	53.55	71.46	11.68	1.11
34.60	60.39	53.25	70.46	9.93	1.14
35.20	60.95	53.40	70.38	10.71	1.13
35.80	61.61	54.13	71.60	14.73	1.06
36.40	62.09	55.27	72.74	12.60	1.09
37.00	62.80	56.10	73.67	9.93	1.14
37.60	64.10	56.21	74.44	10.27	1.15
38.20	64.21	56.89	73.91	8.39	1.17
38.80	64.67	57.89	73.79	7.20	1.16
39.40	66.71	59.29	75.50	9.29	1.12
40.00	66.99	59.31	75.42	9.23	1.12
40.60	66.57	58.86	74.41	8.37	1.13
41.20	65.83	58.30	73.14	8.39	1.12
41.80	67.31	59.46	72.44	6.65	1.12
42.40	69.54	61.31	72.25	3.70	1.14
43.00	71.25	63.02	73.34	3.15	1.11
43.60	72.53	64.33	73.92	3.09	1.10
44.20	73.34	65.34	73.58	3.34	1.13
44.80	72.95	64.14	72.74	2.01	1.12
45.40	72.72	63.94	72.24	0.82	1.11
46.00	73.42	65.29	72.35	0.65	1.13
46.60	79.26	69.30	76.57	1.77	1.10
47.20	82.77	71.89	80.24	5.62	1.04
47.80	83.17	71.87	81.89	9.80	1.00
48.40	80.84	69.06	81.90	6.01	1.10
49.00	79.13	67.38	80.87	6.55	1.10
49.60	78.92	67.26	80.19	7.70	1.08
50.20	80.41	68.62	81.14	3.70	1.13
50.80	80.15	69.17	81.88	5.82	1.10
51.40	79.09	68.92	81.57	7.70	1.07
52.00	77.48	67.66	79.32	5.61	1.08
52.60	78.13	69.19	80.24	4.01	1.13
53.20	79.34	70.51	81.69	4.73	1.14
53.80	80.65	69.68	81.45	10.02	1.04
54.40	79.48	69.79	80.40	9.45	1.01
55.00	78.91	70.23	80.18	7.18	1.06
55.60	80.52	70.59	81.67	6.68	1.17
56.20	81.59	71.39	82.54	9.49	1.08
56.80	80.90	70.62	82.04	10.15	1.01
57.40	79.02	68.61	79.84	5.79	1.08
58.00	80.81	68.79	79.73	7.86	1.04
58.60	81.03	68.22	79.57	8.31	1.03
59.20	79.26	66.83	78.48	4.18	1.11
59.80	75.52	65.27	76.02	5.11	1.09
60.40	73.58	64.91	74.40	5.04	1.08
61.00	73.54	65.34	74.23	2.60	1.10
61.60	74.67	65.52	75.01	0.90	1.12
62.20	74.82	65.91	75.30	7.40	1.02
62.80	74.60	65.73	75.10	11.42	0.97
63.40	74.77	64.54	74.66	3.33	1.09
64.00	73.44	63.62	73.47	1.37	1.13
64.60	74.88	65.66	74.45	1.44	1.13
65.20	77.76	68.50	78.07	1.01	1.13
65.80	78.37	67.47	79.30	4.75	1.10
66.40	75.97	65.37	78.00	5.58	1.10
67.00	73.36	63.47	76.17	5.09	1.12
67.60	72.73	62.30	75.51	4.74	1.15
68.20	71.60	62.08	74.94	7.59	1.09
68.80	69.84	61.77	74.21	11.18	1.01
69.40	67.26	60.70	72.88	14.37	0.96
70.00	65.32	59.50	71.88	11.79	1.01
70.60	65.74	59.96	71.91	6.25	1.12
71.20	70.54	63.89	76.27	9.55	1.05
71.80	72.12	64.56	78.84	14.19	1.00
72.40	70.98	63.01	79.66	17.60	0.98
73.00	67.68	60.15	78.84	19.47	1.00
73.60	68.03	60.11	79.79	16.24	1.07
74.20	68.90	60.79	81.11	11.69	1.14
74.80	68.09	60.74	81.16	9.90	1.18
75.40	66.21	59.73	80.11	7.91	1.22
76.00	64.53	58.70	78.44	6.02	1.24
76.60	63.77	58.39	77.06	9.57	1.16
77.20	64.43	58.62	76.22	12.03	1.10
77.80	67.04	60.19	76.32	12.42	1.08
78.40	72.63	63.95	81.21	9.72	1.12
79.00	73.31	63.92	82.49	12.14	1.08
79.60	71.43	62.12	81.46	13.76	1.08
80.20	68.38	59.55	79.99	8.63	1.21
80.80	66.05	58.12	77.55	7.97	1.20
81.40	64.95	57.97	75.25	9.85	1.14
82.00	65.19	59.13	73.41	13.18	1.03
82.60	67.82	61.10	74.80	10.82	1.05
83.20	69.52	61.93	76.62	8.00	1.10
83.80	67.35	60.13	76.11	9.77	1.09
84.40	65.25	58.06	75.13	14.39	1.03
85.00	63.47	56.27	73.95	17.44	1.00
85.60	61.67	54.74	71.76	11.93	1.09
86.20	63.38	56.11	71.84	9.53	1.11
86.80	65.61	57.79	73.51	10.83	1.08
87.40	65.65	57.59	73.64	16.28	0.99
88.00	64.66	56.52	73.13	17.42	0.99
88.60	63.24	55.13	72.17	13.55	1.06
89.20	62.17	53.87	71.01	12.91	1.08
89.80	62.27	53.98	70.85	14.09	1.06
90.40	63.35	55.17	72.16	16.55	1.02
91.00	63.50	55.06	72.82	13.42	1.08
91.60	63.48	54.81	72.83	10.98	1.12
92.20	63.48	54.65	71.90	12.56	1.09
92.80	64.31	55.16	71.68	15.97	1.02
93.40	65.20	55.96	72.12	17.11	0.99
94.00	66.31	57.12	73.45	13.02	1.07
94.60	64.45	56.51	73.06	10.31	1.12
95.20	62.62	55.62	72.21	9.00	1.15
95.80	63.32	55.40	72.23	6.54	1.20
96.40	64.48	55.97	73.00	8.68	1.16
97.00	65.45	56.84	74.56	16.89	1.02
97.60	64.14	55.52	74.29	16.78	1.04
98.20	62.19	53.82	73.14	14.09	1.10
98.80	60.17	52.48	71.29	12.41	1.13
99.40	60.21	52.85	70.56	12.01	1.12
100.00	61.61	54.20	71.08	12.77	1.08
100.60	60.74	53.87	71.12	15.78	1.03
101.20	60.09	53.51	71.18	16.43	1.03
101.80	60.04	53.33	71.45	10.89	1.14
102.40	61.41	54.00	72.24	11.30	1.14
103.00	62.80	54.72	73.23	14.36	1.09
103.60	63.26	55.07	74.71	15.17	1.09
104.20	62.46	53.86	74.74	16.31	1.08
104.80	61.05	51.85	73.34	17.93	1.07
105.40	61.67	52.38	73.76	17.02	1.10
106.00	61.69	52.36	74.26	15.04	1.15
106.60	60.71	51.34	74.07	11.92	1.22
107.20	59.77	51.05	73.43	11.87	1.21
107.80	59.31	50.99	72.58	12.92	1.18
108.40	59.90	50.73	71.47	13.58	1.16
109.00	60.24	51.03	70.62	13.74	1.13
109.60	60.26	51.89	70.10	13.14	1.10
110.20	60.60	52.86	69.92	13.72	1.07
110.80	61.42	53.75	70.16	14.61	1.04
111.40	63.13	54.59	70.92	15.37	1.02
112.00	64.42	54.77	71.90	15.23	1.04
112.60	64.76	54.79	72.73	14.20	1.07
113.20	63.64	55.18	72.51	11.11	1.12
113.80	62.79	54.53	71.99	10.19	1.14
114.40	62.43	53.90	71.38	11.29	1.13
115.00	62.92	54.61	71.94	13.74	1.07
115.60	62.96	54.75	71.97	14.83	1.04
116.20	62.52	54.33	71.12	13.95	1.06
116.80	61.84	54.03	70.51	13.66	1.06
117.40	61.45	54.33	70.12	12.39	1.07
118.00	61.50	55.30	69.49	7.18	1.13
118.60	63.87	56.93	70.90	8.35	1.11
119.20	67.35	59.67	73.65	10.48	1.07
119.80	70.58	62.68	77.51	10.65	1.08
120.40	69.40	62.07	76.68	11.58	1.05
121.00	68.29	60.78	75.46	11.14	1.05
121.60	67.77	59.78	74.65	9.06	1.09
122.20	65.87	59.85	72.93	8.05	1.09
122.80	68.55	61.68	72.14	5.03	1.10
123.40	72.10	63.89	72.24	1.12	1.12
124.00	73.23	65.73	73.66	2.57	1.10
124.60	69.47	63.28	70.44	7.49	0.99
125.20	65.94	59.49	66.38	11.96	0.90
125.80	65.25	57.47	64.63	13.32	0.89
126.40	67.47	60.35	65.05	10.38	0.92
127.00	74.06	64.28	69.02	7.22	0.97
127.60	75.26	65.31	70.38	6.50	0.98
128.20	72.59	62.79	69.80	9.43	0.95
128.80	71.82	62.32	69.63	14.19	0.88
129.40	72.00	62.81	69.76	13.82	0.89
130.00	71.39	62.38	69.23	9.71	0.96
130.60	68.82	60.45	67.45	12.80	0.91
131.20	67.53	59.75	66.76	14.07	0.90
131.80	67.82	59.43	67.53	12.97	0.92
132.40	67.47	58.61	67.98	11.81	0.95
133.00	65.53	56.99	66.70	12.02	0.96
133.60	61.71	52.92	64.74	15.96	0.92
134.20	59.13	50.48	63.04	15.90	0.94
134.80	57.93	49.58	61.99	11.11	1.04
135.40	56.73	48.50	60.24	13.89	0.98
136.00	60.52	51.39	62.47	16.58	0.91
136.60	64.43	54.75	66.31	18.28	0.88
137.20	65.51	56.32	69.94	19.17	0.91
137.80	62.99	54.87	70.81	19.72	0.87
138.40	60.54	52.28	70.36	18.69	0.95
139.00	59.84	51.24	70.21	17.44	1.04
139.60	61.72	53.26	71.35	17.24	1.03
140.20	61.67	54.10	71.04	13.97	1.06
140.80	61.25	54.12	70.21	11.37	1.09
141.40	61.12	53.66	69.31	12.57	1.07
142.00	62.18	55.75	69.84	11.55	1.05
142.60	62.62	56.53	70.30	10.50	1.05
143.20	61.86	54.94	69.65	11.38	1.07
143.80	62.13	54.50	69.27	7.80	1.14
144.40	62.90	54.82	69.32	8.25	1.13
145.00	64.00	55.74	69.98	19.29	0.91
145.60	64.05	55.86	69.95	14.41	0.99
146.20	64.41	56.30	69.99	11.62	1.04
146.80	65.84	57.97	70.72	15.57	0.97
147.40	69.18	61.76	74.33	6.87	1.10
148.00	69.34	61.44	76.16	9.28	1.08
148.60	67.51	59.39	76.58	12.89	1.07
149.20	64.80	57.12	76.12	9.05	1.17
149.80	64.24	56.74	75.94	10.71	1.16
150.40	63.70	56.13	76.03	14.02	1.12
151.00	62.94	55.16	76.44	17.57	1.07
151.60	62.53	53.92	75.35	13.45	1.14
152.20	62.26	53.69	74.28	9.08	1.21
152.80	62.04	54.61	74.00	10.39	1.16
153.40	63.84	55.17	74.75	7.08	1.23
154.00	64.90	55.24	75.25	4.65	1.28
154.60	63.33	54.58	74.53	8.14	1.21
155.20	61.82	54.40	73.43	8.81	1.19
155.80	62.12	55.40	73.54	9.82	1.16
156.40	65.46	57.94	75.90	14.17	1.06
157.00	63.67	57.34	75.80	14.27	1.07
157.60	61.52	55.46	74.41	12.44	1.12
158.20	59.99	53.14	72.51	10.13	1.18
158.80	58.45	52.58	70.95	11.36	1.14
159.40	60.12	53.28	70.67	11.58	1.11
160.00	62.14	54.20	71.48	10.20	1.14
160.60	61.94	54.81	71.78	14.67	1.03
161.20	60.41	53.31	70.11	13.32	1.06
161.80	59.55	52.39	68.77	10.67	1.12
162.40	60.88	54.12	70.02	11.62	1.07
163.00	61.29	54.75	69.61	14.59	1.00
163.60	61.60	54.63	68.62	15.21	0.98
164.20	62.01	53.91	67.87	9.05	1.09
164.80	62.90	54.29	68.08	9.45	1.11
165.40	62.38	53.51	68.22	11.02	1.04
166.00	60.70	51.83	67.72	10.95	0.86
166.60	60.80	51.88	68.37	11.02	0.99
167.20	63.36	54.14	70.57	14.18	1.05
167.80	64.94	55.88	73.32	18.71	0.99
168.40	63.00	55.26	73.94	16.95	1.04
169.00	60.72	52.94	72.95	16.36	1.01
169.60	59.35	51.58	71.97	16.20	0.99
170.20	59.17	52.07	71.91	15.00	1.08
170.80	61.23	54.14	73.19	16.14	1.06
171.40	61.12	53.66	73.66	17.67	1.04
172.00	59.54	52.02	72.78	18.41	1.04
172.60	56.63	50.27	70.13	15.52	1.08
173.20	57.70	51.30	68.87	10.80	1.14
173.80	59.95	53.14	69.09	5.46	1.20
174.40	60.31	53.86	68.37	12.80	1.04
175.00	60.00	53.75	67.60	14.20	1.00
175.60	60.51	54.14	67.40	10.68	1.07
176.20	62.69	55.83	69.66	14.11	0.99
176.80	62.06	55.93	70.15	16.11	0.97
177.40	60.46	54.56	69.64	17.75	0.96
178.00	59.16	52.53	68.83	20.55	0.92
=======
TIEMPO	VFSCd	VFSCi	PAMn	PCC	RAP
0.40	83.36	73.89	82.68	4.03	1.06
1.00	81.30	72.15	80.54	3.45	1.07
1.60	81.27	72.58	80.37	3.70	1.05
2.20	84.46	76.46	82.67	5.58	1.02
2.80	84.92	77.45	83.89	3.99	1.04
3.40	84.12	76.86	83.94	2.35	1.06
4.00	82.60	75.13	83.08	3.80	1.05
4.60	81.74	74.11	81.82	3.96	1.05
5.20	82.27	74.41	82.02	3.74	1.05
5.80	84.63	76.26	84.81	4.04	1.06
6.40	83.32	75.02	85.20	5.08	1.06
7.00	80.45	72.91	84.39	5.98	1.07
7.60	76.47	70.91	83.54	5.92	1.09
8.20	74.57	68.63	81.61	6.98	1.08
8.80	74.31	67.56	80.37	7.16	1.09
9.40	75.50	68.69	82.26	2.65	1.16
10.00	74.55	66.88	82.24	5.91	1.13
10.60	72.69	64.32	80.45	13.47	1.04
11.20	70.59	62.76	78.31	13.14	1.04
11.80	70.47	62.25	76.38	10.84	1.06
12.40	71.18	62.24	74.86	8.05	1.08
13.00	71.61	62.50	74.95	3.71	1.15
13.60	71.18	61.60	74.51	5.10	1.12
14.20	70.18	60.69	73.53	10.61	1.03
14.80	68.27	60.75	71.84	6.55	1.07
15.40	70.16	62.11	72.06	4.84	1.09
16.00	73.74	64.83	74.49	5.46	1.07
16.60	77.87	69.47	78.62	5.25	1.07
17.20	76.42	66.61	78.72	7.35	1.06
17.80	73.90	63.50	77.64	9.04	1.08
18.40	71.47	61.27	77.01	9.00	1.11
19.00	69.81	59.26	75.28	12.84	1.06
19.60	69.63	58.96	75.92	11.78	1.10
20.20	68.81	58.62	76.86	12.10	1.11
20.80	66.05	57.20	76.26	19.87	0.98
21.40	63.39	55.91	75.11	18.23	1.02
22.00	61.27	55.31	73.95	15.25	1.07
22.60	59.72	55.44	72.67	18.01	1.00
23.20	62.91	57.97	74.22	16.17	1.01
23.80	64.70	58.80	75.34	13.77	1.05
24.40	64.35	57.71	74.58	12.40	1.09
25.00	62.01	54.77	73.08	17.46	1.01
25.60	59.68	52.73	71.43	20.24	0.97
26.20	57.59	52.08	68.98	10.53	1.12
26.80	60.15	54.03	69.98	14.54	1.04
27.40	63.03	56.17	72.11	18.90	0.94
28.00	64.30	57.56	74.04	13.91	1.05
28.60	62.42	56.10	73.72	12.63	1.10
29.20	61.12	54.94	73.32	13.99	1.09
29.80	63.36	56.44	74.66	16.86	1.03
30.40	63.37	56.03	75.17	16.03	1.06
31.00	62.56	55.12	74.83	12.84	1.13
31.60	62.30	55.34	74.37	11.33	1.14
32.20	61.61	54.72	73.63	12.39	1.12
32.80	60.17	52.67	72.54	16.67	1.06
33.40	59.80	52.84	71.82	15.82	1.07
34.00	59.98	53.55	71.46	11.68	1.11
34.60	60.39	53.25	70.46	9.93	1.14
35.20	60.95	53.40	70.38	10.71	1.13
35.80	61.61	54.13	71.60	14.73	1.06
36.40	62.09	55.27	72.74	12.60	1.09
37.00	62.80	56.10	73.67	9.93	1.14
37.60	64.10	56.21	74.44	10.27	1.15
38.20	64.21	56.89	73.91	8.39	1.17
38.80	64.67	57.89	73.79	7.20	1.16
39.40	66.71	59.29	75.50	9.29	1.12
40.00	66.99	59.31	75.42	9.23	1.12
40.60	66.57	58.86	74.41	8.37	1.13
41.20	65.83	58.30	73.14	8.39	1.12
41.80	67.31	59.46	72.44	6.65	1.12
42.40	69.54	61.31	72.25	3.70	1.14
43.00	71.25	63.02	73.34	3.15	1.11
43.60	72.53	64.33	73.92	3.09	1.10
44.20	73.34	65.34	73.58	3.34	1.13
44.80	72.95	64.14	72.74	2.01	1.12
45.40	72.72	63.94	72.24	0.82	1.11
46.00	73.42	65.29	72.35	0.65	1.13
46.60	79.26	69.30	76.57	1.77	1.10
47.20	82.77	71.89	80.24	5.62	1.04
47.80	83.17	71.87	81.89	9.80	1.00
48.40	80.84	69.06	81.90	6.01	1.10
49.00	79.13	67.38	80.87	6.55	1.10
49.60	78.92	67.26	80.19	7.70	1.08
50.20	80.41	68.62	81.14	3.70	1.13
50.80	80.15	69.17	81.88	5.82	1.10
51.40	79.09	68.92	81.57	7.70	1.07
52.00	77.48	67.66	79.32	5.61	1.08
52.60	78.13	69.19	80.24	4.01	1.13
53.20	79.34	70.51	81.69	4.73	1.14
53.80	80.65	69.68	81.45	10.02	1.04
54.40	79.48	69.79	80.40	9.45	1.01
55.00	78.91	70.23	80.18	7.18	1.06
55.60	80.52	70.59	81.67	6.68	1.17
56.20	81.59	71.39	82.54	9.49	1.08
56.80	80.90	70.62	82.04	10.15	1.01
57.40	79.02	68.61	79.84	5.79	1.08
58.00	80.81	68.79	79.73	7.86	1.04
58.60	81.03	68.22	79.57	8.31	1.03
59.20	79.26	66.83	78.48	4.18	1.11
59.80	75.52	65.27	76.02	5.11	1.09
60.40	73.58	64.91	74.40	5.04	1.08
61.00	73.54	65.34	74.23	2.60	1.10
61.60	74.67	65.52	75.01	0.90	1.12
62.20	74.82	65.91	75.30	7.40	1.02
62.80	74.60	65.73	75.10	11.42	0.97
63.40	74.77	64.54	74.66	3.33	1.09
64.00	73.44	63.62	73.47	1.37	1.13
64.60	74.88	65.66	74.45	1.44	1.13
65.20	77.76	68.50	78.07	1.01	1.13
65.80	78.37	67.47	79.30	4.75	1.10
66.40	75.97	65.37	78.00	5.58	1.10
67.00	73.36	63.47	76.17	5.09	1.12
67.60	72.73	62.30	75.51	4.74	1.15
68.20	71.60	62.08	74.94	7.59	1.09
68.80	69.84	61.77	74.21	11.18	1.01
69.40	67.26	60.70	72.88	14.37	0.96
70.00	65.32	59.50	71.88	11.79	1.01
70.60	65.74	59.96	71.91	6.25	1.12
71.20	70.54	63.89	76.27	9.55	1.05
71.80	72.12	64.56	78.84	14.19	1.00
72.40	70.98	63.01	79.66	17.60	0.98
73.00	67.68	60.15	78.84	19.47	1.00
73.60	68.03	60.11	79.79	16.24	1.07
74.20	68.90	60.79	81.11	11.69	1.14
74.80	68.09	60.74	81.16	9.90	1.18
75.40	66.21	59.73	80.11	7.91	1.22
76.00	64.53	58.70	78.44	6.02	1.24
76.60	63.77	58.39	77.06	9.57	1.16
77.20	64.43	58.62	76.22	12.03	1.10
77.80	67.04	60.19	76.32	12.42	1.08
78.40	72.63	63.95	81.21	9.72	1.12
79.00	73.31	63.92	82.49	12.14	1.08
79.60	71.43	62.12	81.46	13.76	1.08
80.20	68.38	59.55	79.99	8.63	1.21
80.80	66.05	58.12	77.55	7.97	1.20
81.40	64.95	57.97	75.25	9.85	1.14
82.00	65.19	59.13	73.41	13.18	1.03
82.60	67.82	61.10	74.80	10.82	1.05
83.20	69.52	61.93	76.62	8.00	1.10
83.80	67.35	60.13	76.11	9.77	1.09
84.40	65.25	58.06	75.13	14.39	1.03
85.00	63.47	56.27	73.95	17.44	1.00
85.60	61.67	54.74	71.76	11.93	1.09
86.20	63.38	56.11	71.84	9.53	1.11
86.80	65.61	57.79	73.51	10.83	1.08
87.40	65.65	57.59	73.64	16.28	0.99
88.00	64.66	56.52	73.13	17.42	0.99
88.60	63.24	55.13	72.17	13.55	1.06
89.20	62.17	53.87	71.01	12.91	1.08
89.80	62.27	53.98	70.85	14.09	1.06
90.40	63.35	55.17	72.16	16.55	1.02
91.00	63.50	55.06	72.82	13.42	1.08
91.60	63.48	54.81	72.83	10.98	1.12
92.20	63.48	54.65	71.90	12.56	1.09
92.80	64.31	55.16	71.68	15.97	1.02
93.40	65.20	55.96	72.12	17.11	0.99
94.00	66.31	57.12	73.45	13.02	1.07
94.60	64.45	56.51	73.06	10.31	1.12
95.20	62.62	55.62	72.21	9.00	1.15
95.80	63.32	55.40	72.23	6.54	1.20
96.40	64.48	55.97	73.00	8.68	1.16
97.00	65.45	56.84	74.56	16.89	1.02
97.60	64.14	55.52	74.29	16.78	1.04
98.20	62.19	53.82	73.14	14.09	1.10
98.80	60.17	52.48	71.29	12.41	1.13
99.40	60.21	52.85	70.56	12.01	1.12
100.00	61.61	54.20	71.08	12.77	1.08
100.60	60.74	53.87	71.12	15.78	1.03
101.20	60.09	53.51	71.18	16.43	1.03
101.80	60.04	53.33	71.45	10.89	1.14
102.40	61.41	54.00	72.24	11.30	1.14
103.00	62.80	54.72	73.23	14.36	1.09
103.60	63.26	55.07	74.71	15.17	1.09
104.20	62.46	53.86	74.74	16.31	1.08
104.80	61.05	51.85	73.34	17.93	1.07
105.40	61.67	52.38	73.76	17.02	1.10
106.00	61.69	52.36	74.26	15.04	1.15
106.60	60.71	51.34	74.07	11.92	1.22
107.20	59.77	51.05	73.43	11.87	1.21
107.80	59.31	50.99	72.58	12.92	1.18
108.40	59.90	50.73	71.47	13.58	1.16
109.00	60.24	51.03	70.62	13.74	1.13
109.60	60.26	51.89	70.10	13.14	1.10
110.20	60.60	52.86	69.92	13.72	1.07
110.80	61.42	53.75	70.16	14.61	1.04
111.40	63.13	54.59	70.92	15.37	1.02
112.00	64.42	54.77	71.90	15.23	1.04
112.60	64.76	54.79	72.73	14.20	1.07
113.20	63.64	55.18	72.51	11.11	1.12
113.80	62.79	54.53	71.99	10.19	1.14
114.40	62.43	53.90	71.38	11.29	1.13
115.00	62.92	54.61	71.94	13.74	1.07
115.60	62.96	54.75	71.97	14.83	1.04
116.20	62.52	54.33	71.12	13.95	1.06
116.80	61.84	54.03	70.51	13.66	1.06
117.40	61.45	54.33	70.12	12.39	1.07
118.00	61.50	55.30	69.49	7.18	1.13
118.60	63.87	56.93	70.90	8.35	1.11
119.20	67.35	59.67	73.65	10.48	1.07
119.80	70.58	62.68	77.51	10.65	1.08
120.40	69.40	62.07	76.68	11.58	1.05
121.00	68.29	60.78	75.46	11.14	1.05
121.60	67.77	59.78	74.65	9.06	1.09
122.20	65.87	59.85	72.93	8.05	1.09
122.80	68.55	61.68	72.14	5.03	1.10
123.40	72.10	63.89	72.24	1.12	1.12
124.00	73.23	65.73	73.66	2.57	1.10
124.60	69.47	63.28	70.44	7.49	0.99
125.20	65.94	59.49	66.38	11.96	0.90
125.80	65.25	57.47	64.63	13.32	0.89
126.40	67.47	60.35	65.05	10.38	0.92
127.00	74.06	64.28	69.02	7.22	0.97
127.60	75.26	65.31	70.38	6.50	0.98
128.20	72.59	62.79	69.80	9.43	0.95
128.80	71.82	62.32	69.63	14.19	0.88
129.40	72.00	62.81	69.76	13.82	0.89
130.00	71.39	62.38	69.23	9.71	0.96
130.60	68.82	60.45	67.45	12.80	0.91
131.20	67.53	59.75	66.76	14.07	0.90
131.80	67.82	59.43	67.53	12.97	0.92
132.40	67.47	58.61	67.98	11.81	0.95
133.00	65.53	56.99	66.70	12.02	0.96
133.60	61.71	52.92	64.74	15.96	0.92
134.20	59.13	50.48	63.04	15.90	0.94
134.80	57.93	49.58	61.99	11.11	1.04
135.40	56.73	48.50	60.24	13.89	0.98
136.00	60.52	51.39	62.47	16.58	0.91
136.60	64.43	54.75	66.31	18.28	0.88
137.20	65.51	56.32	69.94	19.17	0.91
137.80	62.99	54.87	70.81	19.72	0.87
138.40	60.54	52.28	70.36	18.69	0.95
139.00	59.84	51.24	70.21	17.44	1.04
139.60	61.72	53.26	71.35	17.24	1.03
140.20	61.67	54.10	71.04	13.97	1.06
140.80	61.25	54.12	70.21	11.37	1.09
141.40	61.12	53.66	69.31	12.57	1.07
142.00	62.18	55.75	69.84	11.55	1.05
142.60	62.62	56.53	70.30	10.50	1.05
143.20	61.86	54.94	69.65	11.38	1.07
143.80	62.13	54.50	69.27	7.80	1.14
144.40	62.90	54.82	69.32	8.25	1.13
145.00	64.00	55.74	69.98	19.29	0.91
145.60	64.05	55.86	69.95	14.41	0.99
146.20	64.41	56.30	69.99	11.62	1.04
146.80	65.84	57.97	70.72	15.57	0.97
147.40	69.18	61.76	74.33	6.87	1.10
148.00	69.34	61.44	76.16	9.28	1.08
148.60	67.51	59.39	76.58	12.89	1.07
149.20	64.80	57.12	76.12	9.05	1.17
149.80	64.24	56.74	75.94	10.71	1.16
150.40	63.70	56.13	76.03	14.02	1.12
151.00	62.94	55.16	76.44	17.57	1.07
151.60	62.53	53.92	75.35	13.45	1.14
152.20	62.26	53.69	74.28	9.08	1.21
152.80	62.04	54.61	74.00	10.39	1.16
153.40	63.84	55.17	74.75	7.08	1.23
154.00	64.90	55.24	75.25	4.65	1.28
154.60	63.33	54.58	74.53	8.14	1.21
155.20	61.82	54.40	73.43	8.81	1.19
155.80	62.12	55.40	73.54	9.82	1.16
156.40	65.46	57.94	75.90	14.17	1.06
157.00	63.67	57.34	75.80	14.27	1.07
157.60	61.52	55.46	74.41	12.44	1.12
158.20	59.99	53.14	72.51	10.13	1.18
158.80	58.45	52.58	70.95	11.36	1.14
159.40	60.12	53.28	70.67	11.58	1.11
160.00	62.14	54.20	71.48	10.20	1.14
160.60	61.94	54.81	71.78	14.67	1.03
161.20	60.41	53.31	70.11	13.32	1.06
161.80	59.55	52.39	68.77	10.67	1.12
162.40	60.88	54.12	70.02	11.62	1.07
163.00	61.29	54.75	69.61	14.59	1.00
163.60	61.60	54.63	68.62	15.21	0.98
164.20	62.01	53.91	67.87	9.05	1.09
164.80	62.90	54.29	68.08	9.45	1.11
165.40	62.38	53.51	68.22	11.02	1.04
166.00	60.70	51.83	67.72	10.95	0.86
166.60	60.80	51.88	68.37	11.02	0.99
167.20	63.36	54.14	70.57	14.18	1.05
167.80	64.94	55.88	73.32	18.71	0.99
168.40	63.00	55.26	73.94	16.95	1.04
169.00	60.72	52.94	72.95	16.36	1.01
169.60	59.35	51.58	71.97	16.20	0.99
170.20	59.17	52.07	71.91	15.00	1.08
170.80	61.23	54.14	73.19	16.14	1.06
171.40	61.12	53.66	73.66	17.67	1.04
172.00	59.54	52.02	72.78	18.41	1.04
172.60	56.63	50.27	70.13	15.52	1.08
173.20	57.70	51.30	68.87	10.80	1.14
173.80	59.95	53.14	69.09	5.46	1.20
174.40	60.31	53.86	68.37	12.80	1.04
175.00	60.00	53.75	67.60	14.20	1.00
175.60	60.51	54.14	67.40	10.68	1.07
176.20	62.69	55.83	69.66	14.11	0.99
176.80	62.06	55.93	70.15	16.11	0.97
177.40	60.46	54.56	69.64	17.75	0.96
178.00	59.16	52.53	68.83	20.55	0.92
>>>>>>> 4966aae922150d281e7f47d431009d8054258bc0
=======
TIEMPO	VFSCd	VFSCi	PAMn	PCC	RAP
0.40	83.36	73.89	82.68	4.03	1.06
1.00	81.30	72.15	80.54	3.45	1.07
1.60	81.27	72.58	80.37	3.70	1.05
2.20	84.46	76.46	82.67	5.58	1.02
2.80	84.92	77.45	83.89	3.99	1.04
3.40	84.12	76.86	83.94	2.35	1.06
4.00	82.60	75.13	83.08	3.80	1.05
4.60	81.74	74.11	81.82	3.96	1.05
5.20	82.27	74.41	82.02	3.74	1.05
5.80	84.63	76.26	84.81	4.04	1.06
6.40	83.32	75.02	85.20	5.08	1.06
7.00	80.45	72.91	84.39	5.98	1.07
7.60	76.47	70.91	83.54	5.92	1.09
8.20	74.57	68.63	81.61	6.98	1.08
8.80	74.31	67.56	80.37	7.16	1.09
9.40	75.50	68.69	82.26	2.65	1.16
10.00	74.55	66.88	82.24	5.91	1.13
10.60	72.69	64.32	80.45	13.47	1.04
11.20	70.59	62.76	78.31	13.14	1.04
11.80	70.47	62.25	76.38	10.84	1.06
12.40	71.18	62.24	74.86	8.05	1.08
13.00	71.61	62.50	74.95	3.71	1.15
13.60	71.18	61.60	74.51	5.10	1.12
14.20	70.18	60.69	73.53	10.61	1.03
14.80	68.27	60.75	71.84	6.55	1.07
15.40	70.16	62.11	72.06	4.84	1.09
16.00	73.74	64.83	74.49	5.46	1.07
16.60	77.87	69.47	78.62	5.25	1.07
17.20	76.42	66.61	78.72	7.35	1.06
17.80	73.90	63.50	77.64	9.04	1.08
18.40	71.47	61.27	77.01	9.00	1.11
19.00	69.81	59.26	75.28	12.84	1.06
19.60	69.63	58.96	75.92	11.78	1.10
20.20	68.81	58.62	76.86	12.10	1.11
20.80	66.05	57.20	76.26	19.87	0.98
21.40	63.39	55.91	75.11	18.23	1.02
22.00	61.27	55.31	73.95	15.25	1.07
22.60	59.72	55.44	72.67	18.01	1.00
23.20	62.91	57.97	74.22	16.17	1.01
23.80	64.70	58.80	75.34	13.77	1.05
24.40	64.35	57.71	74.58	12.40	1.09
25.00	62.01	54.77	73.08	17.46	1.01
25.60	59.68	52.73	71.43	20.24	0.97
26.20	57.59	52.08	68.98	10.53	1.12
26.80	60.15	54.03	69.98	14.54	1.04
27.40	63.03	56.17	72.11	18.90	0.94
28.00	64.30	57.56	74.04	13.91	1.05
28.60	62.42	56.10	73.72	12.63	1.10
29.20	61.12	54.94	73.32	13.99	1.09
29.80	63.36	56.44	74.66	16.86	1.03
30.40	63.37	56.03	75.17	16.03	1.06
31.00	62.56	55.12	74.83	12.84	1.13
31.60	62.30	55.34	74.37	11.33	1.14
32.20	61.61	54.72	73.63	12.39	1.12
32.80	60.17	52.67	72.54	16.67	1.06
33.40	59.80	52.84	71.82	15.82	1.07
34.00	59.98	53.55	71.46	11.68	1.11
34.60	60.39	53.25	70.46	9.93	1.14
35.20	60.95	53.40	70.38	10.71	1.13
35.80	61.61	54.13	71.60	14.73	1.06
36.40	62.09	55.27	72.74	12.60	1.09
37.00	62.80	56.10	73.67	9.93	1.14
37.60	64.10	56.21	74.44	10.27	1.15
38.20	64.21	56.89	73.91	8.39	1.17
38.80	64.67	57.89	73.79	7.20	1.16
39.40	66.71	59.29	75.50	9.29	1.12
40.00	66.99	59.31	75.42	9.23	1.12
40.60	66.57	58.86	74.41	8.37	1.13
41.20	65.83	58.30	73.14	8.39	1.12
41.80	67.31	59.46	72.44	6.65	1.12
42.40	69.54	61.31	72.25	3.70	1.14
43.00	71.25	63.02	73.34	3.15	1.11
43.60	72.53	64.33	73.92	3.09	1.10
44.20	73.34	65.34	73.58	3.34	1.13
44.80	72.95	64.14	72.74	2.01	1.12
45.40	72.72	63.94	72.24	0.82	1.11
46.00	73.42	65.29	72.35	0.65	1.13
46.60	79.26	69.30	76.57	1.77	1.10
47.20	82.77	71.89	80.24	5.62	1.04
47.80	83.17	71.87	81.89	9.80	1.00
48.40	80.84	69.06	81.90	6.01	1.10
49.00	79.13	67.38	80.87	6.55	1.10
49.60	78.92	67.26	80.19	7.70	1.08
50.20	80.41	68.62	81.14	3.70	1.13
50.80	80.15	69.17	81.88	5.82	1.10
51.40	79.09	68.92	81.57	7.70	1.07
52.00	77.48	67.66	79.32	5.61	1.08
52.60	78.13	69.19	80.24	4.01	1.13
53.20	79.34	70.51	81.69	4.73	1.14
53.80	80.65	69.68	81.45	10.02	1.04
54.40	79.48	69.79	80.40	9.45	1.01
55.00	78.91	70.23	80.18	7.18	1.06
55.60	80.52	70.59	81.67	6.68	1.17
56.20	81.59	71.39	82.54	9.49	1.08
56.80	80.90	70.62	82.04	10.15	1.01
57.40	79.02	68.61	79.84	5.79	1.08
58.00	80.81	68.79	79.73	7.86	1.04
58.60	81.03	68.22	79.57	8.31	1.03
59.20	79.26	66.83	78.48	4.18	1.11
59.80	75.52	65.27	76.02	5.11	1.09
60.40	73.58	64.91	74.40	5.04	1.08
61.00	73.54	65.34	74.23	2.60	1.10
61.60	74.67	65.52	75.01	0.90	1.12
62.20	74.82	65.91	75.30	7.40	1.02
62.80	74.60	65.73	75.10	11.42	0.97
63.40	74.77	64.54	74.66	3.33	1.09
64.00	73.44	63.62	73.47	1.37	1.13
64.60	74.88	65.66	74.45	1.44	1.13
65.20	77.76	68.50	78.07	1.01	1.13
65.80	78.37	67.47	79.30	4.75	1.10
66.40	75.97	65.37	78.00	5.58	1.10
67.00	73.36	63.47	76.17	5.09	1.12
67.60	72.73	62.30	75.51	4.74	1.15
68.20	71.60	62.08	74.94	7.59	1.09
68.80	69.84	61.77	74.21	11.18	1.01
69.40	67.26	60.70	72.88	14.37	0.96
70.00	65.32	59.50	71.88	11.79	1.01
70.60	65.74	59.96	71.91	6.25	1.12
71.20	70.54	63.89	76.27	9.55	1.05
71.80	72.12	64.56	78.84	14.19	1.00
72.40	70.98	63.01	79.66	17.60	0.98
73.00	67.68	60.15	78.84	19.47	1.00
73.60	68.03	60.11	79.79	16.24	1.07
74.20	68.90	60.79	81.11	11.69	1.14
74.80	68.09	60.74	81.16	9.90	1.18
75.40	66.21	59.73	80.11	7.91	1.22
76.00	64.53	58.70	78.44	6.02	1.24
76.60	63.77	58.39	77.06	9.57	1.16
77.20	64.43	58.62	76.22	12.03	1.10
77.80	67.04	60.19	76.32	12.42	1.08
78.40	72.63	63.95	81.21	9.72	1.12
79.00	73.31	63.92	82.49	12.14	1.08
79.60	71.43	62.12	81.46	13.76	1.08
80.20	68.38	59.55	79.99	8.63	1.21
80.80	66.05	58.12	77.55	7.97	1.20
81.40	64.95	57.97	75.25	9.85	1.14
82.00	65.19	59.13	73.41	13.18	1.03
82.60	67.82	61.10	74.80	10.82	1.05
83.20	69.52	61.93	76.62	8.00	1.10
83.80	67.35	60.13	76.11	9.77	1.09
84.40	65.25	58.06	75.13	14.39	1.03
85.00	63.47	56.27	73.95	17.44	1.00
85.60	61.67	54.74	71.76	11.93	1.09
86.20	63.38	56.11	71.84	9.53	1.11
86.80	65.61	57.79	73.51	10.83	1.08
87.40	65.65	57.59	73.64	16.28	0.99
88.00	64.66	56.52	73.13	17.42	0.99
88.60	63.24	55.13	72.17	13.55	1.06
89.20	62.17	53.87	71.01	12.91	1.08
89.80	62.27	53.98	70.85	14.09	1.06
90.40	63.35	55.17	72.16	16.55	1.02
91.00	63.50	55.06	72.82	13.42	1.08
91.60	63.48	54.81	72.83	10.98	1.12
92.20	63.48	54.65	71.90	12.56	1.09
92.80	64.31	55.16	71.68	15.97	1.02
93.40	65.20	55.96	72.12	17.11	0.99
94.00	66.31	57.12	73.45	13.02	1.07
94.60	64.45	56.51	73.06	10.31	1.12
95.20	62.62	55.62	72.21	9.00	1.15
95.80	63.32	55.40	72.23	6.54	1.20
96.40	64.48	55.97	73.00	8.68	1.16
97.00	65.45	56.84	74.56	16.89	1.02
97.60	64.14	55.52	74.29	16.78	1.04
98.20	62.19	53.82	73.14	14.09	1.10
98.80	60.17	52.48	71.29	12.41	1.13
99.40	60.21	52.85	70.56	12.01	1.12
100.00	61.61	54.20	71.08	12.77	1.08
100.60	60.74	53.87	71.12	15.78	1.03
101.20	60.09	53.51	71.18	16.43	1.03
101.80	60.04	53.33	71.45	10.89	1.14
102.40	61.41	54.00	72.24	11.30	1.14
103.00	62.80	54.72	73.23	14.36	1.09
103.60	63.26	55.07	74.71	15.17	1.09
104.20	62.46	53.86	74.74	16.31	1.08
104.80	61.05	51.85	73.34	17.93	1.07
105.40	61.67	52.38	73.76	17.02	1.10
106.00	61.69	52.36	74.26	15.04	1.15
106.60	60.71	51.34	74.07	11.92	1.22
107.20	59.77	51.05	73.43	11.87	1.21
107.80	59.31	50.99	72.58	12.92	1.18
108.40	59.90	50.73	71.47	13.58	1.16
109.00	60.24	51.03	70.62	13.74	1.13
109.60	60.26	51.89	70.10	13.14	1.10
110.20	60.60	52.86	69.92	13.72	1.07
110.80	61.42	53.75	70.16	14.61	1.04
111.40	63.13	54.59	70.92	15.37	1.02
112.00	64.42	54.77	71.90	15.23	1.04
112.60	64.76	54.79	72.73	14.20	1.07
113.20	63.64	55.18	72.51	11.11	1.12
113.80	62.79	54.53	71.99	10.19	1.14
114.40	62.43	53.90	71.38	11.29	1.13
115.00	62.92	54.61	71.94	13.74	1.07
115.60	62.96	54.75	71.97	14.83	1.04
116.20	62.52	54.33	71.12	13.95	1.06
116.80	61.84	54.03	70.51	13.66	1.06
117.40	61.45	54.33	70.12	12.39	1.07
118.00	61.50	55.30	69.49	7.18	1.13
118.60	63.87	56.93	70.90	8.35	1.11
119.20	67.35	59.67	73.65	10.48	1.07
119.80	70.58	62.68	77.51	10.65	1.08
120.40	69.40	62.07	76.68	11.58	1.05
121.00	68.29	60.78	75.46	11.14	1.05
121.60	67.77	59.78	74.65	9.06	1.09
122.20	65.87	59.85	72.93	8.05	1.09
122.80	68.55	61.68	72.14	5.03	1.10
123.40	72.10	63.89	72.24	1.12	1.12
124.00	73.23	65.73	73.66	2.57	1.10
124.60	69.47	63.28	70.44	7.49	0.99
125.20	65.94	59.49	66.38	11.96	0.90
125.80	65.25	57.47	64.63	13.32	0.89
126.40	67.47	60.35	65.05	10.38	0.92
127.00	74.06	64.28	69.02	7.22	0.97
127.60	75.26	65.31	70.38	6.50	0.98
128.20	72.59	62.79	69.80	9.43	0.95
128.80	71.82	62.32	69.63	14.19	0.88
129.40	72.00	62.81	69.76	13.82	0.89
130.00	71.39	62.38	69.23	9.71	0.96
130.60	68.82	60.45	67.45	12.80	0.91
131.20	67.53	59.75	66.76	14.07	0.90
131.80	67.82	59.43	67.53	12.97	0.92
132.40	67.47	58.61	67.98	11.81	0.95
133.00	65.53	56.99	66.70	12.02	0.96
133.60	61.71	52.92	64.74	15.96	0.92
134.20	59.13	50.48	63.04	15.90	0.94
134.80	57.93	49.58	61.99	11.11	1.04
135.40	56.73	48.50	60.24	13.89	0.98
136.00	60.52	51.39	62.47	16.58	0.91
136.60	64.43	54.75	66.31	18.28	0.88
137.20	65.51	56.32	69.94	19.17	0.91
137.80	62.99	54.87	70.81	19.72	0.87
138.40	60.54	52.28	70.36	18.69	0.95
139.00	59.84	51.24	70.21	17.44	1.04
139.60	61.72	53.26	71.35	17.24	1.03
140.20	61.67	54.10	71.04	13.97	1.06
140.80	61.25	54.12	70.21	11.37	1.09
141.40	61.12	53.66	69.31	12.57	1.07
142.00	62.18	55.75	69.84	11.55	1.05
142.60	62.62	56.53	70.30	10.50	1.05
143.20	61.86	54.94	69.65	11.38	1.07
143.80	62.13	54.50	69.27	7.80	1.14
144.40	62.90	54.82	69.32	8.25	1.13
145.00	64.00	55.74	69.98	19.29	0.91
145.60	64.05	55.86	69.95	14.41	0.99
146.20	64.41	56.30	69.99	11.62	1.04
146.80	65.84	57.97	70.72	15.57	0.97
147.40	69.18	61.76	74.33	6.87	1.10
148.00	69.34	61.44	76.16	9.28	1.08
148.60	67.51	59.39	76.58	12.89	1.07
149.20	64.80	57.12	76.12	9.05	1.17
149.80	64.24	56.74	75.94	10.71	1.16
150.40	63.70	56.13	76.03	14.02	1.12
151.00	62.94	55.16	76.44	17.57	1.07
151.60	62.53	53.92	75.35	13.45	1.14
152.20	62.26	53.69	74.28	9.08	1.21
152.80	62.04	54.61	74.00	10.39	1.16
153.40	63.84	55.17	74.75	7.08	1.23
154.00	64.90	55.24	75.25	4.65	1.28
154.60	63.33	54.58	74.53	8.14	1.21
155.20	61.82	54.40	73.43	8.81	1.19
155.80	62.12	55.40	73.54	9.82	1.16
156.40	65.46	57.94	75.90	14.17	1.06
157.00	63.67	57.34	75.80	14.27	1.07
157.60	61.52	55.46	74.41	12.44	1.12
158.20	59.99	53.14	72.51	10.13	1.18
158.80	58.45	52.58	70.95	11.36	1.14
159.40	60.12	53.28	70.67	11.58	1.11
160.00	62.14	54.20	71.48	10.20	1.14
160.60	61.94	54.81	71.78	14.67	1.03
161.20	60.41	53.31	70.11	13.32	1.06
161.80	59.55	52.39	68.77	10.67	1.12
162.40	60.88	54.12	70.02	11.62	1.07
163.00	61.29	54.75	69.61	14.59	1.00
163.60	61.60	54.63	68.62	15.21	0.98
164.20	62.01	53.91	67.87	9.05	1.09
164.80	62.90	54.29	68.08	9.45	1.11
165.40	62.38	53.51	68.22	11.02	1.04
166.00	60.70	51.83	67.72	10.95	0.86
166.60	60.80	51.88	68.37	11.02	0.99
167.20	63.36	54.14	70.57	14.18	1.05
167.80	64.94	55.88	73.32	18.71	0.99
168.40	63.00	55.26	73.94	16.95	1.04
169.00	60.72	52.94	72.95	16.36	1.01
169.60	59.35	51.58	71.97	16.20	0.99
170.20	59.17	52.07	71.91	15.00	1.08
170.80	61.23	54.14	73.19	16.14	1.06
171.40	61.12	53.66	73.66	17.67	1.04
172.00	59.54	52.02	72.78	18.41	1.04
172.60	56.63	50.27	70.13	15.52	1.08
173.20	57.70	51.30	68.87	10.80	1.14
173.80	59.95	53.14	69.09	5.46	1.20
174.40	60.31	53.86	68.37	12.80	1.04
175.00	60.00	53.75	67.60	14.20	1.00
175.60	60.51	54.14	67.40	10.68	1.07
176.20	62.69	55.83	69.66	14.11	0.99
176.80	62.06	55.93	70.15	16.11	0.97
177.40	60.46	54.56	69.64	17.75	0.96
178.00	59.16	52.53	68.83	20.55	0.92
>>>>>>> 4966aae922150d281e7f47d431009d8054258bc0
178.60	59.22	52.60	68.97	21.43	0.91