<<<<<<< HEAD
<<<<<<< HEAD
TIEMPO	VFSCd	VFSCi	PAMn	PCC	RAP
0.40	24.96	38.42	80.41	22.55	1.47
1.00	25.00	39.39	80.73	24.67	1.40
1.60	25.19	39.56	81.13	25.59	1.39
2.20	25.72	38.76	81.69	25.35	1.43
2.80	24.35	38.55	81.43	23.92	1.50
3.40	23.10	38.50	80.76	22.60	1.49
4.00	23.09	38.45	80.02	21.98	1.30
4.60	23.38	38.11	79.41	23.33	1.31
5.20	24.22	38.17	79.42	25.48	1.39
5.80	25.92	39.02	80.54	28.62	1.33
6.40	25.41	40.13	82.33	27.02	1.38
7.00	24.70	40.86	84.35	24.02	1.46
7.60	25.18	40.80	86.15	23.17	1.37
8.20	26.05	41.11	88.38	24.69	1.39
8.80	26.42	41.28	90.73	27.50	1.49
9.40	25.45	40.67	91.88	29.73	1.52
10.00	24.99	40.31	92.82	29.18	1.59
10.60	25.01	40.14	93.61	25.90	1.70
11.20	24.08	39.42	93.02	26.79	1.68
11.80	23.56	38.72	91.71	27.58	1.64
12.40	24.16	38.29	90.04	25.46	1.67
13.00	23.95	37.52	87.73	23.31	1.70
13.60	23.21	36.69	85.09	21.75	1.71
14.20	21.49	36.01	83.61	21.89	1.70
14.80	21.02	35.40	82.35	22.25	1.69
15.40	22.06	34.88	80.77	21.43	1.69
16.00	21.73	35.82	79.55	23.85	1.57
16.60	21.83	37.02	78.88	25.44	1.46
17.20	23.53	37.86	79.24	19.55	1.56
17.80	24.09	38.22	79.40	19.04	1.56
18.40	24.15	38.51	79.44	23.50	1.45
19.00	24.47	38.99	80.55	24.03	1.44
19.60	24.78	39.91	81.95	24.41	1.44
20.20	25.05	40.66	83.41	25.08	1.43
20.80	25.23	40.62	84.22	26.32	1.41
21.40	25.61	40.52	85.18	26.47	1.44
22.00	26.04	40.46	86.40	25.33	1.52
22.60	24.73	39.33	86.14	23.46	1.59
23.20	24.05	39.35	85.96	22.54	1.61
23.80	24.24	40.57	86.69	23.40	1.56
24.40	24.46	39.90	86.51	24.79	1.53
25.00	24.67	39.29	85.94	24.72	1.54
25.60	24.85	39.08	85.18	21.13	1.63
26.20	25.12	39.92	85.75	24.94	1.53
26.80	25.42	41.05	87.40	29.13	1.43
27.40	25.68	42.11	90.26	25.55	1.53
28.00	26.06	41.75	91.99	26.15	1.57
28.60	26.29	40.90	92.66	28.56	1.57
29.20	26.20	40.28	92.46	27.91	1.59
29.80	25.69	39.90	91.64	27.83	1.58
30.40	24.85	39.70	90.31	29.91	1.50
31.00	24.23	39.15	88.19	24.64	1.62
31.60	24.00	38.56	86.09	19.68	1.72
32.20	24.45	38.07	84.73	21.77	1.64
32.80	23.50	37.82	83.11	23.27	1.57
33.40	22.42	37.85	81.31	23.51	1.52
34.00	22.94	38.51	80.39	24.93	1.45
34.60	23.92	38.92	79.95	26.13	1.39
35.20	25.11	38.87	79.52	26.42	1.36
35.80	25.44	40.68	81.30	26.29	1.35
36.40	25.60	41.52	83.01	25.43	1.37
37.00	25.73	40.99	83.24	22.52	1.46
37.60	25.29	40.18	83.31	24.32	1.45
38.20	25.25	39.98	83.50	26.95	1.40
38.80	26.35	41.00	83.90	28.52	1.33
39.40	26.54	41.73	85.38	24.82	1.43
40.00	26.64	42.32	87.26	21.70	1.54
40.60	27.11	42.83	89.09	22.93	1.54
41.20	26.52	42.90	90.29	26.83	1.48
41.80	26.21	42.66	91.25	29.50	1.46
42.40	27.42	42.06	92.31	27.89	1.55
43.00	27.02	41.85	93.21	27.27	1.53
43.60	26.51	41.76	94.25	27.21	1.51
44.20	26.81	41.66	95.61	26.86	1.60
44.80	26.89	41.59	96.98	26.93	1.68
45.40	26.35	40.97	97.34	27.09	1.70
46.00	25.00	39.60	95.64	26.71	1.58
46.60	24.92	38.38	94.28	28.05	1.62
47.20	24.68	37.28	92.67	28.74	1.71
47.80	23.52	36.22	89.88	25.86	1.76
48.40	22.52	36.14	88.29	24.86	1.73
49.00	22.27	36.37	87.67	25.27	1.67
49.60	23.21	36.47	86.87	24.25	1.69
50.20	23.24	36.53	86.04	23.62	1.69
50.80	23.18	36.80	85.27	23.45	1.67
51.40	24.17	37.62	84.77	22.68	1.64
52.00	24.32	38.01	84.63	21.98	1.63
52.60	24.49	38.30	84.91	21.76	1.64
53.20	25.51	38.83	86.15	22.81	1.62
53.80	25.35	39.09	86.68	24.89	1.56
54.40	24.80	39.10	86.75	26.81	1.52
55.00	24.65	39.06	86.75	27.19	1.51
55.60	23.94	38.35	86.41	27.53	1.52
56.20	24.15	38.39	86.50	27.63	1.54
56.80	26.53	40.20	90.03	25.16	1.59
57.40	26.97	41.58	93.03	25.37	1.62
58.00	26.19	41.75	94.86	26.26	1.64
58.60	24.68	40.12	95.07	24.95	1.74
59.20	24.12	39.37	95.17	24.52	1.79
59.80	24.10	38.94	95.26	25.11	1.80
60.40	24.36	37.91	93.81	20.89	1.92
61.00	23.87	37.05	92.19	18.01	2.02
61.60	22.74	36.42	90.75	17.51	2.08
62.20	22.26	35.50	88.64	20.25	1.96
62.80	22.06	35.05	86.50	22.45	1.83
63.40	22.19	35.55	84.81	20.29	1.81
64.00	21.74	35.40	83.07	21.78	1.72
64.60	21.58	35.41	81.45	26.43	1.56
65.20	22.72	36.78	81.86	20.71	1.66
65.80	23.84	37.70	82.46	17.57	1.72
66.40	24.72	38.07	82.88	19.59	1.65
67.00	24.55	37.66	83.05	22.00	1.60
67.60	24.58	37.70	83.38	23.46	1.57
68.20	25.01	38.40	84.28	22.24	1.59
68.80	24.45	38.86	84.67	23.18	1.57
69.40	24.34	38.97	85.14	24.66	1.55
70.00	25.10	38.74	86.16	25.34	1.55
70.60	25.46	38.50	86.88	28.00	1.51
71.20	25.51	38.48	87.36	29.64	1.49
71.80	25.31	38.84	87.58	27.76	1.53
72.40	25.49	37.92	87.76	26.59	1.59
73.00	25.73	38.31	88.53	25.83	1.63
73.60	25.82	39.52	90.22	25.46	1.63
74.20	25.07	38.19	89.39	23.38	1.73
74.80	24.44	36.77	87.93	22.27	1.78
75.40	24.05	35.72	86.23	22.52	1.76
76.00	23.81	35.68	84.76	23.35	1.71
76.60	23.76	35.71	83.48	24.26	1.65
77.20	23.86	35.71	82.18	25.11	1.58
77.80	24.59	36.51	82.42	25.20	1.58
78.40	24.93	37.53	83.27	23.77	1.61
79.00	24.76	38.64	84.29	19.79	1.67
79.60	25.07	39.23	85.12	19.72	1.67
80.20	25.34	39.84	85.88	20.67	1.64
80.80	25.51	40.62	86.66	20.57	1.62
81.40	25.10	40.76	86.95	24.80	1.52
82.00	24.85	40.67	86.87	26.97	1.48
82.60	25.20	40.31	86.15	20.44	1.62
83.20	25.93	40.97	87.18	17.72	1.69
83.80	26.60	41.94	89.08	18.92	1.66
84.40	27.08	43.02	91.26	24.41	1.54
85.00	26.32	42.82	91.45	21.96	1.60
85.60	25.66	42.29	90.95	18.47	1.70
86.20	25.84	41.97	91.12	21.62	1.65
86.80	26.15	41.48	90.58	23.36	1.61
87.40	26.13	41.31	89.98	23.19	1.60
88.00	25.54	41.85	91.62	21.39	1.66
88.60	25.51	41.63	92.32	22.85	1.65
89.20	25.74	41.25	92.14	23.58	1.64
89.80	26.18	41.21	91.34	18.61	1.73
90.40	25.29	41.05	91.46	21.16	1.70
91.00	25.17	41.35	92.02	24.76	1.64
91.60	26.30	42.17	92.78	24.05	1.63
92.20	25.57	40.33	92.18	23.38	1.70
92.80	24.82	39.01	90.94	22.13	1.76
93.40	24.31	38.60	89.32	19.81	1.77
94.00	23.39	38.30	87.92	18.71	1.84
94.60	22.81	37.74	86.27	19.30	1.84
95.20	22.93	36.56	83.89	22.55	1.69
95.80	23.19	37.27	83.17	20.63	1.68
96.40	23.28	37.69	82.72	18.52	1.70
97.00	22.98	36.65	81.52	19.96	1.66
97.60	23.43	36.31	80.04	22.30	1.58
98.20	23.54	36.32	78.60	23.61	1.52
98.80	22.62	36.39	77.21	21.82	1.51
99.40	23.49	37.00	77.00	21.59	1.49
100.00	24.24	37.59	77.40	22.07	1.47
100.60	22.97	37.68	77.87	21.85	1.51
101.20	23.18	38.13	78.15	22.62	1.48
101.80	23.92	38.52	78.45	24.34	1.41
102.40	24.66	38.35	78.95	27.07	1.34
103.00	25.63	39.22	79.86	28.76	1.30
103.60	26.26	40.13	81.83	29.34	1.30
104.20	26.33	40.62	85.81	28.59	1.39
104.80	26.25	40.28	87.79	29.60	1.44
105.40	25.55	39.57	88.13	29.45	1.48
106.00	24.45	38.64	87.12	27.07	1.54
106.60	24.28	37.83	86.62	20.86	1.74
107.20	23.72	36.60	86.14	18.31	1.84
107.80	22.76	35.18	85.46	22.72	1.75
108.40	22.51	35.17	85.06	26.26	1.66
109.00	22.04	35.37	84.62	27.84	1.60
109.60	21.35	35.54	83.95	26.77	1.59
110.20	21.32	35.95	83.66	25.67	1.62
110.80	21.52	36.14	83.53	24.54	1.65
111.40	21.86	36.06	83.33	23.33	1.65
112.00	23.59	37.03	84.35	22.82	1.66
112.60	24.60	37.36	85.06	22.65	1.67
113.20	24.69	37.02	84.79	22.64	1.69
113.80	23.23	36.56	84.00	20.29	1.74
114.40	22.45	36.12	82.92	19.17	1.75
115.00	22.60	35.76	81.64	21.49	1.67
115.60	22.67	35.56	80.18	24.27	1.57
116.20	22.65	35.62	79.26	25.84	1.51
116.80	22.59	35.98	79.70	24.18	1.54
117.40	23.02	36.46	79.54	24.19	1.51
118.00	23.27	37.24	79.77	23.28	1.51
118.60	23.14	38.35	80.95	19.71	1.59
119.20	24.17	40.01	83.40	22.47	1.52
119.80	25.61	41.42	86.28	26.23	1.46
120.40	27.06	42.26	89.23	27.61	1.47
121.00	26.97	41.48	91.24	24.56	1.60
121.60	26.40	40.48	92.82	22.10	1.72
122.20	25.66	39.50	94.07	21.94	1.80
122.80	25.32	38.07	93.63	21.61	1.87
123.40	24.53	37.40	92.61	22.26	1.89
124.00	23.10	37.72	91.74	25.93	1.76
124.60	22.37	36.53	89.60	25.41	1.76
125.20	22.21	35.63	87.77	24.02	1.77
125.80	22.70	36.54	87.83	24.80	1.74
126.40	23.34	36.80	87.63	24.13	1.73
127.00	23.78	36.66	87.01	22.48	1.75
127.60	23.64	36.20	86.12	22.47	1.73
128.20	23.12	35.95	85.06	23.53	1.69
128.80	22.64	36.11	83.94	25.23	1.64
129.40	23.88	37.65	84.71	21.89	1.66
130.00	24.33	38.49	85.38	19.64	1.67
130.60	23.95	38.53	85.16	21.21	1.63
131.20	24.13	38.65	84.44	21.26	1.70
131.80	24.25	38.57	83.54	21.66	1.72
132.40	24.00	37.91	82.73	24.50	1.57
133.00	23.57	37.82	81.35	22.23	1.56
133.60	23.45	37.88	79.97	17.74	1.64
134.20	24.13	37.81	80.33	21.44	1.55
134.80	23.92	37.60	80.36	21.66	1.55
135.40	23.40	37.44	79.89	18.43	1.63
136.00	23.01	37.52	79.28	21.67	1.53
136.60	23.37	37.51	78.75	24.06	1.45
137.20	24.27	37.50	78.36	24.29	1.43
137.80	25.07	38.30	78.47	20.94	1.50
138.40	25.55	39.19	79.44	18.74	1.55
139.00	25.76	39.90	81.37	19.70	1.53
139.60	25.87	39.88	82.39	21.46	1.52
140.20	25.97	39.15	82.82	23.24	1.51
140.80	25.88	38.17	82.76	24.93	1.50
141.40	24.44	38.68	82.39	27.99	1.41
142.00	23.63	38.34	82.06	29.03	1.37
142.60	23.72	37.44	81.80	26.72	1.47
143.20	25.06	38.37	83.36	26.81	1.47
143.80	25.44	39.00	84.65	27.35	1.47
144.40	25.10	39.03	85.31	27.56	1.48
145.00	24.38	38.40	85.28	25.18	1.56
145.60	23.90	37.86	84.99	23.33	1.62
146.20	23.64	37.65	84.63	22.38	1.65
146.80	23.38	38.00	83.66	23.38	1.58
147.40	23.71	38.35	83.55	23.87	1.55
148.00	24.01	38.52	84.39	23.47	1.57
148.60	22.67	38.42	84.30	24.32	1.55
149.20	21.78	37.46	83.64	24.83	1.56
149.80	21.57	36.21	82.59	24.77	1.59
150.40	22.47	36.16	81.63	25.06	1.56
151.00	22.45	36.26	80.99	23.75	1.58
151.60	22.04	36.80	80.88	20.40	1.65
152.20	23.16	39.31	82.01	19.52	1.61
152.80	25.55	42.07	86.06	21.62	1.54
153.40	27.54	44.02	90.99	24.46	1.50
154.00	28.09	44.66	93.03	24.42	1.53
154.60	27.10	43.82	94.15	21.59	1.64
155.20	26.31	42.63	94.73	19.56	1.73
155.80	26.37	41.56	94.99	21.66	1.75
156.40	25.49	40.96	94.15	21.23	1.78
157.00	24.71	40.04	92.85	20.40	1.80
157.60	24.25	38.60	91.54	20.07	1.83
158.20	24.18	38.01	89.66	21.62	1.77
158.80	24.33	37.81	87.74	22.86	1.70
159.40	24.64	37.56	86.04	21.32	1.72
160.00	25.02	38.29	84.71	24.27	1.59
160.60	25.16	39.36	84.03	27.96	1.43
161.20	24.84	40.32	84.36	21.17	1.55
161.80	25.63	41.36	86.14	20.44	1.57
162.40	26.43	41.85	87.55	21.45	1.57
163.00	26.73	41.47	87.28	19.41	1.62
163.60	25.79	40.73	86.55	20.71	1.60
164.20	25.13	40.17	85.79	22.92	1.55
164.80	25.60	40.07	85.11	24.10	1.50
165.40	25.72	40.12	85.15	24.06	1.51
166.00	25.72	39.98	85.19	23.50	1.53
166.60	25.70	39.60	84.82	22.87	1.55
167.20	25.71	39.09	83.47	21.59	1.57
167.80	26.14	38.98	82.69	20.68	1.58
168.40	26.84	39.26	83.29	20.57	1.59
169.00	26.03	39.48	83.07	23.05	1.51
169.60	25.97	39.43	83.92	24.25	1.50
170.20	26.09	39.29	85.51	23.62	1.55
170.80	25.60	39.24	85.81	22.98	1.58
171.40	25.22	39.06	85.00	21.36	1.60
172.00	24.83	38.58	84.04	19.98	1.65
172.60	24.35	37.64	83.58	19.74	1.75
173.20	24.16	36.94	82.77	20.36	1.73
173.80	24.03	37.51	82.66	22.03	1.63
174.40	24.05	38.85	84.07	25.46	1.49
175.00	25.50	37.17	83.63	23.16	1.58
175.60	25.05	36.80	82.96	22.41	1.61
176.20	24.40	37.21	82.51	23.61	1.56
176.80	25.06	37.66	82.96	25.67	1.51
177.40	24.80	37.79	82.79	22.39	1.59
178.00	24.97	38.42	83.64	19.39	1.67
=======
TIEMPO	VFSCd	VFSCi	PAMn	PCC	RAP
0.40	24.96	38.42	80.41	22.55	1.47
1.00	25.00	39.39	80.73	24.67	1.40
1.60	25.19	39.56	81.13	25.59	1.39
2.20	25.72	38.76	81.69	25.35	1.43
2.80	24.35	38.55	81.43	23.92	1.50
3.40	23.10	38.50	80.76	22.60	1.49
4.00	23.09	38.45	80.02	21.98	1.30
4.60	23.38	38.11	79.41	23.33	1.31
5.20	24.22	38.17	79.42	25.48	1.39
5.80	25.92	39.02	80.54	28.62	1.33
6.40	25.41	40.13	82.33	27.02	1.38
7.00	24.70	40.86	84.35	24.02	1.46
7.60	25.18	40.80	86.15	23.17	1.37
8.20	26.05	41.11	88.38	24.69	1.39
8.80	26.42	41.28	90.73	27.50	1.49
9.40	25.45	40.67	91.88	29.73	1.52
10.00	24.99	40.31	92.82	29.18	1.59
10.60	25.01	40.14	93.61	25.90	1.70
11.20	24.08	39.42	93.02	26.79	1.68
11.80	23.56	38.72	91.71	27.58	1.64
12.40	24.16	38.29	90.04	25.46	1.67
13.00	23.95	37.52	87.73	23.31	1.70
13.60	23.21	36.69	85.09	21.75	1.71
14.20	21.49	36.01	83.61	21.89	1.70
14.80	21.02	35.40	82.35	22.25	1.69
15.40	22.06	34.88	80.77	21.43	1.69
16.00	21.73	35.82	79.55	23.85	1.57
16.60	21.83	37.02	78.88	25.44	1.46
17.20	23.53	37.86	79.24	19.55	1.56
17.80	24.09	38.22	79.40	19.04	1.56
18.40	24.15	38.51	79.44	23.50	1.45
19.00	24.47	38.99	80.55	24.03	1.44
19.60	24.78	39.91	81.95	24.41	1.44
20.20	25.05	40.66	83.41	25.08	1.43
20.80	25.23	40.62	84.22	26.32	1.41
21.40	25.61	40.52	85.18	26.47	1.44
22.00	26.04	40.46	86.40	25.33	1.52
22.60	24.73	39.33	86.14	23.46	1.59
23.20	24.05	39.35	85.96	22.54	1.61
23.80	24.24	40.57	86.69	23.40	1.56
24.40	24.46	39.90	86.51	24.79	1.53
25.00	24.67	39.29	85.94	24.72	1.54
25.60	24.85	39.08	85.18	21.13	1.63
26.20	25.12	39.92	85.75	24.94	1.53
26.80	25.42	41.05	87.40	29.13	1.43
27.40	25.68	42.11	90.26	25.55	1.53
28.00	26.06	41.75	91.99	26.15	1.57
28.60	26.29	40.90	92.66	28.56	1.57
29.20	26.20	40.28	92.46	27.91	1.59
29.80	25.69	39.90	91.64	27.83	1.58
30.40	24.85	39.70	90.31	29.91	1.50
31.00	24.23	39.15	88.19	24.64	1.62
31.60	24.00	38.56	86.09	19.68	1.72
32.20	24.45	38.07	84.73	21.77	1.64
32.80	23.50	37.82	83.11	23.27	1.57
33.40	22.42	37.85	81.31	23.51	1.52
34.00	22.94	38.51	80.39	24.93	1.45
34.60	23.92	38.92	79.95	26.13	1.39
35.20	25.11	38.87	79.52	26.42	1.36
35.80	25.44	40.68	81.30	26.29	1.35
36.40	25.60	41.52	83.01	25.43	1.37
37.00	25.73	40.99	83.24	22.52	1.46
37.60	25.29	40.18	83.31	24.32	1.45
38.20	25.25	39.98	83.50	26.95	1.40
38.80	26.35	41.00	83.90	28.52	1.33
39.40	26.54	41.73	85.38	24.82	1.43
40.00	26.64	42.32	87.26	21.70	1.54
40.60	27.11	42.83	89.09	22.93	1.54
41.20	26.52	42.90	90.29	26.83	1.48
41.80	26.21	42.66	91.25	29.50	1.46
42.40	27.42	42.06	92.31	27.89	1.55
43.00	27.02	41.85	93.21	27.27	1.53
43.60	26.51	41.76	94.25	27.21	1.51
44.20	26.81	41.66	95.61	26.86	1.60
44.80	26.89	41.59	96.98	26.93	1.68
45.40	26.35	40.97	97.34	27.09	1.70
46.00	25.00	39.60	95.64	26.71	1.58
46.60	24.92	38.38	94.28	28.05	1.62
47.20	24.68	37.28	92.67	28.74	1.71
47.80	23.52	36.22	89.88	25.86	1.76
48.40	22.52	36.14	88.29	24.86	1.73
49.00	22.27	36.37	87.67	25.27	1.67
49.60	23.21	36.47	86.87	24.25	1.69
50.20	23.24	36.53	86.04	23.62	1.69
50.80	23.18	36.80	85.27	23.45	1.67
51.40	24.17	37.62	84.77	22.68	1.64
52.00	24.32	38.01	84.63	21.98	1.63
52.60	24.49	38.30	84.91	21.76	1.64
53.20	25.51	38.83	86.15	22.81	1.62
53.80	25.35	39.09	86.68	24.89	1.56
54.40	24.80	39.10	86.75	26.81	1.52
55.00	24.65	39.06	86.75	27.19	1.51
55.60	23.94	38.35	86.41	27.53	1.52
56.20	24.15	38.39	86.50	27.63	1.54
56.80	26.53	40.20	90.03	25.16	1.59
57.40	26.97	41.58	93.03	25.37	1.62
58.00	26.19	41.75	94.86	26.26	1.64
58.60	24.68	40.12	95.07	24.95	1.74
59.20	24.12	39.37	95.17	24.52	1.79
59.80	24.10	38.94	95.26	25.11	1.80
60.40	24.36	37.91	93.81	20.89	1.92
61.00	23.87	37.05	92.19	18.01	2.02
61.60	22.74	36.42	90.75	17.51	2.08
62.20	22.26	35.50	88.64	20.25	1.96
62.80	22.06	35.05	86.50	22.45	1.83
63.40	22.19	35.55	84.81	20.29	1.81
64.00	21.74	35.40	83.07	21.78	1.72
64.60	21.58	35.41	81.45	26.43	1.56
65.20	22.72	36.78	81.86	20.71	1.66
65.80	23.84	37.70	82.46	17.57	1.72
66.40	24.72	38.07	82.88	19.59	1.65
67.00	24.55	37.66	83.05	22.00	1.60
67.60	24.58	37.70	83.38	23.46	1.57
68.20	25.01	38.40	84.28	22.24	1.59
68.80	24.45	38.86	84.67	23.18	1.57
69.40	24.34	38.97	85.14	24.66	1.55
70.00	25.10	38.74	86.16	25.34	1.55
70.60	25.46	38.50	86.88	28.00	1.51
71.20	25.51	38.48	87.36	29.64	1.49
71.80	25.31	38.84	87.58	27.76	1.53
72.40	25.49	37.92	87.76	26.59	1.59
73.00	25.73	38.31	88.53	25.83	1.63
73.60	25.82	39.52	90.22	25.46	1.63
74.20	25.07	38.19	89.39	23.38	1.73
74.80	24.44	36.77	87.93	22.27	1.78
75.40	24.05	35.72	86.23	22.52	1.76
76.00	23.81	35.68	84.76	23.35	1.71
76.60	23.76	35.71	83.48	24.26	1.65
77.20	23.86	35.71	82.18	25.11	1.58
77.80	24.59	36.51	82.42	25.20	1.58
78.40	24.93	37.53	83.27	23.77	1.61
79.00	24.76	38.64	84.29	19.79	1.67
79.60	25.07	39.23	85.12	19.72	1.67
80.20	25.34	39.84	85.88	20.67	1.64
80.80	25.51	40.62	86.66	20.57	1.62
81.40	25.10	40.76	86.95	24.80	1.52
82.00	24.85	40.67	86.87	26.97	1.48
82.60	25.20	40.31	86.15	20.44	1.62
83.20	25.93	40.97	87.18	17.72	1.69
83.80	26.60	41.94	89.08	18.92	1.66
84.40	27.08	43.02	91.26	24.41	1.54
85.00	26.32	42.82	91.45	21.96	1.60
85.60	25.66	42.29	90.95	18.47	1.70
86.20	25.84	41.97	91.12	21.62	1.65
86.80	26.15	41.48	90.58	23.36	1.61
87.40	26.13	41.31	89.98	23.19	1.60
88.00	25.54	41.85	91.62	21.39	1.66
88.60	25.51	41.63	92.32	22.85	1.65
89.20	25.74	41.25	92.14	23.58	1.64
89.80	26.18	41.21	91.34	18.61	1.73
90.40	25.29	41.05	91.46	21.16	1.70
91.00	25.17	41.35	92.02	24.76	1.64
91.60	26.30	42.17	92.78	24.05	1.63
92.20	25.57	40.33	92.18	23.38	1.70
92.80	24.82	39.01	90.94	22.13	1.76
93.40	24.31	38.60	89.32	19.81	1.77
94.00	23.39	38.30	87.92	18.71	1.84
94.60	22.81	37.74	86.27	19.30	1.84
95.20	22.93	36.56	83.89	22.55	1.69
95.80	23.19	37.27	83.17	20.63	1.68
96.40	23.28	37.69	82.72	18.52	1.70
97.00	22.98	36.65	81.52	19.96	1.66
97.60	23.43	36.31	80.04	22.30	1.58
98.20	23.54	36.32	78.60	23.61	1.52
98.80	22.62	36.39	77.21	21.82	1.51
99.40	23.49	37.00	77.00	21.59	1.49
100.00	24.24	37.59	77.40	22.07	1.47
100.60	22.97	37.68	77.87	21.85	1.51
101.20	23.18	38.13	78.15	22.62	1.48
101.80	23.92	38.52	78.45	24.34	1.41
102.40	24.66	38.35	78.95	27.07	1.34
103.00	25.63	39.22	79.86	28.76	1.30
103.60	26.26	40.13	81.83	29.34	1.30
104.20	26.33	40.62	85.81	28.59	1.39
104.80	26.25	40.28	87.79	29.60	1.44
105.40	25.55	39.57	88.13	29.45	1.48
106.00	24.45	38.64	87.12	27.07	1.54
106.60	24.28	37.83	86.62	20.86	1.74
107.20	23.72	36.60	86.14	18.31	1.84
107.80	22.76	35.18	85.46	22.72	1.75
108.40	22.51	35.17	85.06	26.26	1.66
109.00	22.04	35.37	84.62	27.84	1.60
109.60	21.35	35.54	83.95	26.77	1.59
110.20	21.32	35.95	83.66	25.67	1.62
110.80	21.52	36.14	83.53	24.54	1.65
111.40	21.86	36.06	83.33	23.33	1.65
112.00	23.59	37.03	84.35	22.82	1.66
112.60	24.60	37.36	85.06	22.65	1.67
113.20	24.69	37.02	84.79	22.64	1.69
113.80	23.23	36.56	84.00	20.29	1.74
114.40	22.45	36.12	82.92	19.17	1.75
115.00	22.60	35.76	81.64	21.49	1.67
115.60	22.67	35.56	80.18	24.27	1.57
116.20	22.65	35.62	79.26	25.84	1.51
116.80	22.59	35.98	79.70	24.18	1.54
117.40	23.02	36.46	79.54	24.19	1.51
118.00	23.27	37.24	79.77	23.28	1.51
118.60	23.14	38.35	80.95	19.71	1.59
119.20	24.17	40.01	83.40	22.47	1.52
119.80	25.61	41.42	86.28	26.23	1.46
120.40	27.06	42.26	89.23	27.61	1.47
121.00	26.97	41.48	91.24	24.56	1.60
121.60	26.40	40.48	92.82	22.10	1.72
122.20	25.66	39.50	94.07	21.94	1.80
122.80	25.32	38.07	93.63	21.61	1.87
123.40	24.53	37.40	92.61	22.26	1.89
124.00	23.10	37.72	91.74	25.93	1.76
124.60	22.37	36.53	89.60	25.41	1.76
125.20	22.21	35.63	87.77	24.02	1.77
125.80	22.70	36.54	87.83	24.80	1.74
126.40	23.34	36.80	87.63	24.13	1.73
127.00	23.78	36.66	87.01	22.48	1.75
127.60	23.64	36.20	86.12	22.47	1.73
128.20	23.12	35.95	85.06	23.53	1.69
128.80	22.64	36.11	83.94	25.23	1.64
129.40	23.88	37.65	84.71	21.89	1.66
130.00	24.33	38.49	85.38	19.64	1.67
130.60	23.95	38.53	85.16	21.21	1.63
131.20	24.13	38.65	84.44	21.26	1.70
131.80	24.25	38.57	83.54	21.66	1.72
132.40	24.00	37.91	82.73	24.50	1.57
133.00	23.57	37.82	81.35	22.23	1.56
133.60	23.45	37.88	79.97	17.74	1.64
134.20	24.13	37.81	80.33	21.44	1.55
134.80	23.92	37.60	80.36	21.66	1.55
135.40	23.40	37.44	79.89	18.43	1.63
136.00	23.01	37.52	79.28	21.67	1.53
136.60	23.37	37.51	78.75	24.06	1.45
137.20	24.27	37.50	78.36	24.29	1.43
137.80	25.07	38.30	78.47	20.94	1.50
138.40	25.55	39.19	79.44	18.74	1.55
139.00	25.76	39.90	81.37	19.70	1.53
139.60	25.87	39.88	82.39	21.46	1.52
140.20	25.97	39.15	82.82	23.24	1.51
140.80	25.88	38.17	82.76	24.93	1.50
141.40	24.44	38.68	82.39	27.99	1.41
142.00	23.63	38.34	82.06	29.03	1.37
142.60	23.72	37.44	81.80	26.72	1.47
143.20	25.06	38.37	83.36	26.81	1.47
143.80	25.44	39.00	84.65	27.35	1.47
144.40	25.10	39.03	85.31	27.56	1.48
145.00	24.38	38.40	85.28	25.18	1.56
145.60	23.90	37.86	84.99	23.33	1.62
146.20	23.64	37.65	84.63	22.38	1.65
146.80	23.38	38.00	83.66	23.38	1.58
147.40	23.71	38.35	83.55	23.87	1.55
148.00	24.01	38.52	84.39	23.47	1.57
148.60	22.67	38.42	84.30	24.32	1.55
149.20	21.78	37.46	83.64	24.83	1.56
149.80	21.57	36.21	82.59	24.77	1.59
150.40	22.47	36.16	81.63	25.06	1.56
151.00	22.45	36.26	80.99	23.75	1.58
151.60	22.04	36.80	80.88	20.40	1.65
152.20	23.16	39.31	82.01	19.52	1.61
152.80	25.55	42.07	86.06	21.62	1.54
153.40	27.54	44.02	90.99	24.46	1.50
154.00	28.09	44.66	93.03	24.42	1.53
154.60	27.10	43.82	94.15	21.59	1.64
155.20	26.31	42.63	94.73	19.56	1.73
155.80	26.37	41.56	94.99	21.66	1.75
156.40	25.49	40.96	94.15	21.23	1.78
157.00	24.71	40.04	92.85	20.40	1.80
157.60	24.25	38.60	91.54	20.07	1.83
158.20	24.18	38.01	89.66	21.62	1.77
158.80	24.33	37.81	87.74	22.86	1.70
159.40	24.64	37.56	86.04	21.32	1.72
160.00	25.02	38.29	84.71	24.27	1.59
160.60	25.16	39.36	84.03	27.96	1.43
161.20	24.84	40.32	84.36	21.17	1.55
161.80	25.63	41.36	86.14	20.44	1.57
162.40	26.43	41.85	87.55	21.45	1.57
163.00	26.73	41.47	87.28	19.41	1.62
163.60	25.79	40.73	86.55	20.71	1.60
164.20	25.13	40.17	85.79	22.92	1.55
164.80	25.60	40.07	85.11	24.10	1.50
165.40	25.72	40.12	85.15	24.06	1.51
166.00	25.72	39.98	85.19	23.50	1.53
166.60	25.70	39.60	84.82	22.87	1.55
167.20	25.71	39.09	83.47	21.59	1.57
167.80	26.14	38.98	82.69	20.68	1.58
168.40	26.84	39.26	83.29	20.57	1.59
169.00	26.03	39.48	83.07	23.05	1.51
169.60	25.97	39.43	83.92	24.25	1.50
170.20	26.09	39.29	85.51	23.62	1.55
170.80	25.60	39.24	85.81	22.98	1.58
171.40	25.22	39.06	85.00	21.36	1.60
172.00	24.83	38.58	84.04	19.98	1.65
172.60	24.35	37.64	83.58	19.74	1.75
173.20	24.16	36.94	82.77	20.36	1.73
173.80	24.03	37.51	82.66	22.03	1.63
174.40	24.05	38.85	84.07	25.46	1.49
175.00	25.50	37.17	83.63	23.16	1.58
175.60	25.05	36.80	82.96	22.41	1.61
176.20	24.40	37.21	82.51	23.61	1.56
176.80	25.06	37.66	82.96	25.67	1.51
177.40	24.80	37.79	82.79	22.39	1.59
178.00	24.97	38.42	83.64	19.39	1.67
>>>>>>> 4966aae922150d281e7f47d431009d8054258bc0
=======
TIEMPO	VFSCd	VFSCi	PAMn	PCC	RAP
0.40	24.96	38.42	80.41	22.55	1.47
1.00	25.00	39.39	80.73	24.67	1.40
1.60	25.19	39.56	81.13	25.59	1.39
2.20	25.72	38.76	81.69	25.35	1.43
2.80	24.35	38.55	81.43	23.92	1.50
3.40	23.10	38.50	80.76	22.60	1.49
4.00	23.09	38.45	80.02	21.98	1.30
4.60	23.38	38.11	79.41	23.33	1.31
5.20	24.22	38.17	79.42	25.48	1.39
5.80	25.92	39.02	80.54	28.62	1.33
6.40	25.41	40.13	82.33	27.02	1.38
7.00	24.70	40.86	84.35	24.02	1.46
7.60	25.18	40.80	86.15	23.17	1.37
8.20	26.05	41.11	88.38	24.69	1.39
8.80	26.42	41.28	90.73	27.50	1.49
9.40	25.45	40.67	91.88	29.73	1.52
10.00	24.99	40.31	92.82	29.18	1.59
10.60	25.01	40.14	93.61	25.90	1.70
11.20	24.08	39.42	93.02	26.79	1.68
11.80	23.56	38.72	91.71	27.58	1.64
12.40	24.16	38.29	90.04	25.46	1.67
13.00	23.95	37.52	87.73	23.31	1.70
13.60	23.21	36.69	85.09	21.75	1.71
14.20	21.49	36.01	83.61	21.89	1.70
14.80	21.02	35.40	82.35	22.25	1.69
15.40	22.06	34.88	80.77	21.43	1.69
16.00	21.73	35.82	79.55	23.85	1.57
16.60	21.83	37.02	78.88	25.44	1.46
17.20	23.53	37.86	79.24	19.55	1.56
17.80	24.09	38.22	79.40	19.04	1.56
18.40	24.15	38.51	79.44	23.50	1.45
19.00	24.47	38.99	80.55	24.03	1.44
19.60	24.78	39.91	81.95	24.41	1.44
20.20	25.05	40.66	83.41	25.08	1.43
20.80	25.23	40.62	84.22	26.32	1.41
21.40	25.61	40.52	85.18	26.47	1.44
22.00	26.04	40.46	86.40	25.33	1.52
22.60	24.73	39.33	86.14	23.46	1.59
23.20	24.05	39.35	85.96	22.54	1.61
23.80	24.24	40.57	86.69	23.40	1.56
24.40	24.46	39.90	86.51	24.79	1.53
25.00	24.67	39.29	85.94	24.72	1.54
25.60	24.85	39.08	85.18	21.13	1.63
26.20	25.12	39.92	85.75	24.94	1.53
26.80	25.42	41.05	87.40	29.13	1.43
27.40	25.68	42.11	90.26	25.55	1.53
28.00	26.06	41.75	91.99	26.15	1.57
28.60	26.29	40.90	92.66	28.56	1.57
29.20	26.20	40.28	92.46	27.91	1.59
29.80	25.69	39.90	91.64	27.83	1.58
30.40	24.85	39.70	90.31	29.91	1.50
31.00	24.23	39.15	88.19	24.64	1.62
31.60	24.00	38.56	86.09	19.68	1.72
32.20	24.45	38.07	84.73	21.77	1.64
32.80	23.50	37.82	83.11	23.27	1.57
33.40	22.42	37.85	81.31	23.51	1.52
34.00	22.94	38.51	80.39	24.93	1.45
34.60	23.92	38.92	79.95	26.13	1.39
35.20	25.11	38.87	79.52	26.42	1.36
35.80	25.44	40.68	81.30	26.29	1.35
36.40	25.60	41.52	83.01	25.43	1.37
37.00	25.73	40.99	83.24	22.52	1.46
37.60	25.29	40.18	83.31	24.32	1.45
38.20	25.25	39.98	83.50	26.95	1.40
38.80	26.35	41.00	83.90	28.52	1.33
39.40	26.54	41.73	85.38	24.82	1.43
40.00	26.64	42.32	87.26	21.70	1.54
40.60	27.11	42.83	89.09	22.93	1.54
41.20	26.52	42.90	90.29	26.83	1.48
41.80	26.21	42.66	91.25	29.50	1.46
42.40	27.42	42.06	92.31	27.89	1.55
43.00	27.02	41.85	93.21	27.27	1.53
43.60	26.51	41.76	94.25	27.21	1.51
44.20	26.81	41.66	95.61	26.86	1.60
44.80	26.89	41.59	96.98	26.93	1.68
45.40	26.35	40.97	97.34	27.09	1.70
46.00	25.00	39.60	95.64	26.71	1.58
46.60	24.92	38.38	94.28	28.05	1.62
47.20	24.68	37.28	92.67	28.74	1.71
47.80	23.52	36.22	89.88	25.86	1.76
48.40	22.52	36.14	88.29	24.86	1.73
49.00	22.27	36.37	87.67	25.27	1.67
49.60	23.21	36.47	86.87	24.25	1.69
50.20	23.24	36.53	86.04	23.62	1.69
50.80	23.18	36.80	85.27	23.45	1.67
51.40	24.17	37.62	84.77	22.68	1.64
52.00	24.32	38.01	84.63	21.98	1.63
52.60	24.49	38.30	84.91	21.76	1.64
53.20	25.51	38.83	86.15	22.81	1.62
53.80	25.35	39.09	86.68	24.89	1.56
54.40	24.80	39.10	86.75	26.81	1.52
55.00	24.65	39.06	86.75	27.19	1.51
55.60	23.94	38.35	86.41	27.53	1.52
56.20	24.15	38.39	86.50	27.63	1.54
56.80	26.53	40.20	90.03	25.16	1.59
57.40	26.97	41.58	93.03	25.37	1.62
58.00	26.19	41.75	94.86	26.26	1.64
58.60	24.68	40.12	95.07	24.95	1.74
59.20	24.12	39.37	95.17	24.52	1.79
59.80	24.10	38.94	95.26	25.11	1.80
60.40	24.36	37.91	93.81	20.89	1.92
61.00	23.87	37.05	92.19	18.01	2.02
61.60	22.74	36.42	90.75	17.51	2.08
62.20	22.26	35.50	88.64	20.25	1.96
62.80	22.06	35.05	86.50	22.45	1.83
63.40	22.19	35.55	84.81	20.29	1.81
64.00	21.74	35.40	83.07	21.78	1.72
64.60	21.58	35.41	81.45	26.43	1.56
65.20	22.72	36.78	81.86	20.71	1.66
65.80	23.84	37.70	82.46	17.57	1.72
66.40	24.72	38.07	82.88	19.59	1.65
67.00	24.55	37.66	83.05	22.00	1.60
67.60	24.58	37.70	83.38	23.46	1.57
68.20	25.01	38.40	84.28	22.24	1.59
68.80	24.45	38.86	84.67	23.18	1.57
69.40	24.34	38.97	85.14	24.66	1.55
70.00	25.10	38.74	86.16	25.34	1.55
70.60	25.46	38.50	86.88	28.00	1.51
71.20	25.51	38.48	87.36	29.64	1.49
71.80	25.31	38.84	87.58	27.76	1.53
72.40	25.49	37.92	87.76	26.59	1.59
73.00	25.73	38.31	88.53	25.83	1.63
73.60	25.82	39.52	90.22	25.46	1.63
74.20	25.07	38.19	89.39	23.38	1.73
74.80	24.44	36.77	87.93	22.27	1.78
75.40	24.05	35.72	86.23	22.52	1.76
76.00	23.81	35.68	84.76	23.35	1.71
76.60	23.76	35.71	83.48	24.26	1.65
77.20	23.86	35.71	82.18	25.11	1.58
77.80	24.59	36.51	82.42	25.20	1.58
78.40	24.93	37.53	83.27	23.77	1.61
79.00	24.76	38.64	84.29	19.79	1.67
79.60	25.07	39.23	85.12	19.72	1.67
80.20	25.34	39.84	85.88	20.67	1.64
80.80	25.51	40.62	86.66	20.57	1.62
81.40	25.10	40.76	86.95	24.80	1.52
82.00	24.85	40.67	86.87	26.97	1.48
82.60	25.20	40.31	86.15	20.44	1.62
83.20	25.93	40.97	87.18	17.72	1.69
83.80	26.60	41.94	89.08	18.92	1.66
84.40	27.08	43.02	91.26	24.41	1.54
85.00	26.32	42.82	91.45	21.96	1.60
85.60	25.66	42.29	90.95	18.47	1.70
86.20	25.84	41.97	91.12	21.62	1.65
86.80	26.15	41.48	90.58	23.36	1.61
87.40	26.13	41.31	89.98	23.19	1.60
88.00	25.54	41.85	91.62	21.39	1.66
88.60	25.51	41.63	92.32	22.85	1.65
89.20	25.74	41.25	92.14	23.58	1.64
89.80	26.18	41.21	91.34	18.61	1.73
90.40	25.29	41.05	91.46	21.16	1.70
91.00	25.17	41.35	92.02	24.76	1.64
91.60	26.30	42.17	92.78	24.05	1.63
92.20	25.57	40.33	92.18	23.38	1.70
92.80	24.82	39.01	90.94	22.13	1.76
93.40	24.31	38.60	89.32	19.81	1.77
94.00	23.39	38.30	87.92	18.71	1.84
94.60	22.81	37.74	86.27	19.30	1.84
95.20	22.93	36.56	83.89	22.55	1.69
95.80	23.19	37.27	83.17	20.63	1.68
96.40	23.28	37.69	82.72	18.52	1.70
97.00	22.98	36.65	81.52	19.96	1.66
97.60	23.43	36.31	80.04	22.30	1.58
98.20	23.54	36.32	78.60	23.61	1.52
98.80	22.62	36.39	77.21	21.82	1.51
99.40	23.49	37.00	77.00	21.59	1.49
100.00	24.24	37.59	77.40	22.07	1.47
100.60	22.97	37.68	77.87	21.85	1.51
101.20	23.18	38.13	78.15	22.62	1.48
101.80	23.92	38.52	78.45	24.34	1.41
102.40	24.66	38.35	78.95	27.07	1.34
103.00	25.63	39.22	79.86	28.76	1.30
103.60	26.26	40.13	81.83	29.34	1.30
104.20	26.33	40.62	85.81	28.59	1.39
104.80	26.25	40.28	87.79	29.60	1.44
105.40	25.55	39.57	88.13	29.45	1.48
106.00	24.45	38.64	87.12	27.07	1.54
106.60	24.28	37.83	86.62	20.86	1.74
107.20	23.72	36.60	86.14	18.31	1.84
107.80	22.76	35.18	85.46	22.72	1.75
108.40	22.51	35.17	85.06	26.26	1.66
109.00	22.04	35.37	84.62	27.84	1.60
109.60	21.35	35.54	83.95	26.77	1.59
110.20	21.32	35.95	83.66	25.67	1.62
110.80	21.52	36.14	83.53	24.54	1.65
111.40	21.86	36.06	83.33	23.33	1.65
112.00	23.59	37.03	84.35	22.82	1.66
112.60	24.60	37.36	85.06	22.65	1.67
113.20	24.69	37.02	84.79	22.64	1.69
113.80	23.23	36.56	84.00	20.29	1.74
114.40	22.45	36.12	82.92	19.17	1.75
115.00	22.60	35.76	81.64	21.49	1.67
115.60	22.67	35.56	80.18	24.27	1.57
116.20	22.65	35.62	79.26	25.84	1.51
116.80	22.59	35.98	79.70	24.18	1.54
117.40	23.02	36.46	79.54	24.19	1.51
118.00	23.27	37.24	79.77	23.28	1.51
118.60	23.14	38.35	80.95	19.71	1.59
119.20	24.17	40.01	83.40	22.47	1.52
119.80	25.61	41.42	86.28	26.23	1.46
120.40	27.06	42.26	89.23	27.61	1.47
121.00	26.97	41.48	91.24	24.56	1.60
121.60	26.40	40.48	92.82	22.10	1.72
122.20	25.66	39.50	94.07	21.94	1.80
122.80	25.32	38.07	93.63	21.61	1.87
123.40	24.53	37.40	92.61	22.26	1.89
124.00	23.10	37.72	91.74	25.93	1.76
124.60	22.37	36.53	89.60	25.41	1.76
125.20	22.21	35.63	87.77	24.02	1.77
125.80	22.70	36.54	87.83	24.80	1.74
126.40	23.34	36.80	87.63	24.13	1.73
127.00	23.78	36.66	87.01	22.48	1.75
127.60	23.64	36.20	86.12	22.47	1.73
128.20	23.12	35.95	85.06	23.53	1.69
128.80	22.64	36.11	83.94	25.23	1.64
129.40	23.88	37.65	84.71	21.89	1.66
130.00	24.33	38.49	85.38	19.64	1.67
130.60	23.95	38.53	85.16	21.21	1.63
131.20	24.13	38.65	84.44	21.26	1.70
131.80	24.25	38.57	83.54	21.66	1.72
132.40	24.00	37.91	82.73	24.50	1.57
133.00	23.57	37.82	81.35	22.23	1.56
133.60	23.45	37.88	79.97	17.74	1.64
134.20	24.13	37.81	80.33	21.44	1.55
134.80	23.92	37.60	80.36	21.66	1.55
135.40	23.40	37.44	79.89	18.43	1.63
136.00	23.01	37.52	79.28	21.67	1.53
136.60	23.37	37.51	78.75	24.06	1.45
137.20	24.27	37.50	78.36	24.29	1.43
137.80	25.07	38.30	78.47	20.94	1.50
138.40	25.55	39.19	79.44	18.74	1.55
139.00	25.76	39.90	81.37	19.70	1.53
139.60	25.87	39.88	82.39	21.46	1.52
140.20	25.97	39.15	82.82	23.24	1.51
140.80	25.88	38.17	82.76	24.93	1.50
141.40	24.44	38.68	82.39	27.99	1.41
142.00	23.63	38.34	82.06	29.03	1.37
142.60	23.72	37.44	81.80	26.72	1.47
143.20	25.06	38.37	83.36	26.81	1.47
143.80	25.44	39.00	84.65	27.35	1.47
144.40	25.10	39.03	85.31	27.56	1.48
145.00	24.38	38.40	85.28	25.18	1.56
145.60	23.90	37.86	84.99	23.33	1.62
146.20	23.64	37.65	84.63	22.38	1.65
146.80	23.38	38.00	83.66	23.38	1.58
147.40	23.71	38.35	83.55	23.87	1.55
148.00	24.01	38.52	84.39	23.47	1.57
148.60	22.67	38.42	84.30	24.32	1.55
149.20	21.78	37.46	83.64	24.83	1.56
149.80	21.57	36.21	82.59	24.77	1.59
150.40	22.47	36.16	81.63	25.06	1.56
151.00	22.45	36.26	80.99	23.75	1.58
151.60	22.04	36.80	80.88	20.40	1.65
152.20	23.16	39.31	82.01	19.52	1.61
152.80	25.55	42.07	86.06	21.62	1.54
153.40	27.54	44.02	90.99	24.46	1.50
154.00	28.09	44.66	93.03	24.42	1.53
154.60	27.10	43.82	94.15	21.59	1.64
155.20	26.31	42.63	94.73	19.56	1.73
155.80	26.37	41.56	94.99	21.66	1.75
156.40	25.49	40.96	94.15	21.23	1.78
157.00	24.71	40.04	92.85	20.40	1.80
157.60	24.25	38.60	91.54	20.07	1.83
158.20	24.18	38.01	89.66	21.62	1.77
158.80	24.33	37.81	87.74	22.86	1.70
159.40	24.64	37.56	86.04	21.32	1.72
160.00	25.02	38.29	84.71	24.27	1.59
160.60	25.16	39.36	84.03	27.96	1.43
161.20	24.84	40.32	84.36	21.17	1.55
161.80	25.63	41.36	86.14	20.44	1.57
162.40	26.43	41.85	87.55	21.45	1.57
163.00	26.73	41.47	87.28	19.41	1.62
163.60	25.79	40.73	86.55	20.71	1.60
164.20	25.13	40.17	85.79	22.92	1.55
164.80	25.60	40.07	85.11	24.10	1.50
165.40	25.72	40.12	85.15	24.06	1.51
166.00	25.72	39.98	85.19	23.50	1.53
166.60	25.70	39.60	84.82	22.87	1.55
167.20	25.71	39.09	83.47	21.59	1.57
167.80	26.14	38.98	82.69	20.68	1.58
168.40	26.84	39.26	83.29	20.57	1.59
169.00	26.03	39.48	83.07	23.05	1.51
169.60	25.97	39.43	83.92	24.25	1.50
170.20	26.09	39.29	85.51	23.62	1.55
170.80	25.60	39.24	85.81	22.98	1.58
171.40	25.22	39.06	85.00	21.36	1.60
172.00	24.83	38.58	84.04	19.98	1.65
172.60	24.35	37.64	83.58	19.74	1.75
173.20	24.16	36.94	82.77	20.36	1.73
173.80	24.03	37.51	82.66	22.03	1.63
174.40	24.05	38.85	84.07	25.46	1.49
175.00	25.50	37.17	83.63	23.16	1.58
175.60	25.05	36.80	82.96	22.41	1.61
176.20	24.40	37.21	82.51	23.61	1.56
176.80	25.06	37.66	82.96	25.67	1.51
177.40	24.80	37.79	82.79	22.39	1.59
178.00	24.97	38.42	83.64	19.39	1.67
>>>>>>> 4966aae922150d281e7f47d431009d8054258bc0
178.60	26.27	39.95	86.65	20.61	1.64