Time	ABP	LCBFV	RCBFV
-78.0	0.06741172682284972	0.12092014744582746	0.12096051714703249
-77.6	0.15612652045881448	0.14830647919296158	0.13763605575647642
-77.2	0.2975677181095899	0.21931175006952408	0.16805553941521634
-76.8	0.4541929961230602	0.4003873520180843	0.23262291306792537
-76.4	0.6022759326594176	0.636763864534597	0.3564006805592177
-76.0	0.728842978426972	0.7292676382469581	0.5246260303021542
-75.6	0.8286774149961178	0.728548054750267	0.6564418214017387
-75.2	0.9016965055123313	0.7182353458492634	0.7082029298160464
-74.8	0.9508399671791976	0.7150921676611626	0.7033846857648287
-74.4	0.9804938551142541	0.7156067221094724	0.673593189502375
-74.0	0.9954043304929681	0.7165392619639728	0.6391197461107581
-73.6	1.0	0.7166077250908485	0.60862364583903
-73.2	0.9980295716085953	0.7155425829695572	0.5836993207280194
-72.8	0.9924249549652986	0.7135488646484789	0.5637491611964149
-72.4	0.9853119355764359	0.7109894247000565	0.5479742038273647
-72.0	0.9781062734164401	0.7082253160355019	0.5356580160818698
-71.6	0.9716492296567552	0.7055455251166767	0.5261527171272888
-71.2	0.9663511315561246	0.703148234679277	0.5188899998763974
-70.8	0.9623236563673749	0.7011433460585508	0.5133873140824798
-70.4	0.9594907526201965	0.699567613143663	0.5092432962255629
-70.0	0.9576746622991714	0.698404100319018	0.5061299734360096
-69.6	0.9566577430203744	0.6976020007378292	0.5037844297576708
-69.2	0.9562231973496089	0.6970950132666993	0.5020015477319122
-68.8	0.9561788834733969	0.6968121524530284	0.5006248681701031
-68.4	0.9563685425469809	0.6966889188246523	0.49954013822831556
-68.0	0.9566743894794315	0.6966691005510826	0.49866402053803327
-67.6	0.9570143460368283	0.6967105387594543	0.4979387166017393
-67.2	0.9573364377578013	0.6967815242120574	0.4973241707165039
-66.8	0.9576121506577112	0.6968600766418414	0.4967943063508873
-66.4	0.9578299177351507	0.6969339447524181	0.4963324560311877
-66.0	0.957989407519589	0.6969955615666064	0.4959251782463525
-65.6	0.958096919831518	0.6970431254231721	0.4955665587315208
-65.2	0.9581619444793907	0.697076275989871	0.49524987673116705
-64.8	0.9581947860024498	0.6970968149279337	0.49497190628263965
-64.4	0.9582050787931264	0.6971079852275817	0.49472888376284363
-64.0	0.9582009902739096	0.6971119488822959	0.4945170455486849
-63.6	0.958188916704134	0.697111228217802	0.49433289684729154
-63.2	0.9581735020197326	0.6971079852275817	0.4941748246773354
-62.8	0.9581578441679759	0.6971029405761278	0.4940387965855031
-62.4	0.958143788492917	0.6970975355924272	0.4939218554393623
-62.0	0.9581322395178903	0.69709285127322	0.4938223882575876
-61.6	0.9581234487809865	0.697089247950752	0.4937369002473053
-61.2	0.9581172565393483	0.697086004960533	0.4936645849178527
-60.8	0.9581132794628786	0.6970834826348051	0.4936024851367984
-60.4	0.9581110457117459	0.6970820413058183	0.4935495255832594
-60.0	0.9581100840793987	0.6970809603090786	0.4935043621061288
-59.6	0.9581099762417915	0.6970805999768315	0.49346565055430247
-59.2	0.9581103815302958	0.6970805999768315	0.4934328532673389
-58.8	0.9581110428175537	0.6970805999768315	0.4934046260941338
-58.4	0.9581117806622393	0.6970805999768315	0.49338016254402106
-58.0	0.9581124812152524	0.6970805999768315	0.49335919378678206
-57.6	0.9581130818120823	0.6970809603090786	0.4933417198224159
-57.2	0.9581135568127304	0.6970813206413249	0.49332639649981846
-56.8	0.9581139051649005	0.6970813206413249	0.4933134926492091
-56.4	0.9581141403645693	0.6970813206413249	0.4933024706101481
-56.0	0.9581142829423992	0.6970816809735716	0.4932930615524125
-55.6	0.9581143552699152	0.6970816809735716	0.49328499664578196
-55.2	0.9581143783060494	0.6970816809735716	0.4932782758902565
-54.8	0.9581143698449829	0.6970816809735716	0.4932720927951735
-54.4	0.9581143438404887	0.6970816809735716	0.4932672538511955
-54.0	0.9581143104373315	0.6970820413058183	0.49326349022810145
-53.6	0.9581142764141715	0.6970816809735716	0.4932597266050065
-53.2	0.9581142458186219	0.6970816809735716	0.493256769472576
-52.8	0.9581142206443499	0.6970816809735716	0.49325435000058704
-52.4	0.9581142014573277	0.6970816809735716	0.49325246818903956
-52.0	0.9581141879225274	0.6970816809735716	0.4932511240379345
-51.6	0.958114179213424	0.6970816809735716	0.4932495110566082
-51.2	0.958114174307155	0.6970816809735716	0.4932481669055031
-50.8	0.958114172179592	0.6970816809735716	0.4932476292450616
-50.4	0.9581141719200008	0.6970816809735716	0.493246822754398
-50.0	0.9581141727856862	0.6970816809735716	0.4932462850939565
-49.6	0.958114174215348	0.6970816809735716	0.4932457474335141
-49.2	0.958114175816698	0.6970816809735716	0.4932457474335141
-48.8	0.9581141773403621	0.6970816809735716	0.49324520977307174
-48.4	0.9581141786486354	0.6970816809735716	0.49324520977307174
-48.0	0.9581141796846981	0.6970816809735716	0.49324520977307174
-47.6	0.9581141804455386	0.6970816809735716	0.49324520977307174
-47.2	0.9581141809600576	0.6970816809735716	0.49324520977307174
-46.8	0.9581141812726701	0.6970816809735716	0.49324520977307174
-46.4	0.9581141814319384	0.6970816809735716	0.49324520977307174
-46.0	0.9581141814834578	0.6970816809735716	0.49324520977307174
-45.6	0.9581141814660036	0.6970816809735716	0.49324520977307174
-45.2	0.9581141814100037	0.6970816809735716	0.4932457474335141
-44.8	0.9581141813376217	0.6970816809735716	0.4932457474335141
-44.4	0.9581141812637005	0.6970816809735716	0.4932457474335141
-44.0	0.9581141811970996	0.6970816809735716	0.4932457474335141
-43.6	0.9581141811422268	0.6970816809735716	0.4932457474335141
-43.2	0.9581141811003462	0.6970816809735716	0.4932462850939565
-42.8	0.9581141810707701	0.6970816809735716	0.4932462850939565
-42.4	0.9581141810516962	0.6970816809735716	0.4932462850939565
-42.0	0.9581141810409202	0.6970816809735716	0.4932462850939565
-41.6	0.9581141810362146	0.6970816809735716	0.4932462850939565
-41.2	0.9581141810355953	0.6970816809735716	0.493246822754398
-40.8	0.9581141810374432	0.6970816809735716	0.493246822754398
-40.4	0.9581141810405337	0.6970816809735716	0.493246822754398
-40.0	0.9581141810440088	0.6970816809735716	0.493246822754398
-39.6	0.9581141810473229	0.6970816809735716	0.493246822754398
-39.2	0.9581141810501724	0.6970816809735716	0.493246822754398
-38.8	0.958114181052432	0.6970816809735716	0.4932473604148404
-38.4	0.958114181054094	0.6970816809735716	0.4932473604148404
-38.0	0.9581141810552191	0.6970816809735716	0.4932473604148404
-37.6	0.958114181055909	0.6970816809735716	0.4932473604148404
-37.2	0.958114181056257	0.6970816809735716	0.4932473604148404
-36.8	0.9581141810563671	0.6970816809735716	0.4932473604148404
-36.4	0.9581141810563303	0.6970816809735716	0.4932473604148404
-36.0	0.9581141810562113	0.6970816809735716	0.4932473604148404
-35.6	0.9581141810560556	0.6970816809735716	0.4932473604148404
-35.2	0.9581141810558998	0.6970816809735716	0.4932476292450616
-34.8	0.9581141810557531	0.6970816809735716	0.4932476292450616
-34.4	0.9581141810556342	0.6970816809735716	0.4932476292450616
-34.0	0.9581141810555424	0.6970816809735716	0.4932476292450616
-33.6	0.9581141810554785	0.6970816809735716	0.4932476292450616
-33.2	0.9581141810554344	0.6970816809735716	0.4932476292450616
-32.8	0.9581141810554105	0.6970816809735716	0.4932476292450616
-32.4	0.9581141810554005	0.6970816809735716	0.4932476292450616
-32.0	0.9581141810553986	0.6970816809735716	0.4932476292450616
-31.6	0.9581141810554022	0.6970816809735716	0.4932476292450616
-31.2	0.9581141810554096	0.6970816809735716	0.4932476292450616
-30.8	0.9581141810554169	0.6970816809735716	0.4932476292450616
-30.4	0.9581141810554241	0.6970816809735716	0.4932476292450616
-30.0	0.9581141810554298	0.6970816809735716	0.4932476292450616
-29.6	0.9581141810554351	0.6970816809735716	0.4932476292450616
-29.2	0.9581141810554389	0.6970816809735716	0.4932476292450616
-28.8	0.9581141810554417	0.6970816809735716	0.4932476292450616
-28.4	0.9581141810554417	0.6970816809735716	0.4932476292450616
-28.0	0.9581141810554417	0.6970816809735716	0.4932476292450616
-27.6	0.9581141810554417	0.6970816809735716	0.4932476292450616
-27.2	0.9581141810554417	0.6970816809735716	0.4932476292450616
-26.8	0.9581141810554417	0.6970816809735716	0.4932476292450616
-26.4	0.9581141810554417	0.6970816809735716	0.4932476292450616
-26.0	0.9581141810554417	0.6970816809735716	0.4932476292450616
-25.6	0.9581141810554417	0.6970816809735716	0.4932476292450616
-25.2	0.9581141810554417	0.6970816809735716	0.4932476292450616
-24.8	0.9581141810554417	0.6970816809735716	0.4932476292450616
-24.4	0.9581141810554417	0.6970816809735716	0.4932476292450616
-24.0	0.9581141810554417	0.6970816809735716	0.4932476292450616
-23.6	0.9581141810554417	0.6970816809735716	0.4932476292450616
-23.2	0.9581141810554417	0.6970816809735716	0.4932476292450616
-22.8	0.9581141810554417	0.6970816809735716	0.4932476292450616
-22.4	0.9581141810554417	0.6970816809735716	0.4932476292450616
-22.0	0.9581141810554417	0.6970816809735716	0.4932476292450616
-21.6	0.9581141810554417	0.6970816809735716	0.4932476292450616
-21.2	0.9581141810554417	0.6970816809735716	0.4932476292450616
-20.8	0.9581141810554417	0.6970816809735716	0.4932476292450616
-20.4	0.9581141810554417	0.6970816809735716	0.4932476292450616
-20.0	0.9581141810554417	0.6970816809735716	0.4932476292450616
-19.6	0.9581141810554417	0.6970816809735716	0.4932476292450616
-19.2	0.9581141810554417	0.6970816809735716	0.4932476292450616
-18.8	0.9581141810554417	0.6970816809735716	0.4932476292450616
-18.4	0.9581141810554417	0.6970816809735716	0.4932476292450616
-18.0	0.9581141810554417	0.6970816809735716	0.4932476292450616
-17.6	0.9581141810554417	0.6970816809735716	0.4932476292450616
-17.2	0.9581141810554417	0.6970816809735716	0.4932476292450616
-16.8	0.9581141810554417	0.6970816809735716	0.4932476292450616
-16.4	0.9581141810554417	0.6970816809735716	0.4932476292450616
-16.0	0.9581141810554417	0.6970816809735716	0.4932476292450616
-15.6	0.9581141810554417	0.6970816809735716	0.4932476292450616
-15.2	0.9581141810554417	0.6970816809735716	0.4932476292450616
-14.8	0.9581141810554417	0.6970816809735716	0.4932481669055031
-14.4	0.9581141810554417	0.6970816809735716	0.4932476292450616
-14.0	0.9581141810554417	0.6970816809735716	0.4932481669055031
-13.6	0.9581141810554417	0.6970816809735716	0.4932476292450616
-13.2	0.9581141810554417	0.6970816809735716	0.4932481669055031
-12.8	0.9581141810554417	0.6970816809735716	0.4932481669055031
-12.4	0.9581141810554417	0.6970816809735716	0.4932476292450616
-12.0	0.9581141810554417	0.6970816809735716	0.4932476292450616
-11.6	0.9581141810554417	0.6970816809735716	0.4932481669055031
-11.2	0.9581141810554417	0.6970816809735716	0.4932481669055031
-10.8	0.9581141810554417	0.6970816809735716	0.4932481669055031
-10.4	0.9581141810554417	0.6970816809735716	0.4932481669055031
-10.0	0.9581141810554417	0.6970816809735716	0.4932481669055031
-9.6	0.9581141810554417	0.6970816809735716	0.4932481669055031
-9.2	0.9581141810554417	0.6970816809735716	0.4932476292450616
-8.8	0.9581141810554417	0.6970816809735716	0.4932481669055031
-8.4	0.9581141810554417	0.6970816809735716	0.4932481669055031
-8.0	0.9581141810554417	0.6970816809735716	0.4932481669055031
-7.6	0.9581141810554417	0.6970816809735716	0.4932481669055031
-7.2	0.9581141810554417	0.6970816809735716	0.4932481669055031
-6.8	0.9581141810554417	0.6970816809735716	0.4932481669055031
-6.4	0.9581141810554417	0.6970816809735716	0.4932481669055031
-6.0	0.9581141810554417	0.6970816809735716	0.4932481669055031
-5.6	0.9581141810554417	0.6970816809735716	0.4932481669055031
-5.2	0.9581141810554417	0.6970816809735716	0.4932481669055031
-4.8	0.9581141810554417	0.6970816809735716	0.4932481669055031
-4.4	0.9581141810554417	0.6970816809735716	0.4932481669055031
-4.0	0.9581141810554417	0.6970816809735716	0.4932481669055031
-3.6	0.9581141810554417	0.6970816809735716	0.4932481669055031
-3.2	0.9581141810554417	0.6970816809735716	0.4932481669055031
-2.8	0.9581141810554417	0.6970816809735716	0.4932476292450616
-2.4	0.9581141810554417	0.6970816809735716	0.4932481669055031
-2.0	0.9581141810554417	0.6970816809735716	0.4932481669055031
-1.6	0.9581141810554417	0.6970816809735716	0.4932476292450616
-1.2	0.9581141810554417	0.6970816809735716	0.4932481669055031
-0.8	0.9581141810554417	0.6970816809735716	0.4932476292450616
-0.4	0.9581141810554417	0.6970816809735716	0.4932476292450616
0.0	0.9581141810554417	0.6970816809735716	0.4932481669055031
0.4	0.9581141810554417	0.6970816809735716	0.4932481669055031
0.8	0.9581141810554417	0.6970816809735716	0.4932481669055031
1.2	0.9581141810554417	0.6970816809735716	0.4932481669055031
1.6	0.9325882731771457	0.6921148612848422	0.4843238100585312
2.0	0.843873479541181	0.6715049377694444	0.4503347987251791
2.4	0.7024322818904056	0.6279551824313847	0.38815436860484454
2.8	0.5458070038769351	0.5601269609741149	0.30868035919695735
3.2	0.39772406734057786	0.47077609442051616	0.2251679822090109
3.6	0.2711570215730236	0.3684489429981923	0.1521273488201884
4.0	0.17132258500387848	0.26597117269674	0.10136171871429189
4.4	0.0983034944876641	0.17517213084359096	0.0750685101178834
4.8	0.04916003282079817	0.10334890576698408	0.067635085676649
5.2	0.01950614488574446	0.05355170993536751	0.0728813074397201
5.6	0.004595669507025765	0.026473462259176017	0.08699973298688723
6.0	0.0	0.021825896941036316	0.10730743671243914
6.4	0.001970428391404537	0.03865737651737344	0.13114998901409258
6.8	0.007575045034696991	0.07485815568366716	0.15602054808090093
7.2	0.014688064423555941	0.12645088710066776	0.17995853511101378
7.6	0.02189372658355987	0.1871402060860059	0.20169910391456547
8.0	0.028350770343242414	0.24884169835236847	0.22061265411394348
8.4	0.03364886844387128	0.3036878696249663	0.23654998493648538
8.8	0.03767634363262206	0.34654290439135726	0.24967158802413536
9.2	0.04050924737979743	0.37607933865464327	0.2602984466607845
9.6	0.04232533770082475	0.39390065091270854	0.2688053101745229
10.0	0.04334225697962158	0.4028880578102916	0.27555590585438416
10.4	0.0437768026503866	0.4059364686175062	0.2808714858144761
10.8	0.04382111652659886	0.40537795363509677	0.28501711665271934
11.2	0.0436314574530143	0.40287472551716297	0.2882035612623879
11.6	0.04332561052056362	0.39952219429371993	0.2905937307574158
12.0	0.042985653963167406	0.3959949019306199	0.2923137065114574
12.4	0.042663562242194204	0.39267876426409565	0.29345999857385774
12.8	0.0423878493422843	0.3897654780493989	0.29411056770870925
13.2	0.0421700822648452	0.38732530807464105	0.2943318149806027
13.6	0.04201059248040673	0.38535357002061277	0.29418261420794156
14.0	0.04190308016847743	0.3838037810274879	0.29371700026514613
14.4	0.04183805552060373	0.38261216228759887	0.29298766387553776
14.8	0.04180521399754266	0.38170880934508267	0.2920443386300029
15.2	0.04179492120687013	0.38102850206328354	0.2909338009869975
15.6	0.04179900972608181	0.3805146682794671	0.2896993326121047
16.0	0.041811083295859995	0.38012010446931344	0.28838045154781433
16.4	0.041826497980267635	0.3798084170759042	0.28701129923219515
16.8	0.04184215583202051	0.37955113985174904	0.28562144698955727
17.2	0.0418562115070811	0.37932773385878527	0.28423562720023465
17.6	0.04186776048210639	0.3791223444781573	0.2828742709610239
18.0	0.04187655121900773	0.3789248824069573	0.2815521639340819
18.4	0.04188274346064996	0.3787281410002503	0.2802814034793526
18.8	0.04188672053711745	0.3785270756065833	0.27907005450346745
19.2	0.041888954288249444	0.37831880356798164	0.2779243001015095
19.6	0.04188991592059674	0.3781015232232119	0.27684655974546857
20.0	0.04189002375820357	0.37787487424002775	0.2758387152468895
20.4	0.04188961846969933	0.3776388566184288	0.2749002289453326
20.8	0.041888957182442156	0.37739527201964895	0.27403002551991307
21.2	0.041888219337756126	0.3771452014404284	0.2732254166684207
21.6	0.04188751878474316	0.3768904465420002	0.27248452057930805
22.0	0.041886918187912965	0.37663388998233893	0.2718030359690413
22.4	0.041886443187265275	0.3763780540871706	0.2711785433656271
22.8	0.04188609483509504	0.3761254611822231	0.27060620382509004
23.2	0.04188585963542684	0.37587899392546964	0.27008359787544034
23.6	0.04188571705760046	0.37564189530713055	0.2696066930633636
24.0	0.0418856447300795	0.37541668765293323	0.2691725322564267
24.4	0.04188562169394452	0.37520517262411124	0.2687765453408746
24.8	0.041885630155010865	0.3750102328786378	0.26841711933538015
25.2	0.04188565615950581	0.37483403040999397	0.2680904906168493
25.6	0.041885689562664655	0.37467728588267235	0.2677934332226304
26.0	0.041885723585826894	0.37454216129015405	0.2675243341713962
26.4	0.04188575418137185	0.37442901696468534	0.2672802363307163
26.8	0.04188577935564246	0.3743385735707605	0.26705872022860166
27.2	0.04188579854266422	0.37427191210511745	0.26685844171394724
27.6	0.04188581207746908	0.3742275912387716	0.26667671248454106
28.0	0.04188582078657159	0.374206331636215	0.2665121883892816
28.4	0.04188582569284101	0.3742070523007084	0.2663632564468399
28.8	0.04188582782040343	0.37422903256775886	0.26622884133633384
29.2	0.04188582807999494	0.37427155177287075	0.2661067924159939
29.6	0.04188582721430925	0.374333168587059	0.2659965720253785
30.0	0.04188582578464762	0.37441208134908965	0.26589737367382504
30.4	0.041885824183297664	0.3745075693944693	0.2658073155497851
30.8	0.04188582265963342	0.3746174707297176	0.26572585999281806
31.2	0.04188582135136015	0.3747407043580946	0.26565246934248155
31.6	0.0418858203152968	0.3748758289506129	0.2655855306174493
32.0	0.041885819554456694	0.375020322181546	0.26552558147816363
32.4	0.04188581903993779	0.3751738237186468	0.26547127777351864
32.8	0.0418858187273271	0.37533381123618836	0.2654220818430728
33.2	0.04188581856805733	0.37549884340518425	0.2653777248566058
33.6	0.04188581851653521	0.3756678392288948	0.2653376691536753
34.0	0.04188581853399386	0.3758397177105772	0.26530137707383794
34.4	0.0418858185899931	0.3760123168567544	0.26526857978687435
34.8	0.04188581866237206	0.37618527633517784	0.2652390084625633
35.2	0.041885818736298756	0.37635751514910787	0.26521239427068277
35.6	0.04188581880289552	0.37652795230180436	0.2651879307205709
36.0	0.04188581885776873	0.3766951464642805	0.2651661554726692
36.4	0.04188581889964613	0.37685945796878295	0.2651465308665344
36.8	0.04188581892922926	0.3770194454863254	0.26512878807194795
37.2	0.04188581894829994	0.37717438835241257	0.2651126582586878
37.6	0.041885818959075415	0.377324646899293	0.26509841025697334
38.0	0.04188581896378148	0.3774695004624724	0.26508496874592247
38.4	0.04188581896440085	0.37760858870970493	0.2650731402161979
38.8	0.04188581896255263	0.377741551308743	0.2650626558375784
39.2	0.041885818959462105	0.3778687485918337	0.26505244028918096
39.6	0.041885818955986844	0.37798982022673	0.26504383772210804
40.0	0.041885818952673064	0.37810440588118555	0.265036310475919
40.4	0.041885818949823336	0.3782132262196938	0.2650290520599512
40.8	0.04188581894756354	0.37831592091000843	0.26502260013464785
41.2	0.04188581894590182	0.37841285028437444	0.2650166858697851
41.6	0.041885818944776304	0.3785036540105473	0.26501157809558595
42.0	0.04188581894409092	0.37858941308526495	0.265006739151608
42.4	0.04188581894374024	0.3786694068440357	0.26500243786807154
42.8	0.04188581894362508	0.3787439956191059	0.2649986742449775
43.2	0.04188581894366099	0.37881390007496885	0.2649954482823258
43.6	0.04188581894378156	0.3788791202116242	0.26499195348945204
44.0	0.04188581894393838	0.37893965602907276	0.26498899635702156
44.4	0.041885818944099	0.3789958678595604	0.2649868457152529
44.8	0.04188581894424396	0.37904811603533384	0.2649844262432639
45.2	0.041885818944363565	0.3790960402241472	0.2649820067712749
45.6	0.041885818944454964	0.3791410817549874	0.26498012495972745
46.0	0.04188581894451962	0.37918215963111246	0.26497851197840117
46.4	0.04188581894456138	0.3792203548492643	0.2649766301668546
46.8	0.04188581894458505	0.37925566740944294	0.2649758236761919
47.2	0.04188581894459545	0.37928773697940077	0.2649742106948656
47.6	0.04188581894459692	0.37931764455587746	0.2649728665437605
48.0	0.04188581894459297	0.37934466947438095	0.2649720600530969
48.4	0.041885818944586296	0.37936989273165134	0.26497098473221303
48.8	0.041885818944578754	0.37939259366319433	0.26497044707177153
49.2	0.041885818944571544	0.3794138532657505	0.26496964058110795
49.6	0.04188581894456534	0.37943331120707313	0.26496910292066644
50.0	0.04188581894456041	0.3794506071549155	0.26496802759978166
50.4	0.04188581894455678	0.3794668221060178	0.26496775876956136
50.8	0.041885818944554315	0.3794815957281328	0.26496722110911897
51.2	0.041885818944552816	0.3794949280212614	0.26496668344867746
51.6	0.041885818944552046	0.3795068189854023	0.2649661457882351
52.0	0.04188581894455179	0.3795179892850511	0.26496587695801477
52.4	0.04188581894455186	0.37952807858795934	0.26496587695801477
52.8	0.04188581894455212	0.3795374472263737	0.2649653392975724
53.2	0.04188581894455246	0.37954573486804843	0.2649653392975724
53.6	0.04188581894455281	0.3795533018452293	0.26496480163713
54.0	0.04188581894455312	0.37956014815791717	0.26496480163713
54.4	0.041885818944553385	0.3795662738061112	0.2649642639766876
54.8	0.041885818944553586	0.3795720391220585	0.2649642639766876
55.2	0.041885818944553725	0.37957708377351285	0.2649637263162461
55.6	0.041885818944553815	0.37958176809271915	0.2649637263162461
56.0	0.04188581894455387	0.3795857317474338	0.2649637263162461
56.4	0.04188581894455389	0.3795896954021476	0.2649637263162461
56.8	0.04188581894455389	0.37959293839236796	0.2649634574860258
57.2	0.041885818944553885	0.3795958210503412	0.2649634574860258
57.6	0.04188581894455387	0.3795987037083157	0.2649634574860258
58.0	0.04188581894455386	0.37960122603404267	0.2649634574860258
58.4	0.04188581894455384	0.3796033880275229	0.2649634574860258
58.8	0.04188581894455383	0.37960555002100405	0.2649634574860258
59.2	0.041885818944553815	0.37960699134999	0.2649629198255825
59.6	0.04188581894455381	0.3796087930112235	0.2649629198255825
60.0	0.0418858189445538	0.37961023434021035	0.2649629198255825
60.4	0.0418858189445538	0.3796116756691972	0.2649629198255825
60.8	0.041885818944553795	0.3796123963336906	0.2649629198255825
61.2	0.041885818944553795	0.37961383766267787	0.2649629198255825
61.6	0.041885818944553795	0.3796145583271713	0.2649629198255825
62.0	0.041885818944553795	0.3796152789916647	0.2649629198255825
62.4	0.0418858189445538	0.3796159996561581	0.2649629198255825
62.8	0.0418858189445538	0.3796167203206515	0.2649629198255825
63.2	0.0418858189445538	0.37961744098514494	0.2649629198255825
63.6	0.0418858189445538	0.37961816164963835	0.2649629198255825
64.0	0.0418858189445538	0.37961816164963835	0.2649629198255825
64.4	0.0418858189445538	0.37961888231413177	0.2649629198255825
64.8	0.0418858189445538	0.37961888231413177	0.2649629198255825
65.2	0.0418858189445538	0.3796196029786256	0.264962382165141
65.6	0.0418858189445538	0.3796196029786256	0.264962382165141
66.0	0.0418858189445538	0.3796199633108719	0.264962382165141
66.4	0.0418858189445538	0.3796203236431186	0.264962382165141
66.8	0.0418858189445538	0.3796203236431186	0.264962382165141
67.2	0.0418858189445538	0.3796203236431186	0.264962382165141
67.6	0.0418858189445538	0.3796206839753653	0.264962382165141
68.0	0.0418858189445538	0.3796206839753653	0.264962382165141
68.4	0.0418858189445538	0.379621044307612	0.264962382165141
68.8	0.0418858189445538	0.379621044307612	0.264962382165141
69.2	0.0418858189445538	0.379621044307612	0.264962382165141
69.6	0.0418858189445538	0.379621044307612	0.264962382165141
70.0	0.0418858189445538	0.379621044307612	0.264962382165141
70.4	0.0418858189445538	0.379621044307612	0.264962382165141
70.8	0.0418858189445538	0.379621044307612	0.264962382165141
71.2	0.0418858189445538	0.379621044307612	0.264962382165141
71.6	0.0418858189445538	0.3796214046398587	0.264962382165141
72.0	0.0418858189445538	0.3796214046398587	0.264962382165141
72.4	0.0418858189445538	0.3796214046398587	0.264962382165141
72.8	0.0418858189445538	0.3796214046398587	0.264962382165141
73.2	0.0418858189445538	0.3796214046398587	0.264962382165141
73.6	0.0418858189445538	0.3796214046398587	0.264962382165141
74.0	0.0418858189445538	0.3796214046398587	0.264962382165141
74.4	0.0418858189445538	0.3796214046398587	0.264962382165141
74.8	0.0418858189445538	0.3796214046398587	0.264962382165141
75.2	0.0418858189445538	0.3796214046398587	0.264962382165141
75.6	0.0418858189445538	0.3796214046398587	0.264962382165141
76.0	0.0418858189445538	0.3796214046398587	0.264962382165141
76.4	0.0418858189445538	0.3796214046398587	0.264962382165141
76.8	0.0418858189445538	0.3796214046398587	0.264962382165141
77.2	0.0418858189445538	0.3796214046398587	0.264962382165141
77.6	0.0418858189445538	0.3796214046398587	0.264962382165141
78.0	0.0418858189445538	0.3796214046398587	0.264962382165141
78.4	0.0418858189445538	0.3796214046398587	0.264962382165141
78.8	0.0418858189445538	0.3796214046398587	0.264962382165141
79.2	0.0418858189445538	0.3796214046398587	0.264962382165141
79.6	0.0418858189445538	0.3796214046398587	0.264962382165141
80.0	0.0418858189445538	0.3796214046398587	0.264962382165141
80.4	0.0418858189445538	0.3796214046398587	0.264962382165141
80.8	0.0418858189445538	0.3796214046398587	0.264962382165141
