Time	ABP	LCBFV	RCBFV
-78.0	0.06741172682284972	0.12879043191440687	0.1499247848637717
-77.6	0.15612652045881448	0.15189654893683224	0.19630482875970312
-77.2	0.2975677181095899	0.1923217921988596	0.2944774915851962
-76.8	0.4541929961230602	0.28178333839834524	0.5032338413922162
-76.4	0.6022759326594176	0.4663572858623306	0.7332397698715134
-76.0	0.728842978426972	0.6936876309258477	0.8130734401801174
-75.6	0.8286774149961178	0.8154687747540974	0.777170435332752
-75.2	0.9016965055123313	0.8325430740840258	0.6820576841131984
-74.8	0.9508399671791976	0.7961130473069424	0.6034690226243908
-74.4	0.9804938551142541	0.7399476890951187	0.5777863052597665
-74.0	0.9954043304929681	0.6922518202813235	0.5692797950998205
-73.6	1.0	0.6645276862445733	0.5579871366599454
-73.2	0.9980295716085953	0.6505391298516665	0.5491920566419681
-72.8	0.9924249549652986	0.6419571450700583	0.5447217441032803
-72.4	0.9853119355764359	0.6350623193141605	0.5410862679442623
-72.0	0.9781062734164401	0.6290000680879415	0.5373521865826651
-71.6	0.9716492296567552	0.6238298998189471	0.5344548317963147
-71.2	0.9663511315561246	0.6197086015514413	0.5324376780834728
-70.8	0.9623236563673749	0.6166530204201619	0.5308266013870071
-70.4	0.9594907526201965	0.6145484872176934	0.5294955886684756
-70.0	0.9576746622991714	0.6132124007417046	0.5284821288068153
-69.6	0.9566577430203744	0.6124469430230017	0.5277074636530008
-69.2	0.9562231973496089	0.6120719584110708	0.5270714128414706
-68.8	0.9561788834733969	0.611941257252854	0.5265308169065595
-68.4	0.9563685425469809	0.6119458766285084	0.5260667738925022
-68.0	0.9566743894794315	0.6120108196156471	0.5256547112567995
-67.6	0.9570143460368283	0.6120882620898502	0.5252754120110925
-67.2	0.9573364377578013	0.6121518464370901	0.5249200552426903
-66.8	0.9576121506577112	0.6121896166262633	0.524586120690822
-66.4	0.9578299177351507	0.612198583649592	0.5242714031273161
-66.0	0.957989407519589	0.6121817365148532	0.5239740123565957
-65.6	0.958096919831518	0.6121447815096195	0.5236939483786598
-65.2	0.9581619444793907	0.6120934249214636	0.523431841258704
-64.8	0.9581947860024498	0.6120339164939179	0.5231867458989363
-64.4	0.9582050787931264	0.611970875602637	0.5229592923645505
-64.0	0.9582009902739096	0.611907834711356	0.522748535557759
-63.6	0.958188916704134	0.611847782827851	0.5225538454133671
-63.2	0.9581735020197326	0.6117920785920208	0.5223742768335891
-62.8	0.9581578441679759	0.6117412654598247	0.5222085696880399
-62.4	0.958143788492917	0.6116958868872215	0.5220560939115257
-62.0	0.9581322395178903	0.6116553994182516	0.5219159044062609
-61.6	0.9581234487809865	0.6116195313249366	0.5217861109766666
-61.2	0.9581172565393483	0.6115880108792959	0.5216667136227437
-60.8	0.9581132794628786	0.611560022897391	0.5215558221489163
-60.4	0.9581110457117459	0.6115350239232624	0.5214534365551833
-60.0	0.9581100840793987	0.61151247050095	0.5213579816785643
-59.6	0.9581099762417915	0.6114926343584348	0.5212697725516557
-59.2	0.9581103815302958	0.6114738851278383	0.5211881791092656
-58.8	0.9581110428175537	0.6114573097210791	0.5211119412210081
-58.4	0.9581117806622393	0.6114418212262387	0.5210413739194815
-58.0	0.9581124812152524	0.6114276913712966	0.5209752170742998
-57.6	0.9581130818120823	0.6114146484282732	0.5209141007506561
-57.2	0.9581135568127304	0.6114024206691879	0.5208567648181655
-56.8	0.9581139051649005	0.6113912798220218	0.5208035243094242
-56.4	0.9581141403645693	0.6113809541587947	0.5207537491592404
-56.0	0.9581142829423992	0.6113717154074867	0.5207077544002097
-55.6	0.9581143552699152	0.6113624766561778	0.5206645949345434
-55.2	0.9581143783060494	0.6113545965447678	0.5206245857948382
-54.8	0.9581143698449829	0.6113469881613374	0.5205870969159019
-54.4	0.9581143438404887	0.6113401949618456	0.5205521282977346
-54.0	0.9581143104373315	0.6113336734903339	0.5205193649077406
-53.6	0.9581142764141715	0.6113276954747815	0.5204888067459184
-53.2	0.9581142458186219	0.6113225326431677	0.520460768844865
-52.8	0.9581142206443499	0.6113173698115544	0.5204343061067931
-52.4	0.9581142014573277	0.6113127504359004	0.5204097335642972
-52.0	0.9581141879225274	0.611308131060246	0.5203861061195889
-51.6	0.958114179213424	0.6113040551405504	0.520364683903054
-51.2	0.958114174307155	0.6113002509488354	0.5203448368494996
-50.8	0.958114172179592	0.6112967184851001	0.5203256198611381
-50.4	0.9581141719200008	0.6112934577493441	0.5203086081009483
-50.0	0.9581141727856862	0.6112904687415677	0.5202919113733548
-49.6	0.958114174215348	0.6112874797337917	0.5202764747761455
-49.2	0.958114175816698	0.6112847624539954	0.520262298309321
-48.8	0.9581141773403621	0.6112823169021775	0.520249066940285
-48.4	0.9581141786486354	0.6112798713503609	0.5202364656364411
-48.0	0.9581141796846981	0.6112776975265239	0.5202244943977892
-47.6	0.9581141804455386	0.6112757954306662	0.5202140983221177
-47.2	0.9581141809600576	0.6112736216068289	0.5202037022464463
-46.8	0.9581141812726701	0.6112717195109716	0.5201939362359669
-46.4	0.9581141814319384	0.6112703608710728	0.5201854303558724
-46.0	0.9581141814834578	0.6112684587752155	0.520176924475777
-45.6	0.9581141814660036	0.6112671001353172	0.520169363693471
-45.2	0.9581141814100037	0.6112654697674391	0.5201621179437597
-44.8	0.9581141813376217	0.6112641111275408	0.520154872194051
-44.4	0.9581141812637005	0.6112630242156225	0.5201488865747246
-44.0	0.9581141811970996	0.611261393847744	0.5201425859228026
-43.6	0.9581141811422268	0.6112603069358253	0.5201372303686682
-43.2	0.9581141811003462	0.6112594917518868	0.5201321898471312
-42.8	0.9581141810707701	0.6112584048399681	0.5201274643581897
-42.4	0.9581141810516962	0.6112573179280494	0.5201224238366526
-42.0	0.9581141810409202	0.6112562310161302	0.5201183284129023
-41.6	0.9581141810362146	0.6112554158321917	0.5201145480217502
-41.2	0.9581141810355953	0.6112546006482527	0.5201107676305963
-40.8	0.9581141810374432	0.6112537854643141	0.5201073022720397
-40.4	0.9581141810405337	0.6112532420083543	0.5201038369134814
-40.0	0.9581141810440088	0.6112524268244157	0.5201010016201169
-39.6	0.9581141810473229	0.6112516116404763	0.5200981663267523
-39.2	0.9581141810501724	0.6112510681845169	0.5200953310333869
-38.8	0.958114181052432	0.6112502530005783	0.5200931258052144
-38.4	0.958114181054094	0.611249709544619	0.5200906055444454
-38.0	0.9581141810552191	0.6112494378166393	0.5200880852836764
-37.6	0.958114181055909	0.6112486226327003	0.5200861950881004
-37.2	0.958114181056257	0.611248079176741	0.5200843048925243
-36.8	0.9581141810563671	0.6112475357207812	0.5200830447621394
-36.4	0.9581141810563303	0.6112472639928019	0.5200811545665625
-36.0	0.9581141810562113	0.6112467205368426	0.520079579403582
-35.6	0.9581141810560556	0.6112461770808832	0.520078319273197
-35.2	0.9581141810558998	0.6112459053529036	0.5200767441102165
-34.8	0.9581141810557531	0.6112456336249239	0.5200754839798325
-34.4	0.9581141810556342	0.6112453618969442	0.520074538882044
-34.0	0.9581141810555424	0.6112448184409849	0.5200729637190635
-33.6	0.9581141810554785	0.6112445467130052	0.5200720186212759
-33.2	0.9581141810554344	0.6112442749850255	0.5200710735234875
-32.8	0.9581141810554105	0.6112440032570459	0.520070128425699
-32.4	0.9581141810554005	0.6112437315290666	0.5200691833279114
-32.0	0.9581141810553986	0.6112434598010865	0.5200685532627185
-31.6	0.9581141810554022	0.6112431880731073	0.52006760816493
-31.2	0.9581141810554096	0.6112429163451272	0.5200672931323336
-30.8	0.9581141810554169	0.6112423728891678	0.5200663480345451
-30.4	0.9581141810554241	0.6112423728891678	0.5200657179693531
-30.0	0.9581141810554298	0.6112421011611882	0.5200654029367575
-29.6	0.9581141810554351	0.6112418294332085	0.5200647728715646
-29.2	0.9581141810554389	0.6112418294332085	0.520063827773777
-28.8	0.9581141810554417	0.6112415577052288	0.520063827773777
-28.4	0.9581141810554417	0.6112415577052288	0.5200635127411806
-28.0	0.9581141810554417	0.6112412859772491	0.5200628826759885
-27.6	0.9581141810554417	0.6112412859772491	0.5200625676433921
-27.2	0.9581141810554417	0.6112410142492695	0.520061937578201
-26.8	0.9581141810554417	0.6112407425212907	0.520061937578201
-26.4	0.9581141810554417	0.6112404707933106	0.5200616225456036
-26.0	0.9581141810554417	0.6112401990653309	0.5200609924804116
-25.6	0.9581141810554417	0.6112401990653309	0.5200609924804116
-25.2	0.9581141810554417	0.6112399273373512	0.520060677447816
-24.8	0.9581141810554417	0.6112399273373512	0.520060677447816
-24.4	0.9581141810554417	0.6112399273373512	0.5200600473826231
-24.0	0.9581141810554417	0.6112399273373512	0.5200600473826231
-23.6	0.9581141810554417	0.6112399273373512	0.5200597323500276
-23.2	0.9581141810554417	0.6112396556093715	0.5200597323500276
-22.8	0.9581141810554417	0.6112393838813923	0.5200597323500276
-22.4	0.9581141810554417	0.6112393838813923	0.5200591022848355
-22.0	0.9581141810554417	0.6112393838813923	0.5200591022848355
-21.6	0.9581141810554417	0.6112393838813923	0.5200591022848355
-21.2	0.9581141810554417	0.6112391121534122	0.5200591022848355
-20.8	0.9581141810554417	0.6112391121534122	0.5200587872522391
-20.4	0.9581141810554417	0.6112391121534122	0.5200587872522391
-20.0	0.9581141810554417	0.6112388404254325	0.5200587872522391
-19.6	0.9581141810554417	0.6112385686974529	0.5200587872522391
-19.2	0.9581141810554417	0.6112385686974529	0.5200581571870471
-18.8	0.9581141810554417	0.6112385686974529	0.5200581571870471
-18.4	0.9581141810554417	0.6112385686974529	0.5200581571870471
-18.0	0.9581141810554417	0.6112385686974529	0.5200581571870471
-17.6	0.9581141810554417	0.6112382969694732	0.5200581571870471
-17.2	0.9581141810554417	0.6112382969694732	0.5200578421544506
-16.8	0.9581141810554417	0.6112382969694732	0.5200578421544506
-16.4	0.9581141810554417	0.6112382969694732	0.5200578421544506
-16.0	0.9581141810554417	0.6112380252414935	0.5200578421544506
-15.6	0.9581141810554417	0.6112382969694732	0.5200578421544506
-15.2	0.9581141810554417	0.6112382969694732	0.5200578421544506
-14.8	0.9581141810554417	0.6112380252414935	0.5200578421544506
-14.4	0.9581141810554417	0.6112380252414935	0.5200578421544506
-14.0	0.9581141810554417	0.6112380252414935	0.5200578421544506
-13.6	0.9581141810554417	0.6112377535135138	0.5200578421544506
-13.2	0.9581141810554417	0.6112377535135138	0.5200572120892586
-12.8	0.9581141810554417	0.6112377535135138	0.5200572120892586
-12.4	0.9581141810554417	0.6112377535135138	0.5200572120892586
-12.0	0.9581141810554417	0.6112377535135138	0.5200572120892586
-11.6	0.9581141810554417	0.6112377535135138	0.5200572120892586
-11.2	0.9581141810554417	0.6112377535135138	0.5200572120892586
-10.8	0.9581141810554417	0.6112377535135138	0.5200572120892586
-10.4	0.9581141810554417	0.6112377535135138	0.5200572120892586
-10.0	0.9581141810554417	0.6112377535135138	0.5200572120892586
-9.6	0.9581141810554417	0.6112377535135138	0.5200572120892586
-9.2	0.9581141810554417	0.6112377535135138	0.5200572120892586
-8.8	0.9581141810554417	0.6112377535135138	0.5200572120892586
-8.4	0.9581141810554417	0.6112377535135138	0.5200572120892586
-8.0	0.9581141810554417	0.6112377535135138	0.5200572120892586
-7.6	0.9581141810554417	0.6112377535135138	0.5200572120892586
-7.2	0.9581141810554417	0.6112374817855342	0.5200572120892586
-6.8	0.9581141810554417	0.6112374817855342	0.5200572120892586
-6.4	0.9581141810554417	0.6112374817855342	0.5200572120892586
-6.0	0.9581141810554417	0.6112377535135138	0.5200572120892586
-5.6	0.9581141810554417	0.6112374817855342	0.5200572120892586
-5.2	0.9581141810554417	0.6112374817855342	0.5200572120892586
-4.8	0.9581141810554417	0.6112374817855342	0.5200572120892586
-4.4	0.9581141810554417	0.6112374817855342	0.5200572120892586
-4.0	0.9581141810554417	0.6112374817855342	0.5200572120892586
-3.6	0.9581141810554417	0.6112374817855342	0.5200572120892586
-3.2	0.9581141810554417	0.6112374817855342	0.5200572120892586
-2.8	0.9581141810554417	0.6112374817855342	0.5200572120892586
-2.4	0.9581141810554417	0.6112374817855342	0.5200572120892586
-2.0	0.9581141810554417	0.6112372100575545	0.5200572120892586
-1.6	0.9581141810554417	0.6112374817855342	0.5200572120892586
-1.2	0.9581141810554417	0.6112372100575545	0.5200572120892586
-0.8	0.9581141810554417	0.6112372100575545	0.5200572120892586
-0.4	0.9581141810554417	0.6112372100575545	0.5200572120892586
0.0	0.9581141810554417	0.6112372100575545	0.5200572120892586
0.4	0.9581141810554417	0.6112372100575545	0.5200572120892586
0.8	0.9581141810554417	0.6112372100575545	0.5200572120892586
1.2	0.9581141810554417	0.6112372100575545	0.5200572120892586
1.6	0.9325882731771457	0.6031701497974029	0.512081216821147
2.0	0.843873479541181	0.5701780254189801	0.48407261379950306
2.4	0.7024322818904056	0.505135857567617	0.4399592294325254
2.8	0.5458070038769351	0.4179051980811419	0.39389862858904046
3.2	0.39772406734057786	0.325442688074288	0.3518824162143144
3.6	0.2711570215730236	0.24326046272191926	0.3151332338138193
4.0	0.17132258500387848	0.18119344451985553	0.28744879933356327
4.4	0.0983034944876641	0.14304636863929954	0.2733148619094452
4.8	0.04916003282079817	0.1289238503524195	0.2741531636476724
5.2	0.01950614488574446	0.13671999781685074	0.2883759402638919
5.6	0.004595669507025765	0.16216134509647562	0.31280325273304843
6.0	0.0	0.19920819438738757	0.3432769858191911
6.4	0.001970428391404537	0.2415010240536195	0.37523704269374303
6.8	0.007575045034696991	0.2838528186914373	0.40476410282860087
7.2	0.014688064423555941	0.3229984948972451	0.42937413420349646
7.6	0.02189372658355987	0.35760549865878755	0.44807289394513283
8.0	0.028350770343242414	0.38775562009794395	0.4609860800593557
8.4	0.03364886844387128	0.4141952959748405	0.46892679167670437
8.8	0.03767634363262206	0.43771824371806467	0.47302631084978053
9.2	0.04050924737979743	0.45885840880764794	0.47444679282560465
9.6	0.04232533770082475	0.47785491186569296	0.47419980727026
10.0	0.04334225697962158	0.494756120472577	0.47306884025025386
10.4	0.0437768026503866	0.5095517089650747	0.471600473319822
10.8	0.04382111652659886	0.5222623286696404	0.4701380920087166
11.2	0.0436314574530143	0.5329773780915805	0.4688678805812332
11.6	0.04332561052056362	0.5418544594590995	0.46786418673005237
12.0	0.042985653963167406	0.549096553573003	0.46713299607449965
12.4	0.042663562242194204	0.5549270208325718	0.4666428053549643
12.8	0.0423878493422843	0.5595684064531476	0.46634541458424383
13.2	0.0421700822648452	0.56322885406715	0.4661885283513856
13.6	0.04201059248040673	0.5660917800608498	0.46612709699514543
14.0	0.04190308016847743	0.5683147866624503	0.46612300157139597
14.4	0.04183805552060373	0.5700291184861261	0.4661485192116812
14.8	0.04180521399754266	0.5713418363558644	0.4661838028624441
15.2	0.04179492120687013	0.5723388063132377	0.466216566252438
15.6	0.04179900972608181	0.5730882320811412	0.4662417688601268
16.0	0.041811083295859995	0.573644459255505	0.4662562603595468
16.4	0.041826497980267635	0.574049877401158	0.4662600407507007
16.8	0.04184215583202051	0.5743379090595986	0.4662546851965663
17.2	0.0418562115070811	0.5745346401168718	0.4662433440231073
17.6	0.04186776048210639	0.5746612653553935	0.46622696232810945
18.0	0.04187655121900773	0.5747332732700037	0.4662090054701329
18.4	0.04188274346064996	0.574764250259685	0.46619041854696164
18.8	0.04188672053711745	0.574764250259685	0.46617214665638773
19.2	0.041888954288249444	0.5747411533814137	0.4661554499287943
19.6	0.04188991592059674	0.5747020245523426	0.46614064339677874
20.0	0.04189002375820357	0.5746520266040851	0.46612835712553036
20.4	0.04188961846969933	0.5745946920003768	0.46611796104985803
20.8	0.041888957182442156	0.5745335532049531	0.46610945516976354
21.2	0.041888219337756126	0.5744707840416514	0.46610315451784246
21.6	0.04188751878474316	0.5744082866063298	0.4660984290289001
22.0	0.041886918187912965	0.5743474195388862	0.46609496367034264
22.4	0.041886443187265275	0.5742889980232593	0.4660930734747666
22.8	0.04188609483509504	0.5742332937874286	0.4660930734747666
23.2	0.04188585963542684	0.5741811220153341	0.46609401857255506
23.6	0.04188571705760046	0.5741324827069749	0.46609653883332314
24.0	0.0418856447300795	0.5740873758623515	0.4660996891592841
24.4	0.04188562169394452	0.5740455297534837	0.4661044146482256
24.8	0.041885630155010865	0.5740072161083516	0.4661104002675529
25.2	0.04188565615950581	0.5739716197430162	0.46611701595207045
25.6	0.041885689562664655	0.5739392841134365	0.4661248917669729
26.0	0.041885723585826894	0.5739091223076942	0.46613371267966386
26.4	0.04188575418137185	0.5738816777817486	0.4661431636575468
26.8	0.04188577935564246	0.5738564070796399	0.4661541897984103
27.2	0.04188579854266422	0.5738327667454097	0.46616521593927374
27.6	0.04188581207746908	0.5738113002350165	0.4661768721453292
28.0	0.04188582078657159	0.5737911923645216	0.46618947344917316
28.4	0.04188582569284101	0.5737724431339251	0.46620238978561357
28.8	0.04188582782040343	0.5737547808152472	0.466215306122054
29.2	0.04188582807999494	0.5737387488644474	0.46622853749108994
29.6	0.04188582721430925	0.5737232603696065	0.4662417688601268
30.0	0.04188582578464762	0.5737085870587051	0.4662556302943548
30.4	0.041885824183297664	0.5736950006597219	0.4662691766959872
30.8	0.04188582265963342	0.573681957716698	0.4662824080650241
31.2	0.04188582135136015	0.573669458229634	0.46629563943406005
31.6	0.0418858203152968	0.5736575021985288	0.46630855577050045
32.0	0.041885819554456694	0.5736463613513627	0.46632147210693997
32.4	0.04188581903993779	0.5736354922321762	0.46633375837818836
32.8	0.0418858187273271	0.5736251665689491	0.4663463596820323
33.2	0.04188581856805733	0.5736151126337017	0.46635833092068424
33.6	0.04188581851653521	0.5736058738823933	0.46636904202895213
34.0	0.04188581853399386	0.5735966351310848	0.4663806982350076
34.4	0.0418858185899931	0.5735876681077561	0.4663907792780826
34.8	0.04188581866237206	0.5735795162683659	0.466401175353754
35.2	0.041885818736298756	0.5735710927009969	0.466411256396829
35.6	0.04188581880289552	0.5735632125895869	0.46642007730951995
36.0	0.04188581885776873	0.5735556042061565	0.46642921325480735
36.4	0.04188581889964613	0.5735482675507053	0.4664374041023063
36.8	0.04188581892922926	0.573540930895255	0.4664455949498043
37.2	0.04188581894829994	0.5735344094237429	0.4664531557321112
37.6	0.041885818959075415	0.5735276162242511	0.4664604014818208
38.0	0.04188581896378148	0.573521366480719	0.46646733219893566
38.4	0.04188581896440085	0.5735153884651667	0.46647363285085763
38.8	0.04188581896255263	0.5735094104496139	0.4664799335027796
39.2	0.041885818959462105	0.5735037041620412	0.4664856040895087
39.6	0.041885818955986844	0.5734979978744685	0.4664906446110466
40.0	0.041885818952673064	0.5734928350428548	0.466496000165181
40.4	0.041885818949823336	0.5734879439392211	0.4665013557193154
40.8	0.04188581894756354	0.5734827811076073	0.46650545114306396
41.2	0.04188581894590182	0.5734781617319533	0.466509861599409
41.6	0.041885818944776304	0.5734738140842786	0.4665136419905629
42.0	0.04188581894409092	0.5734691947086241	0.4665174223817159
42.4	0.04188581894374024	0.5734651187889295	0.46652088774027334
42.8	0.04188581894362508	0.5734610428692344	0.4665240380662343
43.2	0.04188581894366099	0.5734572386775194	0.4665275034247909
43.6	0.04188581894378156	0.5734537062137837	0.4665303387181563
44.0	0.04188581894393838	0.5734501737500479	0.4665331740115217
44.4	0.041885818944099	0.5734466412863131	0.4665356942722898
44.8	0.04188581894424396	0.5734436522785362	0.4665378995004623
45.2	0.041885818944363565	0.5734403915427797	0.4665404197612313
45.6	0.041885818944454964	0.5734374025350042	0.46654230995680823
46.0	0.04188581894451962	0.5734344135272278	0.4665442001523843
46.4	0.04188581894456138	0.5734319679754107	0.4665454602827692
46.8	0.04188581894458505	0.5734292506956145	0.46654766551094173
47.2	0.04188581894459545	0.5734265334158177	0.4665495557065178
47.6	0.04188581894459692	0.5734240878640007	0.4665508158369027
48.0	0.04188581894459297	0.5734219140401633	0.4665517609346912
48.4	0.041885818944586296	0.5734197402163264	0.4665533360976717
48.8	0.041885818944578754	0.573417566392489	0.46655459622805484
49.2	0.041885818944571544	0.5734156642966313	0.4665555413258442
49.6	0.04188581894456534	0.5734137622007736	0.4665564864236327
50.0	0.04188581894456041	0.5734118601049167	0.46655743152142115
50.4	0.04188581894455678	0.5734102297370383	0.4665583766192096
50.8	0.041885818944554315	0.5734083276411805	0.4665593217169972
51.2	0.041885818944552816	0.5734066972733025	0.4665602668147857
51.6	0.041885818944552046	0.5734050669054245	0.4665608968799777
52.0	0.04188581894455179	0.5734037082655261	0.46656184197776707
52.4	0.04188581894455186	0.5734023496256277	0.46656215701036263
52.8	0.04188581894455212	0.5734009909857298	0.46656278707555465
53.2	0.04188581894455246	0.5733996323458315	0.4665631021081502
53.6	0.04188581894455281	0.5733985454339128	0.4665637321733431
54.0	0.04188581894455312	0.5733974585219945	0.46656436223853515
54.4	0.041885818944553385	0.5733963716100754	0.4665646772711307
54.8	0.041885818944553586	0.5733950129701775	0.4665656223689192
55.2	0.041885818944553725	0.573394197786238	0.4665656223689192
55.6	0.041885818944553815	0.5733931108743193	0.4665662524341112
56.0	0.04188581894455387	0.5733922956903803	0.4665662524341112
56.4	0.04188581894455389	0.5733914805064417	0.46656656746670766
56.8	0.04188581894455389	0.5733909370504824	0.4665671975318997
57.2	0.041885818944553885	0.5733898501385637	0.4665671975318997
57.6	0.04188581894455387	0.5733893066826043	0.46656751256449613
58.0	0.04188581894455386	0.5733884914986653	0.46656751256449613
58.4	0.04188581894455384	0.5733876763147263	0.46656814262968815
58.8	0.04188581894455383	0.573387132858767	0.46656814262968815
59.2	0.041885818944553815	0.5733863176748284	0.4665684576622846
59.6	0.04188581894455381	0.5733860459468483	0.4665684576622846
60.0	0.0418858189445538	0.5733852307629093	0.4665684576622846
60.4	0.0418858189445538	0.5733846873069499	0.4665690877274775
60.8	0.041885818944553795	0.5733841438509906	0.4665690877274775
61.2	0.041885818944553795	0.5733836003950312	0.4665690877274775
61.6	0.041885818944553795	0.5733833286670516	0.4665694027600731
62.0	0.041885818944553795	0.5733827852110922	0.4665694027600731
62.4	0.0418858189445538	0.5733825134831125	0.4665694027600731
62.8	0.0418858189445538	0.5733819700271536	0.4665694027600731
63.2	0.0418858189445538	0.5733814265711943	0.4665700328252651
63.6	0.0418858189445538	0.5733814265711943	0.4665700328252651
64.0	0.0418858189445538	0.5733808831152349	0.4665700328252651
64.4	0.0418858189445538	0.5733806113872553	0.4665700328252651
64.8	0.0418858189445538	0.5733800679312964	0.4665700328252651
65.2	0.0418858189445538	0.5733797962033162	0.4665700328252651
65.6	0.0418858189445538	0.5733795244753361	0.4665700328252651
66.0	0.0418858189445538	0.5733795244753361	0.46657034785786067
66.4	0.0418858189445538	0.5733792527473569	0.46657034785786067
66.8	0.0418858189445538	0.5733789810193772	0.46657034785786067
67.2	0.0418858189445538	0.5733784375634179	0.46657034785786067
67.6	0.0418858189445538	0.5733784375634179	0.46657034785786067
68.0	0.0418858189445538	0.5733781658354382	0.46657034785786067
68.4	0.0418858189445538	0.5733778941074585	0.46657034785786067
68.8	0.0418858189445538	0.5733776223794793	0.46657034785786067
69.2	0.0418858189445538	0.5733776223794793	0.46657034785786067
69.6	0.0418858189445538	0.5733776223794793	0.46657034785786067
70.0	0.0418858189445538	0.5733773506514992	0.46657034785786067
70.4	0.0418858189445538	0.57337707892352	0.4665709779230536
70.8	0.0418858189445538	0.57337707892352	0.4665709779230536
71.2	0.0418858189445538	0.5733768071955399	0.4665709779230536
71.6	0.0418858189445538	0.5733765354675602	0.4665709779230536
72.0	0.0418858189445538	0.5733765354675602	0.4665709779230536
72.4	0.0418858189445538	0.5733762637395805	0.4665709779230536
72.8	0.0418858189445538	0.5733762637395805	0.4665709779230536
73.2	0.0418858189445538	0.5733759920116008	0.4665709779230536
73.6	0.0418858189445538	0.5733759920116008	0.4665709779230536
74.0	0.0418858189445538	0.5733757202836216	0.4665709779230536
74.4	0.0418858189445538	0.5733757202836216	0.4665709779230536
74.8	0.0418858189445538	0.5733757202836216	0.4665709779230536
75.2	0.0418858189445538	0.5733754485556415	0.4665709779230536
75.6	0.0418858189445538	0.5733754485556415	0.4665709779230536
76.0	0.0418858189445538	0.5733754485556415	0.4665709779230536
76.4	0.0418858189445538	0.5733754485556415	0.4665709779230536
76.8	0.0418858189445538	0.5733754485556415	0.4665709779230536
77.2	0.0418858189445538	0.5733751768276618	0.4665709779230536
77.6	0.0418858189445538	0.5733751768276618	0.4665709779230536
78.0	0.0418858189445538	0.5733751768276618	0.4665709779230536
78.4	0.0418858189445538	0.5733751768276618	0.4665709779230536
78.8	0.0418858189445538	0.5733751768276618	0.4665709779230536
79.2	0.0418858189445538	0.5733749050996821	0.4665709779230536
79.6	0.0418858189445538	0.5733749050996821	0.4665709779230536
80.0	0.0418858189445538	0.5733749050996821	0.4665709779230536
80.4	0.0418858189445538	0.5733749050996821	0.4665709779230536
80.8	0.0418858189445538	0.5733749050996821	0.4665709779230536
