Time	ABP	LCBFV	RCBFV
-78.0	0.06741172682284972	0.12758315345036575	0.1620840314567502
-77.6	0.15612652045881448	0.14829716798422332	0.20698315018261138
-77.2	0.2975677181095899	0.18800739243256803	0.28649480397262295
-76.8	0.4541929961230602	0.28020438693247485	0.39857503406364714
-76.4	0.6022759326594176	0.4623597959757597	0.4999563360889492
-76.0	0.728842978426972	0.6675005592161098	0.5556420149480146
-75.6	0.8286774149961178	0.7860511777547545	0.5759302596304119
-75.2	0.9016965055123313	0.8291525518399148	0.5782880359325007
-74.8	0.9508399671791976	0.8335298726468943	0.5639706140100911
-74.4	0.9804938551142541	0.8161581281875034	0.5350797424221709
-74.0	0.9954043304929681	0.7840874153376065	0.5018761888970591
-73.6	1.0	0.7422017903670479	0.4740440074216794
-73.2	0.9980295716085953	0.6963486009206932	0.4559176695283811
-72.8	0.9924249549652986	0.6533015663489956	0.4484942860390406
-72.4	0.9853119355764359	0.6184868380680664	0.45102566857211235
-72.0	0.9781062734164401	0.5941302561485013	0.4611016984284442
-71.6	0.9716492296567552	0.5794526075671054	0.47550841032231395
-71.2	0.9663511315561246	0.5721438130075311	0.4915922105130295
-70.8	0.9623236563673749	0.569733634587438	0.5077589059027137
-70.4	0.9594907526201965	0.5702702697825917	0.5231134651859328
-70.0	0.9576746622991714	0.5724472302908379	0.5370339375269966
-69.6	0.9566577430203744	0.57547256320305	0.5490400044587398
-69.2	0.9562231973496089	0.5788977725349067	0.5588386906636655
-68.8	0.9561788834733969	0.5824795004653502	0.5663660484168545
-68.4	0.9563685425469809	0.5860885281513606	0.571759446905169
-68.0	0.9566743894794315	0.5896572561982003	0.5752843876087343
-67.6	0.9570143460368283	0.5931513649131559	0.5772603723087175
-67.2	0.9573364377578013	0.5965547344405593	0.5780071396297108
-66.8	0.9576121506577112	0.5998593048525751	0.5778157701418065
-66.4	0.9578299177351507	0.6030635161631719	0.5769389757801457
-66.0	0.957989407519589	0.6061673683723496	0.5755849419158516
-65.6	0.958096919831518	0.6091726814638125	0.573923011598247
-65.2	0.9581619444793907	0.6120815354189371	0.5720829750245722
-64.8	0.9581947860024498	0.6148957502214287	0.5701612274690571
-64.4	0.9582050787931264	0.6176166258596472	0.5682266903685584
-64.0	0.9582009902739096	0.6202459823172957	0.5663243639739446
-63.6	0.958188916704134	0.6227851195827356	0.5644819589660135
-63.2	0.9581735020197326	0.625235337644328	0.5627139227937286
-62.8	0.9581578441679759	0.6275981964881048	0.561026413386156
-62.4	0.958143788492917	0.6298742161094113	0.5594182465261675
-62.0	0.9581322395178903	0.632065476489621	0.5578863432492303
-61.6	0.9581234487809865	0.6341730176194242	0.5564245456262773
-61.2	0.9581172565393483	0.6361989194801976	0.555026932571669
-60.8	0.9581132794628786	0.6381450020556456	0.5536878198431894
-60.4	0.9581110457117459	0.6400133453271444	0.552402233728901
-60.0	0.9581100840793987	0.6418060292760703	0.5511654373602912
-59.6	0.9581099762417915	0.643524873886129	0.5499741149294017
-59.2	0.9581103815302958	0.6451729991293833	0.5488254243151243
-58.8	0.9581110428175537	0.6467519649918674	0.547716523396351
-58.4	0.9581117806622393	0.6482643714503018	0.546646227955955
-58.0	0.9581124812152524	0.649713078479079	0.5456126432465314
-57.6	0.9581130818120823	0.6510996460642309	0.5446148218943767
-57.2	0.9581135568127304	0.6524269341801507	0.5436515796823627
-56.8	0.9581139051649005	0.6536970228082151	0.5427219692367884
-56.4	0.9581141403645693	0.6549122519274726	0.5418248063405233
-56.0	0.9581142829423992	0.6560749615169716	0.5409589067764409
-55.6	0.9581143552699152	0.6571867115627454	0.5401240337011162
-55.2	0.9581143783060494	0.6582498420438414	0.5393187660539933
-54.8	0.9581143698449829	0.6592666929393092	0.5385423933047968
-54.4	0.9581143438404887	0.6602388242351811	0.537793968079824
-54.0	0.9581143104373315	0.6611683159128332	0.5370725430053729
-53.6	0.9581142764141715	0.6620567279582978	0.536377407551166
-53.2	0.9581142458186219	0.6629061403529519	0.5357071406566498
-52.8	0.9581142206443499	0.663717853085156	0.5350615054783976
-52.4	0.9581142014573277	0.664493686138615	0.5344390809558575
-52.0	0.9581141879225274	0.6652351994993597	0.5338401039324538
-51.6	0.958114179213424	0.6659436931557519	0.5332629165042078
-51.2	0.958114174307155	0.6666209870914961	0.5327068081408419
-50.8	0.958114172179592	0.667267861299607	0.5321713051555053
-50.4	0.9581141719200008	0.6678863957614629	0.5316554601744956
-50.0	0.9581141727856862	0.6684773704700793	0.5311590363543872
-49.6	0.958114174215348	0.6690420854138166	0.5306810863214779
-49.2	0.958114175816698	0.6695815805833627	0.5302206627020642
-48.8	0.9581141773403621	0.6700968959694067	0.5297775286527213
-48.4	0.9581141786486354	0.6705898515556519	0.5293514473300234
-48.0	0.9581141796846981	0.6710601873444277	0.528940760829991
-47.6	0.9581141804455386	0.6715099833171094	0.5285459428394752
-47.2	0.9581141809600576	0.6719400194667142	0.5281662828281997
-46.8	0.9581141812726701	0.6723505557909135	0.5278005965790356
-46.4	0.9581141814319384	0.6727428922780678	0.5274491209354095
-46.0	0.9581141814834578	0.6731180689188658	0.5271106716801923
-45.6	0.9581141814660036	0.6734763457109789	0.5267852488133848
-45.2	0.9581141814100037	0.6738185026474235	0.5264721418047098
-44.8	0.9581141813376217	0.6741458397165605	0.526171587497593
-44.4	0.9581141812637005	0.6744586169160613	0.5258821648314798
-44.0	0.9581141811970996	0.6747570942435979	0.5256036369629453
-43.6	0.9581141811422268	0.6750428316852037	0.5253362407354158
-43.2	0.9581141811003462	0.6753155692432053	0.5250785550883368
-42.8	0.9581141810707701	0.6755763469082923	0.524831290551985
-42.4	0.9581141810516962	0.6758254246781359	0.524593736596084
-42.0	0.9581141810409202	0.6760635825457522	0.5243651826903566
-41.6	0.9581141810362146	0.6762913405064861	0.5241453919913774
-41.2	0.9581141810355953	0.6765086985603372	0.5239343644991461
-40.8	0.9581141810374432	0.6767166966979934	0.5237316265268115
-40.4	0.9581141810405337	0.6769153349194554	0.5235364675440972
-40.0	0.9581141810440088	0.6771053932177389	0.5233491243944286
-39.6	0.9581141810473229	0.6772866115951719	0.5231693602343799
-39.2	0.9581141810501724	0.677460290040115	0.5229962276902484
-38.8	0.958114181052432	0.6776259085572236	0.5228304372923116
-38.4	0.958114181054094	0.6777845071371877	0.5226708048234405
-38.0	0.9581141810552191	0.677935825782332	0.5225175671270619
-37.6	0.958114181055909	0.6780806444856755	0.522370487359749
-37.2	0.958114181056257	0.6782189632472173	0.5222290918346517
-36.8	0.9581141810563671	0.6783515620599729	0.5220931437083434
-36.4	0.9581141810563303	0.6784776609309269	0.5219626429808248
-36.0	0.9581141810562113	0.6785988198461119	0.521837352808669
-35.6	0.9581141810560556	0.6787139988148385	0.521717036348452
-35.2	0.9581141810558998	0.6788247578231412	0.521601456756748
-34.8	0.9581141810557531	0.6789300568803296	0.5214903771901294
-34.4	0.9581141810556342	0.679031195974765	0.5213837976485984
-34.0	0.9581141810555424	0.679127655111103	0.5212812444453032
-33.6	0.9581141810554785	0.6792196942870166	0.5211831912670948
-33.2	0.9581141810554344	0.6793080934955205	0.5210889275836963
-32.8	0.9581141810554105	0.679392332741271	0.5209984533951078
-32.4	0.9581141810554005	0.6794726720219408	0.5209115318579038
-32.0	0.9581141810553986	0.679549891330546	0.5208279261286584
-31.6	0.9581141810554022	0.6796237306694137	0.5207478730507975
-31.2	0.9581141810554096	0.6796936700432008	0.5206708989374702
-30.8	0.9581141810554169	0.6797612694379391	0.5205972406321009
-30.4	0.9581141810554241	0.6798254888629405	0.5205264244478389
-30.0	0.9581141810554298	0.6798868483135494	0.5204579766978337
-29.6	0.9581141810554351	0.6799458677851091	0.5203928447557868
-29.2	0.9581141810554389	0.6800020272822764	0.520330318091422
-28.8	0.9581141810554417	0.6800558468003954	0.5202701598613135
-28.4	0.9581141810554417	0.6801073263394648	0.520212606908887
-28.0	0.9581141810554417	0.680156205901814	0.5201571855472911
-27.6	0.9581141810554417	0.6802032654804595	0.5201038957765252
-27.2	0.9581141810554417	0.6802479850800549	0.5200525007531649
-26.8	0.9581141810554417	0.6802911446936184	0.5200034741640613
-26.4	0.9581141810554417	0.6803322243258063	0.519956579165787
-26.0	0.9581141810554417	0.6803714839742883	0.5199113420714934
-25.6	0.9581141810554417	0.6804089236390674	0.5198679997246032
-25.2	0.9581141810554417	0.6804448033178123	0.5198265521251195
-24.8	0.9581141810554417	0.6804791230105258	0.5197865255861891
-24.4	0.9581141810554417	0.6805121427148788	0.5197483937946639
-24.0	0.9581141810554417	0.6805433424355272	0.5197116830636919
-23.6	0.9581141810554417	0.6805732421678155	0.5196761565498478
-23.2	0.9581141810554417	0.6806018419117432	0.5196425247834093
-22.8	0.9581141810554417	0.6806294016649832	0.5196100772340988
-22.4	0.9581141810554417	0.6806556614298618	0.5195790507453424
-22.0	0.9581141810554417	0.6806806212063803	0.5195489716302877
-21.6	0.9581141810554417	0.6807048009898833	0.5195200767323618
-21.2	0.9581141810554417	0.6807276807850253	0.5194928397384149
-20.8	0.9581141810554417	0.6807495205894791	0.5194665501181706
-20.4	0.9581141810554417	0.6807703204032447	0.5194412078716288
-20.0	0.9581141810554417	0.6807903402239939	0.5194165761553644
-19.6	0.9581141810554417	0.6808095800517275	0.5193936023430781
-19.2	0.9581141810554417	0.6808280398864444	0.5193711022176437
-18.8	0.9581141810554417	0.680845459730473	0.5193497863093377
-18.4	0.9581141810554417	0.6808623595791583	0.5193291809313085
-18.0	0.9581141810554417	0.6808779594394818	0.5193092860835562
-17.6	0.9581141810554417	0.6808935592998062	0.519290338609506
-17.2	0.9581141810554417	0.6809081191694428	0.5192718648223074
-16.8	0.9581141810554417	0.680922159043734	0.5192545752522371
-16.4	0.9581141810554417	0.6809354189250101	0.5192377593690174
-16.0	0.9581141810554417	0.680948418808613	0.5192216540160755
-15.6	0.9581141810554417	0.6809603787015286	0.5192064960368357
-15.2	0.9581141810554417	0.6809720785967714	0.5191915749010207
-14.8	0.9581141810554417	0.6809835184943429	0.5191776011389089
-14.4	0.9581141810554417	0.6809941783988975	0.519163627376797
-14.0	0.9581141810554417	0.6810043183081089	0.5191508378318135
-13.6	0.9581141810554417	0.6810141982196467	0.5191382851302557
-13.2	0.9581141810554417	0.6810235581358413	0.5191259692721228
-12.8	0.9581141810554417	0.6810323980566917	0.519114600787693
-12.4	0.9581141810554417	0.6810409779798703	0.5191034691466885
-12.0	0.9581141810554417	0.6810492979053766	0.5190928111925359
-11.6	0.9581141810554417	0.6810570978355384	0.5190828637686593
-11.2	0.9581141810554417	0.6810643777703569	0.5190729163447831
-10.8	0.9581141810554417	0.6810716577051745	0.5190636794511843
-10.4	0.9581141810554417	0.6810781576469762	0.5190546794010102
-10.0	0.9581141810554417	0.6810849175864502	0.519045916194262
-9.6	0.9581141810554417	0.6810911575305791	0.5190376266743648
-9.2	0.9581141810554417	0.6810971374770376	0.5190298108413196
-8.8	0.9581141810554417	0.6811028574258229	0.5190219950082744
-8.4	0.9581141810554417	0.6811083173769368	0.5190148897055056
-8.0	0.9581141810554417	0.681113517330378	0.5190077844027363
-7.6	0.9581141810554417	0.6811184572861477	0.519001152786819
-7.2	0.9581141810554417	0.6811233972419166	0.518994758014327
-6.8	0.9581141810554417	0.6811278172023418	0.5189886000852608
-6.4	0.9581141810554417	0.681132237162767	0.518982442156195
-6.0	0.9581141810554417	0.68113639712552	0.5189767579139795
-5.6	0.9581141810554417	0.6811405570882734	0.5189713105151905
-5.2	0.9581141810554417	0.6811441970556822	0.5189660999598265
-4.8	0.9581141810554417	0.681147837023091	0.5189611262478886
-4.4	0.9581141810554417	0.6811514769905003	0.5189563893793765
-4.0	0.9581141810554417	0.6811548569602373	0.5189514156674377
-3.6	0.9581141810554417	0.681157976932302	0.518946915642351
-3.2	0.9581141810554417	0.6811610969043667	0.5189426524606899
-2.8	0.9581141810554417	0.6811639568787595	0.51893886296588
-2.4	0.9581141810554417	0.6811668168531524	0.5189348366276443
-2.0	0.9581141810554417	0.681169416829873	0.5189312839762596
-1.6	0.9581141810554417	0.681172016806594	0.5189274944814497
-1.2	0.9581141810554417	0.6811743567856428	0.5189241786734913
-0.8	0.9581141810554417	0.6811766967646906	0.5189208628655324
-0.4	0.9581141810554417	0.6811787767460675	0.5189175470575735
0.0	0.9581141810554417	0.6811811167251163	0.5189144680930404
0.4	0.9581141810554417	0.6811829367088205	0.5189116259719331
0.8	0.9581141810554417	0.6811850166901978	0.5189087838508257
1.2	0.9581141810554417	0.6811868366739011	0.5189059417297179
1.6	0.9325882731771457	0.6760942622710568	0.5034964347717548
2.0	0.843873479541181	0.6552427089686743	0.44940755428824763
2.4	0.7024322818904056	0.614381994821418	0.366540066000566
2.8	0.5458070038769351	0.5607353751547492	0.29003063947376706
3.2	0.39772406734057786	0.5072517740284694	0.23782111157258834
3.6	0.2711570215730236	0.4660918025606593	0.20703525573624892
4.0	0.17132258500387848	0.44313556810286636	0.1898835285393936
4.4	0.0983034944876641	0.43721074115172387	0.18315693840823988
4.8	0.04916003282079817	0.4434974848623887	0.1886230478282216
5.2	0.01950614488574446	0.456951324401349	0.20993303504876115
5.6	0.004595669507025765	0.473816853393219	0.24843548653536374
6.0	0.0	0.4916534736902718	0.29992193145811186
6.4	0.001970428391404537	0.5088694795440922	0.3552111344226825
6.8	0.007575045034696991	0.5243897805806692	0.40428296062119173
7.2	0.014688064423555941	0.5375269429550475	0.44074666390002104
7.6	0.02189372658355987	0.5479372497447512	0.4638708717608422
8.0	0.028350770343242414	0.5555684414176918	0.47722623568836653
8.4	0.03364886844387128	0.5605895164607184	0.4852329645350193
8.8	0.03767634363262206	0.5633148120593612	0.49058704701468026
9.2	0.04050924737979743	0.5641387446821522	0.49418327758935865
9.6	0.04232533770082475	0.563480170578798	0.49629852622360904
10.0	0.04334225697962158	0.5617433861293666	0.4972702947989447
10.4	0.0437768026503866	0.5592895281003654	0.49745242739325013
10.8	0.04382111652659886	0.5564214937797556	0.4970765568767841
11.2	0.0436314574530143	0.5533790010211863	0.4962812366535383
11.6	0.04332561052056362	0.5503372882556334	0.49517920419410855
12.0	0.042985653963167406	0.5474164744075938	0.49386638108587366
12.4	0.042663562242194204	0.5446896188229182	0.49240837295773066
12.8	0.0423878493422843	0.5421915611896648	0.4908463905657392
13.2	0.0421700822648452	0.5399311414286831	0.4892093288078243
13.6	0.04201059248040673	0.5378984796284363	0.4875182667488671
14.0	0.04190308016847743	0.5360730359728301	0.485788125524683
14.4	0.04183805552060373	0.5344290706923278	0.48402979993284845
14.8	0.04180521399754266	0.5329395440290359	0.4822508689629852
15.2	0.04179492120687013	0.5315789762110907	0.4804584379178598
15.6	0.04179900972608181	0.5303260474293827	0.4786596121002442
16.0	0.041811083295859995	0.52916281784454	0.4768603125957771
16.4	0.041826497980267635	0.528076287572957	0.4750671710203762
16.8	0.04184215583202051	0.5270573566961123	0.47328587161625624
17.2	0.0418562115070811	0.5260995252722047	0.47152233546905853
17.6	0.04186776048210639	0.5251996733291686	0.46978224682099734
18.0	0.04187655121900773	0.5243559808832998	0.46806986885373414
18.4	0.04188274346064996	0.5235674079439101	0.46639017527920723
18.8	0.04188672053711745	0.5228336945133267	0.46474671874880036
19.2	0.041888954288249444	0.5221545805938788	0.4631428150704733
19.6	0.04188991592059674	0.5215300661855657	0.4615808326784814
20.0	0.04189002375820357	0.5209585913023544	0.46006361369393245
20.4	0.04188961846969933	0.5204393759512298	0.4585918686471038
20.8	0.041888957182442156	0.519970860146159	0.4571672554419739
21.2	0.041888219337756126	0.519551223903437	0.45579072145224586
21.6	0.04188751878474316	0.5191776072486722	0.4544620298344939
22.0	0.041886918187912965	0.5188474102051419	0.4531816542755691
22.4	0.041886443187265275	0.5185580327961277	0.45194959477547236
22.8	0.04188609483509504	0.5183066150472353	0.45076537764735125
23.2	0.04188585963542684	0.5180902969840728	0.4496285292043547
23.6	0.04188571705760046	0.5179059586345747	0.4485378652293557
24.0	0.0418856447300795	0.5177507400243493	0.44749314887892666
24.4	0.04188562169394452	0.5176220411766739	0.44649295909251574
24.8	0.041885630155010865	0.5175170021171573	0.44553658533984564
25.2	0.04188565615950581	0.5174335428644228	0.44462260656036134
25.6	0.041885689562664655	0.517368543446405	0.44374983853693584
26.0	0.041885723585826894	0.517320703874744	0.44291733389586696
26.4	0.04188575418137185	0.5172876841703911	0.44212319788974863
26.8	0.04188577935564246	0.5172674043519696	0.44136695683173066
27.2	0.04188579854266422	0.5172583044334473	0.4406469528178327
27.6	0.04188581207746908	0.5172588244287915	0.43996176478750204
28.0	0.04188582078657159	0.5172676643496414	0.4393102085236098
28.4	0.04188582569284101	0.5172832642099658	0.43869086296560234
28.8	0.04188582782040343	0.5173048440167478	0.4381025438963517
29.2	0.04188582807999494	0.5173311037816268	0.4375443039421554
29.6	0.04188582721430925	0.5173615235092597	0.43701424835560854
30.0	0.04188582578464762	0.5173950632089563	0.4365116666064335
30.4	0.041885824183297664	0.5174309428877022	0.43603513763407786
30.8	0.04188582265963342	0.5174686425501522	0.43558347722141244
31.2	0.04188582135136015	0.5175076422009628	0.43515573799473506
31.6	0.0418858203152968	0.5175471618471175	0.43475049889349204
32.0	0.041885819554456694	0.5175874614862885	0.43436704938740656
32.4	0.04188581903993779	0.51762776112546	0.43400420525935024
32.8	0.0418858187273271	0.5176678007669584	0.4336610191356205
33.2	0.04188581856805733	0.5177073204131131	0.43333654364251606
33.6	0.04188581851653521	0.5177463200639236	0.43303006824975787
34.0	0.04188581853399386	0.5177845397217178	0.4327401718967936
34.4	0.0418858185899931	0.5178214593911523	0.4324661440533464
34.8	0.04188581866237206	0.5178573390698977	0.4322075110325647
35.2	0.041885818736298756	0.5178921787579558	0.43196332546074645
35.6	0.04188581880289552	0.5179259784553243	0.43173287680761385
36.0	0.04188581885776873	0.5179582181666613	0.43151498085603945
36.4	0.04188581889964613	0.5179891578896378	0.431309874449449
36.8	0.04188581892922926	0.5180190576219257	0.4311158996838631
37.2	0.04188581894829994	0.5180476573658535	0.4309332934027066
37.6	0.041885818959075415	0.518074697123748	0.430760871388852
38.0	0.04188581896378148	0.5181004368932838	0.43059863364229933
38.4	0.04188581896440085	0.5181251366721309	0.430445632789346
38.8	0.04188581896255263	0.5181485364626166	0.43030115829971605
39.2	0.041885818959462105	0.5181706362647427	0.43016521017340725
39.6	0.041885818955986844	0.5181914360785083	0.430037077880145
40.0	0.041885818952673064	0.5182114558992579	0.42991628773307644
40.4	0.041885818949823336	0.5182301757316465	0.4298026028887767
40.8	0.04188581894756354	0.518247595575676	0.42969554966039425
41.2	0.04188581894590182	0.51826449542436	0.42959465436107847
41.6	0.041885818944776304	0.5182800952846844	0.42949991699082846
42.0	0.04188581894409092	0.5182951751496638	0.4294106270193687
42.4	0.04188581894374024	0.518308955026284	0.42932607391642064
42.8	0.04188581894362508	0.5183219549098883	0.42924696821226194
43.2	0.04188581894366099	0.5183341748004748	0.4291725993766158
43.6	0.04188581894378156	0.5183458746957181	0.4291024937226311
44.0	0.04188581894393838	0.5183565346002732	0.4290364144068821
44.4	0.041885818944099	0.518366934507156	0.42897436142936884
44.8	0.04188581894424396	0.5183765544210228	0.42891586110323976
45.2	0.041885818944363565	0.518385134344201	0.4288611502719206
45.6	0.041885818944454964	0.5183937142673791	0.42880951840513415
46.0	0.04188581894451962	0.5184015141975418	0.42876072865945547
46.4	0.04188581894456138	0.5184087941323594	0.42871501787831034
46.8	0.04188581894458505	0.5184155540718329	0.4286721492182721
47.2	0.04188581894459545	0.5184220540136346	0.42863188583591594
47.6	0.04188581894459692	0.5184280339600922	0.4285937540443907
48.0	0.04188581894459297	0.5184337539088779	0.42855799068712175
48.4	0.041885818944586296	0.5184389538623191	0.4285243589206824
48.8	0.041885818944578754	0.5184436338204166	0.4284928587450745
49.2	0.041885818944571544	0.5184480537808418	0.428463016473446
49.6	0.04188581894456534	0.5184522137435952	0.428435305792648
50.0	0.04188581894456041	0.5184561137086758	0.4284090161724037
50.4	0.04188581894455678	0.5184600136737569	0.42838414761271304
50.8	0.041885818944554315	0.5184631336458221	0.4283609369570023
51.2	0.041885818944552816	0.5184665136155586	0.4283391473618443
51.6	0.041885818944552046	0.5184693735899515	0.4283187788272409
52.0	0.04188581894455179	0.5184719735666725	0.42829959450976496
52.4	0.04188581894455186	0.5184745735433935	0.4282813575659925
52.8	0.04188581894455212	0.5184771735201137	0.42826454168277284
53.2	0.04188581894455246	0.5184795134991624	0.4282484363298309
53.6	0.04188581894455281	0.5184813334828671	0.428233515194016
54.0	0.04188581894455312	0.5184831534665713	0.4282195414319041
54.4	0.041885818944553385	0.5184852334479473	0.42820627820006907
54.8	0.041885818944553586	0.5184867934339805	0.42819396234193663
55.2	0.041885818944553725	0.5184883534200133	0.42818188332722995
55.6	0.041885818944553815	0.5184896534083729	0.42817098852965074
56.0	0.04188581894455387	0.5184909533967335	0.42816080426234926
56.4	0.04188581894455389	0.518492253385094	0.42815109368189885
56.8	0.04188581894455389	0.5184932933757822	0.4281418567882995
57.2	0.041885818944553885	0.5184943333664704	0.42813333042497703
57.6	0.04188581894455387	0.5184953733571582	0.4281255145919318
58.0	0.04188581894455386	0.5184964133478469	0.4281176987588857
58.4	0.04188581894455384	0.5184971933408637	0.4281105934561169
58.8	0.04188581894455383	0.5184979733338793	0.4281039618401996
59.2	0.041885818944553815	0.5184987533268957	0.4280978039111334
59.6	0.04188581894455381	0.5184995333199125	0.42809164598206717
60.0	0.0418858189445538	0.5185000533152557	0.4280861985832778
60.4	0.0418858189445538	0.5185005733106003	0.4280809880279137
60.8	0.041885818944553795	0.5185010933059444	0.42807625115940207
61.2	0.041885818944553795	0.5185016133012885	0.4280715142908891
61.6	0.041885818944553795	0.5185021332966326	0.4280672511092276
62.0	0.041885818944553795	0.5185026532919768	0.42806322477099235
62.4	0.0418858189445538	0.5185029132896486	0.42805919843275664
62.8	0.0418858189445538	0.5185031732873213	0.42805564578137245
63.2	0.0418858189445538	0.5185036932826654	0.4280525668168389
63.6	0.0418858189445538	0.5185039532803368	0.4280494878523058
64.0	0.0418858189445538	0.5185042132780091	0.42804664573119844
64.4	0.0418858189445538	0.5185044732756809	0.42804380361009153
64.8	0.0418858189445538	0.5185047332733532	0.42804096148898285
65.2	0.0418858189445538	0.5185049932710251	0.42803835621130126
65.6	0.0418858189445538	0.5185052532686973	0.4280362246204712
66.0	0.0418858189445538	0.5185055132663687	0.42803409302964024
66.4	0.0418858189445538	0.5185057732640415	0.4280319614388097
66.8	0.0418858189445538	0.5185057732640415	0.42803006669140453
67.2	0.0418858189445538	0.5185057732640415	0.4280281719439998
67.6	0.0418858189445538	0.5185060332617137	0.42802651404002034
68.0	0.0418858189445538	0.5185062932593856	0.42802509297946667
68.4	0.0418858189445538	0.5185062932593856	0.42802343507548724
68.8	0.0418858189445538	0.5185065532570579	0.4280222508583593
69.2	0.0418858189445538	0.5185065532570579	0.4280208297978052
69.6	0.0418858189445538	0.5185065532570579	0.4280196455806773
70.0	0.0418858189445538	0.5185068132547297	0.4280186982069747
70.4	0.0418858189445538	0.5185068132547297	0.428017277146421
70.8	0.0418858189445538	0.5185068132547297	0.4280163297727184
71.2	0.0418858189445538	0.518507073252402	0.4280153823990158
71.6	0.0418858189445538	0.518507073252402	0.428014671868739
72.0	0.0418858189445538	0.518507073252402	0.42801372449503683
72.4	0.0418858189445538	0.5185073332500734	0.42801301396476
72.8	0.0418858189445538	0.5185073332500734	0.4280120665910574
73.2	0.0418858189445538	0.5185073332500734	0.42801135606078056
73.6	0.0418858189445538	0.5185073332500734	0.42801088237392904
74.0	0.0418858189445538	0.5185075932477461	0.42801017184365264
74.4	0.0418858189445538	0.5185075932477461	0.42800946131337536
74.8	0.0418858189445538	0.5185075932477461	0.4280092244699496
75.2	0.0418858189445538	0.5185075932477461	0.4280087507830985
75.6	0.0418858189445538	0.5185075932477461	0.42800804025282124
76.0	0.0418858189445538	0.5185075932477461	0.4280078034093959
76.4	0.0418858189445538	0.5185075932477461	0.42800732972254485
76.8	0.0418858189445538	0.5185075932477461	0.42800685603569333
77.2	0.0418858189445538	0.5185078532454184	0.428006619192268
77.6	0.0418858189445538	0.5185078532454184	0.4280061455054165
78.0	0.0418858189445538	0.5185078532454184	0.4280059086619916
78.4	0.0418858189445538	0.5185078532454184	0.42800543497513965
78.8	0.0418858189445538	0.5185078532454184	0.42800519813171434
79.2	0.0418858189445538	0.5185078532454184	0.4280049612882886
79.6	0.0418858189445538	0.5185078532454184	0.42800472444486326
80.0	0.0418858189445538	0.5185078532454184	0.4280044876014375
80.4	0.0418858189445538	0.5185078532454184	0.4280042507580122
80.8	0.0418858189445538	0.5185078532454184	0.428004013914586
