Time	ABP	LCBFV	RCBFV
-78.0	0.06741172682284972	0.14311388769399214	0.09141513304525573
-77.6	0.15612652045881448	0.15807508851836527	0.0936582368716734
-77.2	0.2975677181095899	0.2120628521092276	0.11205125390652171
-76.8	0.4541929961230602	0.33645061564526113	0.17457502449884998
-76.4	0.6022759326594176	0.48799794594714596	0.2994936204677807
-76.0	0.728842978426972	0.5900130703214286	0.4309726775492666
-75.6	0.8286774149961178	0.6370876665226533	0.4878163435229377
-75.2	0.9016965055123313	0.6569312538148178	0.47638365350120315
-74.8	0.9508399671791976	0.6675390440402627	0.4431171451618119
-74.4	0.9804938551142541	0.6744628517491025	0.41612008894285246
-74.0	0.9954043304929681	0.6782754301234841	0.4015405927301652
-73.6	1.0	0.6789634027621276	0.39581488222468186
-73.2	0.9980295716085953	0.6770004158740504	0.3943402918839949
-72.8	0.9924249549652986	0.6732179344025515	0.39446109319135925
-72.4	0.9853119355764359	0.6685155213338216	0.3953732109278669
-72.0	0.9781062734164401	0.6636662718601141	0.397261511813328
-71.6	0.9716492296567552	0.6592246986163759	0.4006059435138569
-71.2	0.9663511315561246	0.655515179333686	0.4058063719300118
-70.8	0.9623236563673749	0.6526635737877404	0.41304304890019816
-70.4	0.9594907526201965	0.6506482973310166	0.4222690112195302
-70.0	0.9576746622991714	0.6493586906438202	0.43326355897140667
-69.6	0.9566577430203744	0.6486442692117333	0.4456995785032998
-69.2	0.9562231973496089	0.6483478603196984	0.4591994639308399
-68.8	0.9561788834733969	0.6483290117542553	0.47337556521601165
-68.4	0.9563685425469809	0.648473112077153	0.48785190525611677
-68.0	0.9566743894794315	0.6486947347256597	0.5022788389188282
-67.6	0.9570143460368283	0.6489349019304886	0.5163384823144277
-67.2	0.9573364377578013	0.6491577406154758	0.529752313776946
-66.8	0.9576121506577112	0.6493434901878183	0.5422912180178083
-66.4	0.9578299177351507	0.6494857664559954	0.5537828156433595
-66.0	0.957989407519589	0.6495854814473669	0.5641163494998791
-65.6	0.958096919831518	0.6496481073260951	0.5732451278460959
-65.2	0.9581619444793907	0.6496812443201794	0.5811778375175929
-64.8	0.9581947860024498	0.6496927966667405	0.5879698570912324
-64.4	0.9582050787931264	0.6496897565755404	0.5937110410226021
-64.0	0.9582009902739096	0.6496779002198583	0.5985105176837506
-63.6	0.958188916704134	0.6496620917456171	0.602484744964249
-63.2	0.9581735020197326	0.6496453712440147	0.6057509951445059
-62.8	0.9581578441679759	0.6496298667788936	0.6084173107421189
-62.4	0.958143788492917	0.6496161863684913	0.6105838618299373
-62.0	0.9581322395178903	0.6496055460492904	0.6123364309093704
-61.6	0.9581234487809865	0.649597033793929	0.6137504848645694
-61.2	0.9581172565393483	0.6495912576206484	0.6148884603263078
-60.8	0.9581132794628786	0.6495876095112076	0.6158030212353238
-60.4	0.9581110457117459	0.6495851774382477	0.6165376017695472
-60.0	0.9581100840793987	0.6495836573926472	0.6171283065893811
-59.6	0.9581099762417915	0.649583353383528	0.6176030964468668
-59.2	0.9581103815302958	0.649583353383528	0.6179858601398656
-58.8	0.9581110428175537	0.6495836573926472	0.6182953286576094
-58.4	0.9581117806622393	0.6495839614017673	0.618546161035149
-58.0	0.9581124812152524	0.6495842654108874	0.6187505731350269
-57.6	0.9581130818120823	0.6495845694200075	0.6189177947200535
-57.2	0.9581135568127304	0.6495845694200075	0.6190556982349786
-56.8	0.9581139051649005	0.6495848734291276	0.6191699844156542
-56.4	0.9581141403645693	0.6495848734291276	0.6192652681434851
-56.0	0.9581142829423992	0.6495848734291276	0.6193453499090418
-55.6	0.9581143552699152	0.6495848734291276	0.619413215812056
-55.2	0.9581143783060494	0.6495848734291276	0.6194715804886477
-54.8	0.9581143698449829	0.6495848734291276	0.6195215297932659
-54.4	0.9581143438404887	0.6495848734291276	0.6195646925075828
-54.0	0.9581143104373315	0.6495848734291276	0.6196021544860466
-53.6	0.9581142764141715	0.6495845694200075	0.6196352730467178
-53.2	0.9581142458186219	0.6495845694200075	0.6196643196532072
-52.8	0.9581142206443499	0.6495845694200075	0.6196901086963527
-52.4	0.9581142014573277	0.6495845694200075	0.6197129116397657
-52.0	0.9581141879225274	0.6495845694200075	0.6197335428742816
-51.6	0.958114179213424	0.6495845694200075	0.6197520023999012
-51.2	0.958114174307155	0.6495845694200075	0.6197685616802366
-50.8	0.958114172179592	0.6495845694200075	0.6197837636425119
-50.4	0.9581141719200008	0.6495845694200075	0.6197973368231144
-50.0	0.9581141727856862	0.6495845694200075	0.6198098241492693
-49.6	0.958114174215348	0.6495845694200075	0.6198209541573636
-49.2	0.958114175816698	0.6495845694200075	0.6198312697746218
-48.8	0.9581141773403621	0.6495845694200075	0.6198404995374314
-48.4	0.9581141786486354	0.6495848734291276	0.6198489149094053
-48.0	0.9581141796846981	0.6495845694200075	0.6198567873541543
-47.6	0.9581141804455386	0.6495845694200075	0.6198641168716805
-47.2	0.9581141809600576	0.6495845694200075	0.6198706319983698
-46.8	0.9581141812726701	0.6495845694200075	0.6198766041978354
-46.4	0.9581141814319384	0.6495845694200075	0.6198823049336881
-46.0	0.9581141814834578	0.6495845694200075	0.6198871912787056
-45.6	0.9581141814660036	0.6495845694200075	0.6198920776237222
-45.2	0.9581141814100037	0.6495845694200075	0.6198964210415152
-44.8	0.9581141813376217	0.6495845694200075	0.6199004929956957
-44.4	0.9581141812637005	0.6495845694200075	0.6199040220226526
-44.0	0.9581141811970996	0.6495845694200075	0.6199072795859975
-43.6	0.9581141811422268	0.6495845694200075	0.6199102656857298
-43.2	0.9581141811003462	0.6495845694200075	0.6199132517854631
-42.8	0.9581141810707701	0.6495845694200075	0.619915966421583
-42.4	0.9581141810516962	0.6495845694200075	0.6199184095940917
-42.0	0.9581141810409202	0.6495845694200075	0.6199208527666
-41.6	0.9581141810362146	0.6495845694200075	0.6199230244754967
-41.2	0.9581141810355953	0.6495845694200075	0.619924924720781
-40.8	0.9581141810374432	0.6495845694200075	0.6199268249660652
-40.4	0.9581141810405337	0.6495845694200075	0.6199284537477379
-40.0	0.9581141810440088	0.6495845694200075	0.619929811065798
-39.6	0.9581141810473229	0.6495845694200075	0.6199317113110823
-39.2	0.9581141810501724	0.6495845694200075	0.6199327971655304
-38.8	0.958114181052432	0.6495845694200075	0.619933883019979
-38.4	0.958114181054094	0.6495845694200075	0.6199352403380392
-38.0	0.9581141810552191	0.6495845694200075	0.6199363261924873
-37.6	0.958114181055909	0.6495845694200075	0.6199374120469359
-37.2	0.958114181056257	0.6495845694200075	0.6199382264377715
-36.8	0.9581141810563671	0.6495845694200075	0.6199393122922205
-36.4	0.9581141810563303	0.6495845694200075	0.6199398552194437
-36.0	0.9581141810562113	0.6495845694200075	0.6199409410738923
-35.6	0.9581141810560556	0.6495845694200075	0.6199414840011164
-35.2	0.9581141810558998	0.6495845694200075	0.6199420269283404
-34.8	0.9581141810557531	0.6495845694200075	0.6199428413191765
-34.4	0.9581141810556342	0.6495845694200075	0.6199433842464006
-34.0	0.9581141810555424	0.6495845694200075	0.6199436557100131
-33.6	0.9581141810554785	0.6495845694200075	0.6199441986372367
-33.2	0.9581141810554344	0.6495845694200075	0.6199447415644612
-32.8	0.9581141810554105	0.6495845694200075	0.6199452844916853
-32.4	0.9581141810554005	0.6495845694200075	0.6199455559552978
-32.0	0.9581141810553986	0.6495845694200075	0.6199458274189094
-31.6	0.9581141810554022	0.6495845694200075	0.6199463703461334
-31.2	0.9581141810554096	0.6495845694200075	0.6199466418097455
-30.8	0.9581141810554169	0.6495845694200075	0.6199469132733575
-30.4	0.9581141810554241	0.6495845694200075	0.6199471847369695
-30.0	0.9581141810554298	0.6495845694200075	0.6199474562005816
-29.6	0.9581141810554351	0.6495845694200075	0.6199474562005816
-29.2	0.9581141810554389	0.6495845694200075	0.6199477276641936
-28.8	0.9581141810554417	0.6495845694200075	0.6199479991278061
-28.4	0.9581141810554417	0.6495845694200075	0.6199482705914177
-28.0	0.9581141810554417	0.6495845694200075	0.6199485420550297
-27.6	0.9581141810554417	0.6495845694200075	0.6199485420550297
-27.2	0.9581141810554417	0.6495845694200075	0.6199488135186417
-26.8	0.9581141810554417	0.6495845694200075	0.6199490849822538
-26.4	0.9581141810554417	0.6495845694200075	0.6199490849822538
-26.0	0.9581141810554417	0.6495845694200075	0.6199493564458658
-25.6	0.9581141810554417	0.6495845694200075	0.6199493564458658
-25.2	0.9581141810554417	0.6495845694200075	0.6199493564458658
-24.8	0.9581141810554417	0.6495845694200075	0.6199493564458658
-24.4	0.9581141810554417	0.6495845694200075	0.6199496279094778
-24.0	0.9581141810554417	0.6495845694200075	0.6199496279094778
-23.6	0.9581141810554417	0.6495845694200075	0.6199496279094778
-23.2	0.9581141810554417	0.6495845694200075	0.6199498993730894
-22.8	0.9581141810554417	0.6495845694200075	0.6199498993730894
-22.4	0.9581141810554417	0.6495845694200075	0.6199498993730894
-22.0	0.9581141810554417	0.6495845694200075	0.6199498993730894
-21.6	0.9581141810554417	0.6495845694200075	0.6199501708367023
-21.2	0.9581141810554417	0.6495845694200075	0.6199501708367023
-20.8	0.9581141810554417	0.6495845694200075	0.6199501708367023
-20.4	0.9581141810554417	0.6495845694200075	0.6199501708367023
-20.0	0.9581141810554417	0.6495845694200075	0.6199501708367023
-19.6	0.9581141810554417	0.6495845694200075	0.6199504423003135
-19.2	0.9581141810554417	0.6495845694200075	0.6199504423003135
-18.8	0.9581141810554417	0.6495845694200075	0.6199504423003135
-18.4	0.9581141810554417	0.6495845694200075	0.6199504423003135
-18.0	0.9581141810554417	0.6495845694200075	0.6199504423003135
-17.6	0.9581141810554417	0.6495845694200075	0.6199504423003135
-17.2	0.9581141810554417	0.6495845694200075	0.6199504423003135
-16.8	0.9581141810554417	0.6495845694200075	0.6199507137639264
-16.4	0.9581141810554417	0.6495845694200075	0.6199507137639264
-16.0	0.9581141810554417	0.6495845694200075	0.6199507137639264
-15.6	0.9581141810554417	0.6495845694200075	0.6199507137639264
-15.2	0.9581141810554417	0.6495845694200075	0.6199507137639264
-14.8	0.9581141810554417	0.6495845694200075	0.6199507137639264
-14.4	0.9581141810554417	0.6495845694200075	0.6199507137639264
-14.0	0.9581141810554417	0.6495845694200075	0.6199507137639264
-13.6	0.9581141810554417	0.6495845694200075	0.6199507137639264
-13.2	0.9581141810554417	0.6495845694200075	0.6199507137639264
-12.8	0.9581141810554417	0.6495845694200075	0.6199507137639264
-12.4	0.9581141810554417	0.6495845694200075	0.6199507137639264
-12.0	0.9581141810554417	0.6495845694200075	0.6199507137639264
-11.6	0.9581141810554417	0.6495845694200075	0.6199507137639264
-11.2	0.9581141810554417	0.6495845694200075	0.6199507137639264
-10.8	0.9581141810554417	0.6495845694200075	0.6199509852275384
-10.4	0.9581141810554417	0.6495845694200075	0.6199509852275384
-10.0	0.9581141810554417	0.6495845694200075	0.6199509852275384
-9.6	0.9581141810554417	0.6495845694200075	0.6199509852275384
-9.2	0.9581141810554417	0.6495845694200075	0.6199509852275384
-8.8	0.9581141810554417	0.6495845694200075	0.6199509852275384
-8.4	0.9581141810554417	0.6495845694200075	0.6199509852275384
-8.0	0.9581141810554417	0.6495845694200075	0.6199509852275384
-7.6	0.9581141810554417	0.6495845694200075	0.6199509852275384
-7.2	0.9581141810554417	0.6495845694200075	0.6199509852275384
-6.8	0.9581141810554417	0.6495845694200075	0.6199509852275384
-6.4	0.9581141810554417	0.6495845694200075	0.6199509852275384
-6.0	0.9581141810554417	0.6495845694200075	0.6199509852275384
-5.6	0.9581141810554417	0.6495845694200075	0.6199509852275384
-5.2	0.9581141810554417	0.6495845694200075	0.6199509852275384
-4.8	0.9581141810554417	0.6495845694200075	0.6199509852275384
-4.4	0.9581141810554417	0.6495845694200075	0.6199509852275384
-4.0	0.9581141810554417	0.6495845694200075	0.6199509852275384
-3.6	0.9581141810554417	0.6495845694200075	0.6199509852275384
-3.2	0.9581141810554417	0.6495845694200075	0.6199509852275384
-2.8	0.9581141810554417	0.6495845694200075	0.6199509852275384
-2.4	0.9581141810554417	0.6495845694200075	0.6199509852275384
-2.0	0.9581141810554417	0.6495845694200075	0.6199509852275384
-1.6	0.9581141810554417	0.6495845694200075	0.6199509852275384
-1.2	0.9581141810554417	0.6495845694200075	0.6199509852275384
-0.8	0.9581141810554417	0.6495845694200075	0.6199509852275384
-0.4	0.9581141810554417	0.6495845694200075	0.6199509852275384
0.0	0.9581141810554417	0.6495845694200075	0.6199509852275384
0.4	0.9581141810554417	0.6495845694200075	0.6199509852275384
0.8	0.9581141810554417	0.6495845694200075	0.6199509852275384
1.2	0.9581141810554417	0.6495845694200075	0.6199509852275384
1.6	0.9325882731771457	0.6382155403579897	0.60890865987994
2.0	0.843873479541181	0.5912443072575777	0.559348634081342
2.4	0.7024322818904056	0.49346038181596796	0.44530541333859475
2.8	0.5458070038769351	0.3540880087533185	0.277222474271102
3.2	0.39772406734057786	0.20726102805824587	0.14467982275758118
3.6	0.2711570215730236	0.09425050183047112	0.12891267324215017
4.0	0.17132258500387848	0.03694417468528721	0.14586014654280044
4.4	0.0983034944876641	0.03415215492686885	0.11845616636936862
4.8	0.04916003282079817	0.07170579350677908	0.10027434802469992
5.2	0.01950614488574446	0.13130526144440147	0.14586258971530874
5.6	0.004595669507025765	0.19680828248401916	0.22168047631723953
6.0	0.0	0.2578289930578137	0.26425628630486386
6.4	0.001970428391404537	0.309875354408121	0.28986589200260626
6.8	0.007575045034696991	0.3523141155379035	0.31705623031334973
7.2	0.014688064423555941	0.3862205567047323	0.34452156126310607
7.6	0.02189372658355987	0.4130885787244689	0.36802053737711393
8.0	0.028350770343242414	0.4343078072847999	0.3865826762422726
8.4	0.03364886844387128	0.4510383411877874	0.40093767204778885
8.8	0.03767634363262206	0.4642229127146651	0.41179675945724936
9.2	0.04050924737979743	0.4746209366472849	0.41959265146827107
9.6	0.04232533770082475	0.48284529537164156	0.42470186811077504
10.0	0.04334225697962158	0.48938483555275347	0.42758481167080875
10.4	0.0437768026503866	0.49462656080042944	0.4287770798549584
10.8	0.04382111652659886	0.4988708321252635	0.42881535622425826
11.2	0.0436314574530143	0.5023474804220052	0.42816547233699653
11.6	0.04332561052056362	0.5052300948981947	0.42718630308831074
12.0	0.042985653963167406	0.5076463593842471	0.42612325158349984
12.4	0.042663562242194204	0.5096899086891353	0.4251256228091944
12.8	0.0423878493422843	0.5114294488739857	0.4242699695039942
13.2	0.0421700822648452	0.5129145334253655	0.4235823521746567
13.6	0.04201059248040673	0.5141822514559187	0.42305788447616477
14.0	0.04190308016847743	0.5152611798229301	0.4226770210284503
14.4	0.04183805552060373	0.5161741192104006	0.4224115296158595
14.8	0.04180521399754266	0.5169405262020135	0.42223507826802287
15.2	0.04179492120687013	0.5175771212993707	0.422122692332632
15.6	0.04179900972608181	0.5180991049584738	0.4220550978932298
16.0	0.041811083295859995	0.5185207656079647	0.4220184503056026
16.4	0.041826497980267635	0.5188548716308854	0.42200324834332736
16.8	0.04184215583202051	0.5191141914102766	0.42200379127055143
17.2	0.0418562115070811	0.5193087572471002	0.42201817884199055
17.6	0.04186776048210639	0.5194489054514375	0.4220458681304202
18.0	0.04187655121900773	0.5195437562968888	0.42208740206306494
18.4	0.04188274346064996	0.5196009100114565	0.4221444094215965
18.8	0.04188672053711745	0.5196270547957789	0.4222177045968518
19.2	0.041888954288249444	0.5196279668231396	0.4223083734432782
19.6	0.04188991592059674	0.5196088142485769	0.42241641596087653
20.0	0.04189002375820357	0.5195738531997729	0.4225415606860339
20.4	0.04188961846969933	0.5195261237679265	0.4226829932279159
20.8	0.041888957182442156	0.5194692740624798	0.4228388133412353
21.2	0.041888219337756126	0.519405128138152	0.4230076637079341
21.6	0.04188751878474316	0.5193358140587838	0.42318682969189103
22.0	0.041886918187912965	0.5192631558790954	0.42337468251143395
22.4	0.041886443187265275	0.5191883696355659	0.4235682360668296
22.8	0.04188609483509504	0.5191123673555564	0.4237658615764066
23.2	0.04188585963542684	0.5190360610664273	0.4239651158676554
23.6	0.04188571705760046	0.518960666804658	0.42416409869529303
24.0	0.0418856447300795	0.5188858805611298	0.42436145274125714
24.4	0.04188562169394452	0.5188126143632004	0.42455500629665277
24.8	0.041885630155010865	0.5187411722199915	0.4247439449706438
25.2	0.04188565615950581	0.5186721621497434	0.42492745437239376
25.6	0.041885689562664655	0.5186049761342151	0.42510390572022994
26.0	0.041885723585826894	0.5185405262007667	0.4252732990141528
26.4	0.04188575418137185	0.5184785083402796	0.42543509132693824
26.8	0.04188577935564246	0.5184192265618726	0.42558873973136224
27.2	0.04188579854266422	0.5183620728473057	0.4257342442274239
27.6	0.04188581207746908	0.518307959223939	0.4258716048151241
28.0	0.04188582078657159	0.518255973664413	0.42600082149446283
28.4	0.04188582569284101	0.518206724186967	0.42612189426543967
28.8	0.04188582782040343	0.5181599067824814	0.4262350945916671
29.2	0.04188582807999494	0.5181155214509556	0.42634042247314463
29.6	0.04188582721430925	0.5180735681923903	0.4264389637643209
30.0	0.04188582578464762	0.5180334389885459	0.42652990407435976
30.4	0.041885824183297664	0.5179954378485414	0.42661460072132096
30.8	0.04188582265963342	0.5179598687814968	0.42669278224159335
31.2	0.04188582135136015	0.5179258197600527	0.4267649915624001
31.6	0.0418858203152968	0.5178938988024488	0.4268315001473537
32.0	0.041885819554456694	0.5178634978904451	0.42689285092367824
32.4	0.04188581903993779	0.5178352250422824	0.42694931535498615
32.8	0.0418858187273271	0.5178084722397185	0.4270011649048886
33.2	0.04188581856805733	0.5177829354736354	0.4270486710369985
33.6	0.04188581851653521	0.5177589187531524	0.42709210521492746
34.0	0.04188581853399386	0.5177364220782699	0.42713201036589954
34.4	0.0418858185899931	0.5177151414398673	0.4271683864899152
34.8	0.04188581866237206	0.5176950768379447	0.427201776514198
35.2	0.041885818736298756	0.5176762282725025	0.4272319089751364
35.6	0.04188581880289552	0.5176585957435402	0.4272595982635661
36.0	0.04188581885776873	0.5176418752419383	0.427284844379487
36.4	0.04188581889964613	0.5176260667676966	0.42730764732290005
36.8	0.04188581892922926	0.5176114743299345	0.42732882148464
37.2	0.04188581894829994	0.5175971859012929	0.4273475524738721
37.6	0.041885818959075415	0.5175844175182513	0.4273649261450436
38.0	0.04188581896378148	0.5175719531443299	0.4273806710345429
38.4	0.04188581896440085	0.5175607048068893	0.42739478714237
38.8	0.04188581896255263	0.517549760478567	0.4274078173957485
39.2	0.041885818959462105	0.5175394241684859	0.42741949033106685
39.6	0.041885818955986844	0.517529999885765	0.42743034887554954
40.0	0.041885818952673064	0.5175208796121638	0.42743985010197116
40.4	0.041885818949823336	0.5175120633476831	0.4274485369375567
40.8	0.04188581894756354	0.517504463119681	0.42745640938230656
41.2	0.04188581894590182	0.5174968628916812	0.4274637388998319
41.6	0.041885818944776304	0.5174898706819193	0.42746998256290913
42.0	0.04188581894409092	0.517483486490399	0.4274759547623743
42.4	0.04188581894374024	0.5174771022988782	0.42748138403461544
42.8	0.04188581894362508	0.5174713261255977	0.42748599891602046
43.2	0.04188581894366099	0.5174658539614372	0.42749034233381344
43.6	0.04188581894378156	0.5174606858063968	0.42749414282438236
44.0	0.04188581894393838	0.5174558216604757	0.4274976718513388
44.4	0.041885818944099	0.5174512615236755	0.42750092941468365
44.8	0.04188581894424396	0.517447005395995	0.4275036440508049
45.2	0.041885818944363565	0.5174430532774341	0.42750635868692477
45.6	0.041885818944454964	0.5174394051679938	0.4275088018594331
46.0	0.04188581894451962	0.5174360610676736	0.42751097356833023
46.4	0.04188581894456138	0.5174327169673529	0.42751287381361447
46.8	0.04188581894458505	0.5174293728670332	0.42751450259528667
47.2	0.04188581894459545	0.5174266367849518	0.4275161313769589
47.6	0.04188581894459692	0.5174239007028718	0.42751721723140745
48.0	0.04188581894459297	0.5174214686299119	0.4275188460130792
48.4	0.041885818944586296	0.517419036556952	0.4275199318675278
48.8	0.041885818944578754	0.5174169084931113	0.4275210177219759
49.2	0.041885818944571544	0.5174147804292715	0.42752156064920044
49.6	0.04188581894456534	0.5174126523654308	0.42752264650364813
50.0	0.04188581894456041	0.5174108283107102	0.4275231894308722
50.4	0.04188581894455678	0.5174093082651097	0.42752400382170874
50.8	0.041885818944554315	0.51740748421039	0.42752454674893237
51.2	0.041885818944552816	0.5174059641647899	0.4275248182125444
51.6	0.041885818944552046	0.5174044441191894	0.42752563260338095
52.0	0.04188581894455179	0.5174029240735898	0.427525904066993
52.4	0.04188581894455186	0.5174017080371094	0.42752644699421705
52.8	0.04188581894455212	0.517400492000629	0.4275267184578291
53.2	0.04188581894455246	0.5173995799732691	0.4275267184578291
53.6	0.04188581894455281	0.5173986679459088	0.4275269899214411
54.0	0.04188581894455312	0.517397755918549	0.42752726138505315
54.4	0.041885818944553385	0.5173965398820686	0.4275275328486652
54.8	0.041885818944553586	0.5173959318638284	0.42752780431227766
55.2	0.041885818944553725	0.5173950198364685	0.42752807577588925
55.6	0.041885818944553815	0.5173944118182283	0.4275283472395017
56.0	0.04188581894455387	0.5173934997908685	0.4275283472395017
56.4	0.04188581894455389	0.5173928917726283	0.4275286187031133
56.8	0.04188581894455389	0.5173922837543881	0.4275286187031133
57.2	0.041885818944553885	0.5173916757361479	0.4275286187031133
57.6	0.04188581894455387	0.5173913717270282	0.42752889016672535
58.0	0.04188581894455386	0.517390763708788	0.42752889016672535
58.4	0.04188581894455384	0.5173901556905478	0.42752889016672535
58.8	0.04188581894455383	0.5173898516814277	0.42752889016672535
59.2	0.041885818944553815	0.5173895476723076	0.42752889016672535
59.6	0.04188581894455381	0.517389243663188	0.42752889016672535
60.0	0.0418858189445538	0.5173886356449477	0.4275291616303374
60.4	0.0418858189445538	0.5173883316358276	0.4275291616303374
60.8	0.041885818944553795	0.5173880276267075	0.4275291616303374
61.2	0.041885818944553795	0.517387723617587	0.4275291616303374
61.6	0.041885818944553795	0.5173874196084673	0.4275291616303374
62.0	0.041885818944553795	0.5173871155993477	0.4275291616303374
62.4	0.0418858189445538	0.5173868115902276	0.4275291616303374
62.8	0.0418858189445538	0.5173868115902276	0.4275291616303374
63.2	0.0418858189445538	0.5173865075811075	0.4275294330939494
63.6	0.0418858189445538	0.5173862035719874	0.4275291616303374
64.0	0.0418858189445538	0.5173862035719874	0.4275294330939494
64.4	0.0418858189445538	0.5173858995628673	0.4275294330939494
64.8	0.0418858189445538	0.5173858995628673	0.4275294330939494
65.2	0.0418858189445538	0.5173855955537472	0.4275294330939494
65.6	0.0418858189445538	0.5173852915446271	0.4275294330939494
66.0	0.0418858189445538	0.5173852915446271	0.4275294330939494
66.4	0.0418858189445538	0.5173849875355074	0.4275294330939494
66.8	0.0418858189445538	0.5173849875355074	0.4275294330939494
67.2	0.0418858189445538	0.5173849875355074	0.4275294330939494
67.6	0.0418858189445538	0.5173849875355074	0.4275294330939494
68.0	0.0418858189445538	0.5173849875355074	0.4275294330939494
68.4	0.0418858189445538	0.5173846835263873	0.4275294330939494
68.8	0.0418858189445538	0.5173846835263873	0.4275294330939494
69.2	0.0418858189445538	0.5173843795172672	0.4275294330939494
69.6	0.0418858189445538	0.5173843795172672	0.4275294330939494
70.0	0.0418858189445538	0.5173843795172672	0.4275294330939494
70.4	0.0418858189445538	0.5173843795172672	0.4275294330939494
70.8	0.0418858189445538	0.5173840755081471	0.4275294330939494
71.2	0.0418858189445538	0.5173840755081471	0.4275294330939494
71.6	0.0418858189445538	0.5173840755081471	0.4275294330939494
72.0	0.0418858189445538	0.5173840755081471	0.4275294330939494
72.4	0.0418858189445538	0.5173840755081471	0.4275294330939494
72.8	0.0418858189445538	0.5173840755081471	0.4275294330939494
73.2	0.0418858189445538	0.5173840755081471	0.4275294330939494
73.6	0.0418858189445538	0.5173840755081471	0.4275294330939494
74.0	0.0418858189445538	0.5173840755081471	0.4275294330939494
74.4	0.0418858189445538	0.5173840755081471	0.4275294330939494
74.8	0.0418858189445538	0.5173840755081471	0.4275294330939494
75.2	0.0418858189445538	0.517383771499027	0.4275294330939494
75.6	0.0418858189445538	0.517383771499027	0.4275294330939494
76.0	0.0418858189445538	0.517383771499027	0.4275294330939494
76.4	0.0418858189445538	0.517383771499027	0.4275294330939494
76.8	0.0418858189445538	0.517383771499027	0.4275294330939494
77.2	0.0418858189445538	0.517383771499027	0.4275294330939494
77.6	0.0418858189445538	0.517383771499027	0.4275294330939494
78.0	0.0418858189445538	0.517383771499027	0.4275294330939494
78.4	0.0418858189445538	0.517383771499027	0.4275294330939494
78.8	0.0418858189445538	0.5173834674899078	0.4275294330939494
79.2	0.0418858189445538	0.5173834674899078	0.4275294330939494
79.6	0.0418858189445538	0.5173834674899078	0.4275294330939494
80.0	0.0418858189445538	0.5173834674899078	0.4275294330939494
80.4	0.0418858189445538	0.5173834674899078	0.4275294330939494
80.8	0.0418858189445538	0.5173834674899078	0.4275294330939494
