<<<<<<< HEAD
<<<<<<< HEAD
TIEMPO	VFSCd	VFSCi	PAMn	PCC	RAP
0.40	26.51	35.34	81.69	4.43	2.15
1.00	26.88	36.75	82.56	6.29	2.06
1.60	26.82	36.94	82.27	6.85	2.02
2.20	26.32	36.00	80.45	5.34	2.08
2.80	26.69	36.50	79.21	6.42	2.00
3.40	26.71	36.76	78.15	7.65	1.91
4.00	25.88	36.12	76.79	7.85	1.89
4.60	25.96	36.17	76.13	5.35	1.93
5.20	26.57	37.28	77.06	4.47	1.93
5.80	27.52	38.90	79.96	7.47	1.85
6.40	28.66	40.55	84.40	14.09	1.73
7.00	28.42	39.65	85.77	14.27	1.78
7.60	27.45	38.96	86.73	12.49	1.88
8.20	26.83	38.19	87.48	10.67	1.98
8.80	27.18	36.89	87.14	10.22	2.08
9.40	27.21	36.30	87.04	13.16	2.02
10.00	26.81	35.87	86.24	13.89	1.99
10.60	25.99	35.20	83.95	8.50	2.14
11.20	25.26	34.84	83.56	8.67	2.14
11.80	24.83	34.37	83.00	9.70	2.11
12.40	24.72	33.68	80.72	8.38	2.15
13.00	24.64	33.71	79.17	6.18	2.17
13.60	24.42	33.90	77.97	5.02	2.14
14.20	24.02	34.10	76.86	6.37	2.02
14.80	24.80	34.54	76.23	6.19	2.12
15.40	25.43	34.89	75.66	6.85	2.14
16.00	25.68	35.11	74.81	10.13	1.87
16.60	26.41	35.59	75.04	11.34	1.96
17.20	26.51	36.10	75.31	10.30	1.99
17.80	26.71	36.91	75.57	7.53	1.85
18.40	28.31	38.42	78.61	4.31	1.92
19.00	28.20	37.81	79.20	7.42	1.89
19.60	27.40	36.86	78.64	11.60	1.82
20.20	26.45	36.43	78.10	13.42	1.78
20.80	26.83	36.20	77.76	10.84	1.84
21.40	27.13	36.05	77.45	8.77	1.89
22.00	27.17	35.97	77.11	9.19	1.89
22.60	27.10	35.92	77.19	6.26	1.95
23.20	27.16	36.39	76.84	9.06	1.85
23.80	27.62	37.04	77.05	11.74	1.76
24.40	28.75	37.47	78.60	8.32	1.88
25.00	29.34	38.80	82.23	8.27	1.90
25.60	28.94	39.10	84.92	11.08	1.87
26.20	27.91	38.36	85.27	15.92	1.79
26.80	27.74	37.69	85.46	16.25	1.83
27.40	27.45	36.99	85.83	13.73	1.95
28.00	27.17	36.52	86.28	9.85	2.09
28.60	27.11	36.59	86.30	7.11	2.16
29.20	27.26	36.80	86.13	8.62	2.10
29.80	27.06	36.50	85.36	11.13	2.03
30.40	26.15	35.22	83.76	12.36	2.00
31.00	27.14	36.67	84.47	9.68	2.04
31.60	27.11	37.12	84.41	7.79	2.05
32.20	26.32	36.51	82.49	8.35	2.03
32.80	26.80	36.04	81.50	11.08	1.95
33.40	26.69	36.42	80.66	11.52	1.90
34.00	26.83	37.27	80.49	9.88	1.89
34.60	28.56	38.47	82.36	8.23	1.92
35.20	27.60	37.97	82.15	6.98	1.96
35.80	26.65	37.42	81.08	7.38	1.96
36.40	26.23	37.20	80.02	9.99	1.88
37.00	26.49	36.37	79.35	5.79	2.03
37.60	26.28	36.84	78.82	6.81	1.97
38.20	26.10	37.42	78.39	9.75	1.84
38.80	26.28	37.27	78.09	11.11	1.78
39.40	26.73	38.01	78.12	7.87	1.82
40.00	27.13	38.68	78.90	5.10	1.87
40.60	27.84	39.40	80.73	6.07	1.87
41.20	29.58	40.52	84.24	15.64	1.69
41.80	29.43	41.67	87.40	19.62	1.63
42.40	29.17	41.00	89.21	17.34	1.74
43.00	28.89	39.51	89.82	12.45	1.93
43.60	28.38	38.08	90.44	13.09	1.99
44.20	27.73	37.89	89.96	13.38	1.99
44.80	27.14	37.62	89.05	12.63	2.01
45.40	26.69	36.56	88.64	9.74	2.14
46.00	26.66	36.02	86.86	10.90	2.11
46.60	26.72	35.87	84.97	11.54	2.07
47.20	26.84	36.05	83.53	7.17	2.12
47.80	26.39	36.80	83.22	7.20	2.07
48.40	27.22	37.99	84.86	8.45	2.02
49.00	28.56	39.13	88.23	9.44	2.01
49.60	28.40	39.38	90.48	11.84	1.98
50.20	28.78	38.99	91.99	9.35	2.09
50.80	29.05	38.34	92.67	8.05	2.18
51.40	28.67	37.58	92.32	13.80	2.08
52.00	28.20	37.37	92.93	12.15	2.17
52.60	27.81	36.86	92.91	10.80	2.24
53.20	27.63	35.79	91.13	16.46	2.07
53.80	26.51	35.21	89.27	10.35	2.23
54.40	25.96	34.76	87.42	5.05	2.36
55.00	26.18	34.35	85.48	9.30	2.20
55.60	26.85	35.13	84.45	6.37	2.22
56.20	26.81	35.86	84.28	4.48	2.23
56.80	26.43	36.30	84.72	6.54	2.16
57.40	27.07	36.49	84.74	8.59	2.10
58.00	26.85	35.93	83.99	12.10	2.00
58.60	26.69	35.88	83.42	14.33	1.92
59.20	27.53	37.68	84.57	9.42	2.00
59.80	28.32	37.45	87.83	14.03	1.96
60.40	28.94	36.65	90.84	18.07	1.98
61.00	29.10	35.95	91.37	15.23	2.12
61.60	28.08	35.54	82.84	6.99	2.11
62.20	28.95	35.25	78.80	6.17	2.27
62.80	31.86	41.45	91.96	4.54	2.30
63.40	32.00	45.70	98.84	11.09	1.94
64.00	28.86	41.43	95.25	4.49	2.12
64.60	26.75	38.42	92.20	7.70	2.14
65.20	25.59	36.66	90.09	13.28	2.07
65.80	25.12	35.33	86.82	10.78	2.11
66.40	23.26	34.61	83.26	11.35	2.07
67.00	21.44	33.81	79.92	13.01	1.99
67.60	20.28	32.59	77.01	14.27	1.90
68.20	21.72	32.47	74.80	9.30	1.98
68.80	21.58	32.76	73.09	5.00	2.05
69.40	19.38	33.32	71.89	6.42	1.97
70.00	21.25	32.12	70.12	11.24	1.80
70.60	22.50	33.59	71.13	11.02	1.78
71.20	23.36	35.56	74.07	7.38	1.88
71.80	24.29	36.34	74.55	11.39	1.76
72.40	24.60	36.44	74.13	9.92	1.74
73.00	25.80	36.91	74.33	9.33	1.77
73.60	27.08	38.05	75.31	10.46	1.72
74.20	28.18	39.71	77.40	11.99	1.61
74.80	29.32	41.11	82.08	8.98	1.77
75.40	28.04	40.19	83.90	13.82	1.73
76.00	27.02	38.42	82.86	12.78	1.84
76.60	26.39	36.91	83.02	11.80	1.70
77.20	25.57	35.60	81.97	14.32	1.76
77.80	24.76	34.09	80.56	16.47	1.88
78.40	24.08	32.64	79.41	16.35	1.93
79.00	23.43	32.08	77.65	14.81	1.94
79.60	23.88	32.44	75.93	16.04	1.84
80.20	23.93	32.92	74.47	18.17	1.71
80.80	22.45	33.02	73.42	19.70	1.60
81.40	20.83	32.78	72.04	15.02	1.72
82.00	20.49	33.27	71.23	11.61	1.80
82.60	21.69	34.63	71.51	14.11	1.66
83.20	24.20	35.69	72.19	14.66	1.62
83.80	25.11	37.15	72.83	13.15	1.61
84.40	25.90	38.71	74.25	11.94	1.59
85.00	27.56	40.06	77.65	14.52	1.57
85.60	27.04	38.93	78.59	14.32	1.63
86.20	26.53	38.89	79.15	13.45	1.68
86.80	26.41	39.22	79.65	13.03	1.69
87.40	26.65	39.02	79.89	14.33	1.67
88.00	27.37	39.21	79.57	18.58	1.55
88.60	27.94	39.44	79.98	19.18	1.53
89.20	28.02	39.70	81.94	11.63	1.75
89.80	27.54	40.49	84.61	8.14	1.86
90.40	27.36	39.60	84.99	9.88	1.88
91.00	27.08	38.48	84.64	13.35	1.85
91.60	26.60	37.82	84.68	16.91	1.78
92.20	26.26	38.29	84.41	15.34	1.81
92.80	26.34	38.38	83.51	14.49	1.80
93.40	27.00	38.81	82.70	16.23	1.72
94.00	29.08	40.84	85.65	18.43	1.65
94.60	28.49	40.06	85.63	15.64	1.73
95.20	28.99	40.77	87.17	11.69	1.84
95.80	28.68	41.48	89.53	11.54	1.87
96.40	27.36	41.11	90.77	15.26	1.80
97.00	26.38	39.87	89.70	15.24	1.71
97.60	25.05	38.12	87.12	14.84	1.88
98.20	23.85	36.77	85.76	15.23	1.74
98.80	23.45	36.42	84.22	14.15	1.80
99.40	23.32	36.39	82.79	13.41	1.91
100.00	23.10	36.30	82.47	16.57	1.81
100.60	23.12	35.46	80.26	11.80	1.93
101.20	22.97	35.06	78.16	10.94	1.92
101.80	22.84	35.22	76.84	19.07	1.64
102.40	23.56	35.71	75.80	11.60	1.77
103.00	24.73	36.78	72.87	7.75	1.84
103.60	25.68	38.09	70.20	6.98	1.81
104.20	26.04	39.41	71.29	3.63	1.75
104.80	26.21	39.86	72.40	5.43	1.69
105.40	26.27	40.39	72.78	5.94	1.65
106.00	26.57	40.99	73.24	4.34	1.66
106.60	27.32	41.56	75.32	4.27	1.71
107.20	27.80	41.18	75.39	5.52	1.67
107.80	27.42	40.25	75.02	7.69	1.64
108.40	26.71	39.23	75.00	9.80	1.65
109.00	27.92	39.10	77.18	18.60	1.48
109.60	26.48	38.85	79.66	17.14	1.60
110.20	25.06	38.72	81.63	10.35	1.85
110.80	25.17	38.69	82.54	10.24	1.86
111.40	24.52	37.28	81.27	14.70	1.77
112.00	22.88	36.20	79.97	16.28	1.76
112.60	21.69	35.41	78.90	14.80	1.81
113.20	22.35	34.68	77.81	11.92	1.88
113.80	22.75	34.20	76.34	10.78	1.89
114.40	22.32	33.99	74.70	11.32	1.85
115.00	20.51	33.91	73.23	11.36	1.84
115.60	20.22	34.58	73.06	12.06	1.77
116.20	21.74	36.08	75.05	12.59	1.73
116.80	24.44	38.22	80.29	12.01	1.80
117.40	25.97	39.49	84.69	11.30	1.85
118.00	26.32	38.82	86.86	12.35	1.91
118.60	25.81	37.34	87.41	12.62	2.00
119.20	24.46	35.64	86.84	10.08	2.15
119.80	24.69	35.79	87.52	8.71	2.20
120.40	24.96	35.96	87.75	9.53	2.17
121.00	24.80	35.23	86.33	13.34	2.04
121.60	21.94	34.55	84.69	13.82	2.03
122.20	20.33	33.97	83.11	12.55	2.07
122.80	22.58	33.43	81.62	11.02	2.05
123.40	23.06	33.68	80.84	10.99	2.18
124.00	23.51	34.59	80.94	10.48	2.25
124.60	24.70	36.13	81.90	8.41	2.07
125.20	25.79	37.47	84.44	5.50	2.08
125.80	26.80	38.93	87.85	8.29	2.02
126.40	27.53	40.16	91.51	16.72	1.85
127.00	27.74	40.65	94.55	16.46	1.94
127.60	26.89	38.98	94.90	17.10	2.00
128.20	26.35	37.22	94.16	17.05	2.06
128.80	26.16	35.82	93.27	14.65	2.18
129.40	24.86	35.11	91.20	14.89	2.16
130.00	23.84	34.63	88.86	16.03	2.10
130.60	23.80	34.16	86.95	17.89	2.03
131.20	23.34	34.16	84.00	13.83	2.05
131.80	23.02	34.43	81.85	9.95	2.06
132.40	23.43	35.00	82.49	11.25	2.01
133.00	22.83	34.77	81.54	15.52	1.88
133.60	22.80	34.94	80.71	18.05	1.80
134.20	24.49	36.44	81.72	15.85	1.82
134.80	24.94	37.02	82.51	10.59	1.94
135.40	25.13	37.27	83.09	6.63	2.05
136.00	25.47	37.47	83.70	6.54	2.06
136.60	25.26	37.02	83.58	9.91	1.98
137.20	25.09	37.27	83.87	9.97	1.96
137.80	25.06	37.90	84.91	5.41	2.06
138.40	25.07	37.84	84.63	13.64	1.88
139.00	26.18	38.57	86.60	13.24	1.89
139.60	26.71	38.61	88.60	10.90	1.97
140.20	26.03	37.56	88.86	13.45	1.99
140.80	25.14	36.57	88.17	12.07	2.08
141.40	24.32	36.07	87.33	11.66	2.09
142.00	23.66	35.96	86.65	14.13	1.99
142.60	22.97	35.40	84.08	11.96	2.03
143.20	23.18	35.24	82.48	11.70	2.01
143.80	23.47	35.45	82.53	14.68	1.88
144.40	22.77	35.87	81.94	15.66	1.84
145.00	22.61	35.82	81.27	14.90	1.85
145.60	23.31	36.14	81.00	12.67	1.90
146.20	25.11	37.55	82.03	6.31	2.03
146.80	26.41	40.62	86.49	7.83	1.95
147.40	27.10	42.42	90.94	12.21	1.84
148.00	27.27	42.01	93.27	15.27	1.83
148.60	26.99	40.39	93.53	17.32	1.86
149.20	26.70	38.70	93.63	18.09	1.93
149.80	26.34	37.20	93.91	17.55	2.04
150.40	24.61	36.29	92.77	16.69	2.09
151.00	23.33	35.74	91.04	15.18	2.12
151.60	22.75	35.49	89.14	11.72	2.18
152.20	22.23	35.64	86.75	13.20	2.04
152.80	22.29	35.67	84.85	13.29	1.96
153.40	22.91	35.42	84.36	4.97	2.22
154.00	21.89	35.37	82.96	13.59	1.95
154.60	21.20	35.30	81.57	18.81	1.77
155.20	21.19	35.25	80.75	8.90	2.02
155.80	21.93	35.47	79.34	8.00	2.00
156.40	23.31	36.47	78.94	9.38	1.90
157.00	24.78	37.78	80.05	10.05	1.81
157.60	25.32	38.06	79.63	8.77	1.84
158.20	25.13	38.90	80.39	11.65	1.77
158.80	25.10	39.70	81.48	14.96	1.67
159.40	25.79	39.82	81.84	14.97	1.66
160.00	26.96	40.15	82.70	12.22	1.74
160.60	27.16	39.91	83.07	11.36	1.77
161.20	26.59	39.23	82.57	13.70	1.74
161.80	25.91	38.57	82.05	14.94	1.74
162.40	25.99	37.94	81.29	15.31	1.74
163.00	26.25	37.78	80.50	15.19	1.72
163.60	26.15	38.50	80.51	16.86	1.65
164.20	25.97	38.02	81.31	13.62	1.77
164.80	26.19	37.81	82.03	12.28	1.85
165.40	26.84	38.42	81.99	18.03	1.66
166.00	26.68	39.34	83.67	17.76	1.68
166.60	27.37	40.10	85.90	16.69	1.72
167.20	28.12	40.43	88.02	15.57	1.77
167.80	28.28	40.27	89.17	13.98	1.86
168.40	27.60	38.41	89.75	12.76	1.97
169.00	26.72	37.25	89.25	13.37	2.00
169.60	25.87	36.76	87.57	16.35	1.91
170.20	25.76	35.95	86.34	13.18	1.99
170.80	24.78	35.21	84.35	13.14	1.98
171.40	23.58	34.76	81.46	17.47	1.84
172.00	25.00	35.53	81.18	15.42	1.84
172.60	24.62	34.88	80.38	15.07	1.83
173.20	23.83	33.99	78.66	17.43	1.80
173.80	24.76	34.73	77.26	11.90	1.86
174.40	24.41	34.58	75.45	9.42	1.88
175.00	23.45	34.52	73.47	11.21	1.81
175.60	23.77	35.84	74.30	14.87	1.66
176.20	24.71	36.80	74.50	17.34	1.55
176.80	25.37	37.16	73.99	18.33	1.50
177.40	25.22	36.89	73.59	18.27	1.48
178.00	25.39	37.03	73.31	17.01	1.50
=======
TIEMPO	VFSCd	VFSCi	PAMn	PCC	RAP
0.40	26.51	35.34	81.69	4.43	2.15
1.00	26.88	36.75	82.56	6.29	2.06
1.60	26.82	36.94	82.27	6.85	2.02
2.20	26.32	36.00	80.45	5.34	2.08
2.80	26.69	36.50	79.21	6.42	2.00
3.40	26.71	36.76	78.15	7.65	1.91
4.00	25.88	36.12	76.79	7.85	1.89
4.60	25.96	36.17	76.13	5.35	1.93
5.20	26.57	37.28	77.06	4.47	1.93
5.80	27.52	38.90	79.96	7.47	1.85
6.40	28.66	40.55	84.40	14.09	1.73
7.00	28.42	39.65	85.77	14.27	1.78
7.60	27.45	38.96	86.73	12.49	1.88
8.20	26.83	38.19	87.48	10.67	1.98
8.80	27.18	36.89	87.14	10.22	2.08
9.40	27.21	36.30	87.04	13.16	2.02
10.00	26.81	35.87	86.24	13.89	1.99
10.60	25.99	35.20	83.95	8.50	2.14
11.20	25.26	34.84	83.56	8.67	2.14
11.80	24.83	34.37	83.00	9.70	2.11
12.40	24.72	33.68	80.72	8.38	2.15
13.00	24.64	33.71	79.17	6.18	2.17
13.60	24.42	33.90	77.97	5.02	2.14
14.20	24.02	34.10	76.86	6.37	2.02
14.80	24.80	34.54	76.23	6.19	2.12
15.40	25.43	34.89	75.66	6.85	2.14
16.00	25.68	35.11	74.81	10.13	1.87
16.60	26.41	35.59	75.04	11.34	1.96
17.20	26.51	36.10	75.31	10.30	1.99
17.80	26.71	36.91	75.57	7.53	1.85
18.40	28.31	38.42	78.61	4.31	1.92
19.00	28.20	37.81	79.20	7.42	1.89
19.60	27.40	36.86	78.64	11.60	1.82
20.20	26.45	36.43	78.10	13.42	1.78
20.80	26.83	36.20	77.76	10.84	1.84
21.40	27.13	36.05	77.45	8.77	1.89
22.00	27.17	35.97	77.11	9.19	1.89
22.60	27.10	35.92	77.19	6.26	1.95
23.20	27.16	36.39	76.84	9.06	1.85
23.80	27.62	37.04	77.05	11.74	1.76
24.40	28.75	37.47	78.60	8.32	1.88
25.00	29.34	38.80	82.23	8.27	1.90
25.60	28.94	39.10	84.92	11.08	1.87
26.20	27.91	38.36	85.27	15.92	1.79
26.80	27.74	37.69	85.46	16.25	1.83
27.40	27.45	36.99	85.83	13.73	1.95
28.00	27.17	36.52	86.28	9.85	2.09
28.60	27.11	36.59	86.30	7.11	2.16
29.20	27.26	36.80	86.13	8.62	2.10
29.80	27.06	36.50	85.36	11.13	2.03
30.40	26.15	35.22	83.76	12.36	2.00
31.00	27.14	36.67	84.47	9.68	2.04
31.60	27.11	37.12	84.41	7.79	2.05
32.20	26.32	36.51	82.49	8.35	2.03
32.80	26.80	36.04	81.50	11.08	1.95
33.40	26.69	36.42	80.66	11.52	1.90
34.00	26.83	37.27	80.49	9.88	1.89
34.60	28.56	38.47	82.36	8.23	1.92
35.20	27.60	37.97	82.15	6.98	1.96
35.80	26.65	37.42	81.08	7.38	1.96
36.40	26.23	37.20	80.02	9.99	1.88
37.00	26.49	36.37	79.35	5.79	2.03
37.60	26.28	36.84	78.82	6.81	1.97
38.20	26.10	37.42	78.39	9.75	1.84
38.80	26.28	37.27	78.09	11.11	1.78
39.40	26.73	38.01	78.12	7.87	1.82
40.00	27.13	38.68	78.90	5.10	1.87
40.60	27.84	39.40	80.73	6.07	1.87
41.20	29.58	40.52	84.24	15.64	1.69
41.80	29.43	41.67	87.40	19.62	1.63
42.40	29.17	41.00	89.21	17.34	1.74
43.00	28.89	39.51	89.82	12.45	1.93
43.60	28.38	38.08	90.44	13.09	1.99
44.20	27.73	37.89	89.96	13.38	1.99
44.80	27.14	37.62	89.05	12.63	2.01
45.40	26.69	36.56	88.64	9.74	2.14
46.00	26.66	36.02	86.86	10.90	2.11
46.60	26.72	35.87	84.97	11.54	2.07
47.20	26.84	36.05	83.53	7.17	2.12
47.80	26.39	36.80	83.22	7.20	2.07
48.40	27.22	37.99	84.86	8.45	2.02
49.00	28.56	39.13	88.23	9.44	2.01
49.60	28.40	39.38	90.48	11.84	1.98
50.20	28.78	38.99	91.99	9.35	2.09
50.80	29.05	38.34	92.67	8.05	2.18
51.40	28.67	37.58	92.32	13.80	2.08
52.00	28.20	37.37	92.93	12.15	2.17
52.60	27.81	36.86	92.91	10.80	2.24
53.20	27.63	35.79	91.13	16.46	2.07
53.80	26.51	35.21	89.27	10.35	2.23
54.40	25.96	34.76	87.42	5.05	2.36
55.00	26.18	34.35	85.48	9.30	2.20
55.60	26.85	35.13	84.45	6.37	2.22
56.20	26.81	35.86	84.28	4.48	2.23
56.80	26.43	36.30	84.72	6.54	2.16
57.40	27.07	36.49	84.74	8.59	2.10
58.00	26.85	35.93	83.99	12.10	2.00
58.60	26.69	35.88	83.42	14.33	1.92
59.20	27.53	37.68	84.57	9.42	2.00
59.80	28.32	37.45	87.83	14.03	1.96
60.40	28.94	36.65	90.84	18.07	1.98
61.00	29.10	35.95	91.37	15.23	2.12
61.60	28.08	35.54	82.84	6.99	2.11
62.20	28.95	35.25	78.80	6.17	2.27
62.80	31.86	41.45	91.96	4.54	2.30
63.40	32.00	45.70	98.84	11.09	1.94
64.00	28.86	41.43	95.25	4.49	2.12
64.60	26.75	38.42	92.20	7.70	2.14
65.20	25.59	36.66	90.09	13.28	2.07
65.80	25.12	35.33	86.82	10.78	2.11
66.40	23.26	34.61	83.26	11.35	2.07
67.00	21.44	33.81	79.92	13.01	1.99
67.60	20.28	32.59	77.01	14.27	1.90
68.20	21.72	32.47	74.80	9.30	1.98
68.80	21.58	32.76	73.09	5.00	2.05
69.40	19.38	33.32	71.89	6.42	1.97
70.00	21.25	32.12	70.12	11.24	1.80
70.60	22.50	33.59	71.13	11.02	1.78
71.20	23.36	35.56	74.07	7.38	1.88
71.80	24.29	36.34	74.55	11.39	1.76
72.40	24.60	36.44	74.13	9.92	1.74
73.00	25.80	36.91	74.33	9.33	1.77
73.60	27.08	38.05	75.31	10.46	1.72
74.20	28.18	39.71	77.40	11.99	1.61
74.80	29.32	41.11	82.08	8.98	1.77
75.40	28.04	40.19	83.90	13.82	1.73
76.00	27.02	38.42	82.86	12.78	1.84
76.60	26.39	36.91	83.02	11.80	1.70
77.20	25.57	35.60	81.97	14.32	1.76
77.80	24.76	34.09	80.56	16.47	1.88
78.40	24.08	32.64	79.41	16.35	1.93
79.00	23.43	32.08	77.65	14.81	1.94
79.60	23.88	32.44	75.93	16.04	1.84
80.20	23.93	32.92	74.47	18.17	1.71
80.80	22.45	33.02	73.42	19.70	1.60
81.40	20.83	32.78	72.04	15.02	1.72
82.00	20.49	33.27	71.23	11.61	1.80
82.60	21.69	34.63	71.51	14.11	1.66
83.20	24.20	35.69	72.19	14.66	1.62
83.80	25.11	37.15	72.83	13.15	1.61
84.40	25.90	38.71	74.25	11.94	1.59
85.00	27.56	40.06	77.65	14.52	1.57
85.60	27.04	38.93	78.59	14.32	1.63
86.20	26.53	38.89	79.15	13.45	1.68
86.80	26.41	39.22	79.65	13.03	1.69
87.40	26.65	39.02	79.89	14.33	1.67
88.00	27.37	39.21	79.57	18.58	1.55
88.60	27.94	39.44	79.98	19.18	1.53
89.20	28.02	39.70	81.94	11.63	1.75
89.80	27.54	40.49	84.61	8.14	1.86
90.40	27.36	39.60	84.99	9.88	1.88
91.00	27.08	38.48	84.64	13.35	1.85
91.60	26.60	37.82	84.68	16.91	1.78
92.20	26.26	38.29	84.41	15.34	1.81
92.80	26.34	38.38	83.51	14.49	1.80
93.40	27.00	38.81	82.70	16.23	1.72
94.00	29.08	40.84	85.65	18.43	1.65
94.60	28.49	40.06	85.63	15.64	1.73
95.20	28.99	40.77	87.17	11.69	1.84
95.80	28.68	41.48	89.53	11.54	1.87
96.40	27.36	41.11	90.77	15.26	1.80
97.00	26.38	39.87	89.70	15.24	1.71
97.60	25.05	38.12	87.12	14.84	1.88
98.20	23.85	36.77	85.76	15.23	1.74
98.80	23.45	36.42	84.22	14.15	1.80
99.40	23.32	36.39	82.79	13.41	1.91
100.00	23.10	36.30	82.47	16.57	1.81
100.60	23.12	35.46	80.26	11.80	1.93
101.20	22.97	35.06	78.16	10.94	1.92
101.80	22.84	35.22	76.84	19.07	1.64
102.40	23.56	35.71	75.80	11.60	1.77
103.00	24.73	36.78	72.87	7.75	1.84
103.60	25.68	38.09	70.20	6.98	1.81
104.20	26.04	39.41	71.29	3.63	1.75
104.80	26.21	39.86	72.40	5.43	1.69
105.40	26.27	40.39	72.78	5.94	1.65
106.00	26.57	40.99	73.24	4.34	1.66
106.60	27.32	41.56	75.32	4.27	1.71
107.20	27.80	41.18	75.39	5.52	1.67
107.80	27.42	40.25	75.02	7.69	1.64
108.40	26.71	39.23	75.00	9.80	1.65
109.00	27.92	39.10	77.18	18.60	1.48
109.60	26.48	38.85	79.66	17.14	1.60
110.20	25.06	38.72	81.63	10.35	1.85
110.80	25.17	38.69	82.54	10.24	1.86
111.40	24.52	37.28	81.27	14.70	1.77
112.00	22.88	36.20	79.97	16.28	1.76
112.60	21.69	35.41	78.90	14.80	1.81
113.20	22.35	34.68	77.81	11.92	1.88
113.80	22.75	34.20	76.34	10.78	1.89
114.40	22.32	33.99	74.70	11.32	1.85
115.00	20.51	33.91	73.23	11.36	1.84
115.60	20.22	34.58	73.06	12.06	1.77
116.20	21.74	36.08	75.05	12.59	1.73
116.80	24.44	38.22	80.29	12.01	1.80
117.40	25.97	39.49	84.69	11.30	1.85
118.00	26.32	38.82	86.86	12.35	1.91
118.60	25.81	37.34	87.41	12.62	2.00
119.20	24.46	35.64	86.84	10.08	2.15
119.80	24.69	35.79	87.52	8.71	2.20
120.40	24.96	35.96	87.75	9.53	2.17
121.00	24.80	35.23	86.33	13.34	2.04
121.60	21.94	34.55	84.69	13.82	2.03
122.20	20.33	33.97	83.11	12.55	2.07
122.80	22.58	33.43	81.62	11.02	2.05
123.40	23.06	33.68	80.84	10.99	2.18
124.00	23.51	34.59	80.94	10.48	2.25
124.60	24.70	36.13	81.90	8.41	2.07
125.20	25.79	37.47	84.44	5.50	2.08
125.80	26.80	38.93	87.85	8.29	2.02
126.40	27.53	40.16	91.51	16.72	1.85
127.00	27.74	40.65	94.55	16.46	1.94
127.60	26.89	38.98	94.90	17.10	2.00
128.20	26.35	37.22	94.16	17.05	2.06
128.80	26.16	35.82	93.27	14.65	2.18
129.40	24.86	35.11	91.20	14.89	2.16
130.00	23.84	34.63	88.86	16.03	2.10
130.60	23.80	34.16	86.95	17.89	2.03
131.20	23.34	34.16	84.00	13.83	2.05
131.80	23.02	34.43	81.85	9.95	2.06
132.40	23.43	35.00	82.49	11.25	2.01
133.00	22.83	34.77	81.54	15.52	1.88
133.60	22.80	34.94	80.71	18.05	1.80
134.20	24.49	36.44	81.72	15.85	1.82
134.80	24.94	37.02	82.51	10.59	1.94
135.40	25.13	37.27	83.09	6.63	2.05
136.00	25.47	37.47	83.70	6.54	2.06
136.60	25.26	37.02	83.58	9.91	1.98
137.20	25.09	37.27	83.87	9.97	1.96
137.80	25.06	37.90	84.91	5.41	2.06
138.40	25.07	37.84	84.63	13.64	1.88
139.00	26.18	38.57	86.60	13.24	1.89
139.60	26.71	38.61	88.60	10.90	1.97
140.20	26.03	37.56	88.86	13.45	1.99
140.80	25.14	36.57	88.17	12.07	2.08
141.40	24.32	36.07	87.33	11.66	2.09
142.00	23.66	35.96	86.65	14.13	1.99
142.60	22.97	35.40	84.08	11.96	2.03
143.20	23.18	35.24	82.48	11.70	2.01
143.80	23.47	35.45	82.53	14.68	1.88
144.40	22.77	35.87	81.94	15.66	1.84
145.00	22.61	35.82	81.27	14.90	1.85
145.60	23.31	36.14	81.00	12.67	1.90
146.20	25.11	37.55	82.03	6.31	2.03
146.80	26.41	40.62	86.49	7.83	1.95
147.40	27.10	42.42	90.94	12.21	1.84
148.00	27.27	42.01	93.27	15.27	1.83
148.60	26.99	40.39	93.53	17.32	1.86
149.20	26.70	38.70	93.63	18.09	1.93
149.80	26.34	37.20	93.91	17.55	2.04
150.40	24.61	36.29	92.77	16.69	2.09
151.00	23.33	35.74	91.04	15.18	2.12
151.60	22.75	35.49	89.14	11.72	2.18
152.20	22.23	35.64	86.75	13.20	2.04
152.80	22.29	35.67	84.85	13.29	1.96
153.40	22.91	35.42	84.36	4.97	2.22
154.00	21.89	35.37	82.96	13.59	1.95
154.60	21.20	35.30	81.57	18.81	1.77
155.20	21.19	35.25	80.75	8.90	2.02
155.80	21.93	35.47	79.34	8.00	2.00
156.40	23.31	36.47	78.94	9.38	1.90
157.00	24.78	37.78	80.05	10.05	1.81
157.60	25.32	38.06	79.63	8.77	1.84
158.20	25.13	38.90	80.39	11.65	1.77
158.80	25.10	39.70	81.48	14.96	1.67
159.40	25.79	39.82	81.84	14.97	1.66
160.00	26.96	40.15	82.70	12.22	1.74
160.60	27.16	39.91	83.07	11.36	1.77
161.20	26.59	39.23	82.57	13.70	1.74
161.80	25.91	38.57	82.05	14.94	1.74
162.40	25.99	37.94	81.29	15.31	1.74
163.00	26.25	37.78	80.50	15.19	1.72
163.60	26.15	38.50	80.51	16.86	1.65
164.20	25.97	38.02	81.31	13.62	1.77
164.80	26.19	37.81	82.03	12.28	1.85
165.40	26.84	38.42	81.99	18.03	1.66
166.00	26.68	39.34	83.67	17.76	1.68
166.60	27.37	40.10	85.90	16.69	1.72
167.20	28.12	40.43	88.02	15.57	1.77
167.80	28.28	40.27	89.17	13.98	1.86
168.40	27.60	38.41	89.75	12.76	1.97
169.00	26.72	37.25	89.25	13.37	2.00
169.60	25.87	36.76	87.57	16.35	1.91
170.20	25.76	35.95	86.34	13.18	1.99
170.80	24.78	35.21	84.35	13.14	1.98
171.40	23.58	34.76	81.46	17.47	1.84
172.00	25.00	35.53	81.18	15.42	1.84
172.60	24.62	34.88	80.38	15.07	1.83
173.20	23.83	33.99	78.66	17.43	1.80
173.80	24.76	34.73	77.26	11.90	1.86
174.40	24.41	34.58	75.45	9.42	1.88
175.00	23.45	34.52	73.47	11.21	1.81
175.60	23.77	35.84	74.30	14.87	1.66
176.20	24.71	36.80	74.50	17.34	1.55
176.80	25.37	37.16	73.99	18.33	1.50
177.40	25.22	36.89	73.59	18.27	1.48
178.00	25.39	37.03	73.31	17.01	1.50
>>>>>>> 4966aae922150d281e7f47d431009d8054258bc0
=======
TIEMPO	VFSCd	VFSCi	PAMn	PCC	RAP
0.40	26.51	35.34	81.69	4.43	2.15
1.00	26.88	36.75	82.56	6.29	2.06
1.60	26.82	36.94	82.27	6.85	2.02
2.20	26.32	36.00	80.45	5.34	2.08
2.80	26.69	36.50	79.21	6.42	2.00
3.40	26.71	36.76	78.15	7.65	1.91
4.00	25.88	36.12	76.79	7.85	1.89
4.60	25.96	36.17	76.13	5.35	1.93
5.20	26.57	37.28	77.06	4.47	1.93
5.80	27.52	38.90	79.96	7.47	1.85
6.40	28.66	40.55	84.40	14.09	1.73
7.00	28.42	39.65	85.77	14.27	1.78
7.60	27.45	38.96	86.73	12.49	1.88
8.20	26.83	38.19	87.48	10.67	1.98
8.80	27.18	36.89	87.14	10.22	2.08
9.40	27.21	36.30	87.04	13.16	2.02
10.00	26.81	35.87	86.24	13.89	1.99
10.60	25.99	35.20	83.95	8.50	2.14
11.20	25.26	34.84	83.56	8.67	2.14
11.80	24.83	34.37	83.00	9.70	2.11
12.40	24.72	33.68	80.72	8.38	2.15
13.00	24.64	33.71	79.17	6.18	2.17
13.60	24.42	33.90	77.97	5.02	2.14
14.20	24.02	34.10	76.86	6.37	2.02
14.80	24.80	34.54	76.23	6.19	2.12
15.40	25.43	34.89	75.66	6.85	2.14
16.00	25.68	35.11	74.81	10.13	1.87
16.60	26.41	35.59	75.04	11.34	1.96
17.20	26.51	36.10	75.31	10.30	1.99
17.80	26.71	36.91	75.57	7.53	1.85
18.40	28.31	38.42	78.61	4.31	1.92
19.00	28.20	37.81	79.20	7.42	1.89
19.60	27.40	36.86	78.64	11.60	1.82
20.20	26.45	36.43	78.10	13.42	1.78
20.80	26.83	36.20	77.76	10.84	1.84
21.40	27.13	36.05	77.45	8.77	1.89
22.00	27.17	35.97	77.11	9.19	1.89
22.60	27.10	35.92	77.19	6.26	1.95
23.20	27.16	36.39	76.84	9.06	1.85
23.80	27.62	37.04	77.05	11.74	1.76
24.40	28.75	37.47	78.60	8.32	1.88
25.00	29.34	38.80	82.23	8.27	1.90
25.60	28.94	39.10	84.92	11.08	1.87
26.20	27.91	38.36	85.27	15.92	1.79
26.80	27.74	37.69	85.46	16.25	1.83
27.40	27.45	36.99	85.83	13.73	1.95
28.00	27.17	36.52	86.28	9.85	2.09
28.60	27.11	36.59	86.30	7.11	2.16
29.20	27.26	36.80	86.13	8.62	2.10
29.80	27.06	36.50	85.36	11.13	2.03
30.40	26.15	35.22	83.76	12.36	2.00
31.00	27.14	36.67	84.47	9.68	2.04
31.60	27.11	37.12	84.41	7.79	2.05
32.20	26.32	36.51	82.49	8.35	2.03
32.80	26.80	36.04	81.50	11.08	1.95
33.40	26.69	36.42	80.66	11.52	1.90
34.00	26.83	37.27	80.49	9.88	1.89
34.60	28.56	38.47	82.36	8.23	1.92
35.20	27.60	37.97	82.15	6.98	1.96
35.80	26.65	37.42	81.08	7.38	1.96
36.40	26.23	37.20	80.02	9.99	1.88
37.00	26.49	36.37	79.35	5.79	2.03
37.60	26.28	36.84	78.82	6.81	1.97
38.20	26.10	37.42	78.39	9.75	1.84
38.80	26.28	37.27	78.09	11.11	1.78
39.40	26.73	38.01	78.12	7.87	1.82
40.00	27.13	38.68	78.90	5.10	1.87
40.60	27.84	39.40	80.73	6.07	1.87
41.20	29.58	40.52	84.24	15.64	1.69
41.80	29.43	41.67	87.40	19.62	1.63
42.40	29.17	41.00	89.21	17.34	1.74
43.00	28.89	39.51	89.82	12.45	1.93
43.60	28.38	38.08	90.44	13.09	1.99
44.20	27.73	37.89	89.96	13.38	1.99
44.80	27.14	37.62	89.05	12.63	2.01
45.40	26.69	36.56	88.64	9.74	2.14
46.00	26.66	36.02	86.86	10.90	2.11
46.60	26.72	35.87	84.97	11.54	2.07
47.20	26.84	36.05	83.53	7.17	2.12
47.80	26.39	36.80	83.22	7.20	2.07
48.40	27.22	37.99	84.86	8.45	2.02
49.00	28.56	39.13	88.23	9.44	2.01
49.60	28.40	39.38	90.48	11.84	1.98
50.20	28.78	38.99	91.99	9.35	2.09
50.80	29.05	38.34	92.67	8.05	2.18
51.40	28.67	37.58	92.32	13.80	2.08
52.00	28.20	37.37	92.93	12.15	2.17
52.60	27.81	36.86	92.91	10.80	2.24
53.20	27.63	35.79	91.13	16.46	2.07
53.80	26.51	35.21	89.27	10.35	2.23
54.40	25.96	34.76	87.42	5.05	2.36
55.00	26.18	34.35	85.48	9.30	2.20
55.60	26.85	35.13	84.45	6.37	2.22
56.20	26.81	35.86	84.28	4.48	2.23
56.80	26.43	36.30	84.72	6.54	2.16
57.40	27.07	36.49	84.74	8.59	2.10
58.00	26.85	35.93	83.99	12.10	2.00
58.60	26.69	35.88	83.42	14.33	1.92
59.20	27.53	37.68	84.57	9.42	2.00
59.80	28.32	37.45	87.83	14.03	1.96
60.40	28.94	36.65	90.84	18.07	1.98
61.00	29.10	35.95	91.37	15.23	2.12
61.60	28.08	35.54	82.84	6.99	2.11
62.20	28.95	35.25	78.80	6.17	2.27
62.80	31.86	41.45	91.96	4.54	2.30
63.40	32.00	45.70	98.84	11.09	1.94
64.00	28.86	41.43	95.25	4.49	2.12
64.60	26.75	38.42	92.20	7.70	2.14
65.20	25.59	36.66	90.09	13.28	2.07
65.80	25.12	35.33	86.82	10.78	2.11
66.40	23.26	34.61	83.26	11.35	2.07
67.00	21.44	33.81	79.92	13.01	1.99
67.60	20.28	32.59	77.01	14.27	1.90
68.20	21.72	32.47	74.80	9.30	1.98
68.80	21.58	32.76	73.09	5.00	2.05
69.40	19.38	33.32	71.89	6.42	1.97
70.00	21.25	32.12	70.12	11.24	1.80
70.60	22.50	33.59	71.13	11.02	1.78
71.20	23.36	35.56	74.07	7.38	1.88
71.80	24.29	36.34	74.55	11.39	1.76
72.40	24.60	36.44	74.13	9.92	1.74
73.00	25.80	36.91	74.33	9.33	1.77
73.60	27.08	38.05	75.31	10.46	1.72
74.20	28.18	39.71	77.40	11.99	1.61
74.80	29.32	41.11	82.08	8.98	1.77
75.40	28.04	40.19	83.90	13.82	1.73
76.00	27.02	38.42	82.86	12.78	1.84
76.60	26.39	36.91	83.02	11.80	1.70
77.20	25.57	35.60	81.97	14.32	1.76
77.80	24.76	34.09	80.56	16.47	1.88
78.40	24.08	32.64	79.41	16.35	1.93
79.00	23.43	32.08	77.65	14.81	1.94
79.60	23.88	32.44	75.93	16.04	1.84
80.20	23.93	32.92	74.47	18.17	1.71
80.80	22.45	33.02	73.42	19.70	1.60
81.40	20.83	32.78	72.04	15.02	1.72
82.00	20.49	33.27	71.23	11.61	1.80
82.60	21.69	34.63	71.51	14.11	1.66
83.20	24.20	35.69	72.19	14.66	1.62
83.80	25.11	37.15	72.83	13.15	1.61
84.40	25.90	38.71	74.25	11.94	1.59
85.00	27.56	40.06	77.65	14.52	1.57
85.60	27.04	38.93	78.59	14.32	1.63
86.20	26.53	38.89	79.15	13.45	1.68
86.80	26.41	39.22	79.65	13.03	1.69
87.40	26.65	39.02	79.89	14.33	1.67
88.00	27.37	39.21	79.57	18.58	1.55
88.60	27.94	39.44	79.98	19.18	1.53
89.20	28.02	39.70	81.94	11.63	1.75
89.80	27.54	40.49	84.61	8.14	1.86
90.40	27.36	39.60	84.99	9.88	1.88
91.00	27.08	38.48	84.64	13.35	1.85
91.60	26.60	37.82	84.68	16.91	1.78
92.20	26.26	38.29	84.41	15.34	1.81
92.80	26.34	38.38	83.51	14.49	1.80
93.40	27.00	38.81	82.70	16.23	1.72
94.00	29.08	40.84	85.65	18.43	1.65
94.60	28.49	40.06	85.63	15.64	1.73
95.20	28.99	40.77	87.17	11.69	1.84
95.80	28.68	41.48	89.53	11.54	1.87
96.40	27.36	41.11	90.77	15.26	1.80
97.00	26.38	39.87	89.70	15.24	1.71
97.60	25.05	38.12	87.12	14.84	1.88
98.20	23.85	36.77	85.76	15.23	1.74
98.80	23.45	36.42	84.22	14.15	1.80
99.40	23.32	36.39	82.79	13.41	1.91
100.00	23.10	36.30	82.47	16.57	1.81
100.60	23.12	35.46	80.26	11.80	1.93
101.20	22.97	35.06	78.16	10.94	1.92
101.80	22.84	35.22	76.84	19.07	1.64
102.40	23.56	35.71	75.80	11.60	1.77
103.00	24.73	36.78	72.87	7.75	1.84
103.60	25.68	38.09	70.20	6.98	1.81
104.20	26.04	39.41	71.29	3.63	1.75
104.80	26.21	39.86	72.40	5.43	1.69
105.40	26.27	40.39	72.78	5.94	1.65
106.00	26.57	40.99	73.24	4.34	1.66
106.60	27.32	41.56	75.32	4.27	1.71
107.20	27.80	41.18	75.39	5.52	1.67
107.80	27.42	40.25	75.02	7.69	1.64
108.40	26.71	39.23	75.00	9.80	1.65
109.00	27.92	39.10	77.18	18.60	1.48
109.60	26.48	38.85	79.66	17.14	1.60
110.20	25.06	38.72	81.63	10.35	1.85
110.80	25.17	38.69	82.54	10.24	1.86
111.40	24.52	37.28	81.27	14.70	1.77
112.00	22.88	36.20	79.97	16.28	1.76
112.60	21.69	35.41	78.90	14.80	1.81
113.20	22.35	34.68	77.81	11.92	1.88
113.80	22.75	34.20	76.34	10.78	1.89
114.40	22.32	33.99	74.70	11.32	1.85
115.00	20.51	33.91	73.23	11.36	1.84
115.60	20.22	34.58	73.06	12.06	1.77
116.20	21.74	36.08	75.05	12.59	1.73
116.80	24.44	38.22	80.29	12.01	1.80
117.40	25.97	39.49	84.69	11.30	1.85
118.00	26.32	38.82	86.86	12.35	1.91
118.60	25.81	37.34	87.41	12.62	2.00
119.20	24.46	35.64	86.84	10.08	2.15
119.80	24.69	35.79	87.52	8.71	2.20
120.40	24.96	35.96	87.75	9.53	2.17
121.00	24.80	35.23	86.33	13.34	2.04
121.60	21.94	34.55	84.69	13.82	2.03
122.20	20.33	33.97	83.11	12.55	2.07
122.80	22.58	33.43	81.62	11.02	2.05
123.40	23.06	33.68	80.84	10.99	2.18
124.00	23.51	34.59	80.94	10.48	2.25
124.60	24.70	36.13	81.90	8.41	2.07
125.20	25.79	37.47	84.44	5.50	2.08
125.80	26.80	38.93	87.85	8.29	2.02
126.40	27.53	40.16	91.51	16.72	1.85
127.00	27.74	40.65	94.55	16.46	1.94
127.60	26.89	38.98	94.90	17.10	2.00
128.20	26.35	37.22	94.16	17.05	2.06
128.80	26.16	35.82	93.27	14.65	2.18
129.40	24.86	35.11	91.20	14.89	2.16
130.00	23.84	34.63	88.86	16.03	2.10
130.60	23.80	34.16	86.95	17.89	2.03
131.20	23.34	34.16	84.00	13.83	2.05
131.80	23.02	34.43	81.85	9.95	2.06
132.40	23.43	35.00	82.49	11.25	2.01
133.00	22.83	34.77	81.54	15.52	1.88
133.60	22.80	34.94	80.71	18.05	1.80
134.20	24.49	36.44	81.72	15.85	1.82
134.80	24.94	37.02	82.51	10.59	1.94
135.40	25.13	37.27	83.09	6.63	2.05
136.00	25.47	37.47	83.70	6.54	2.06
136.60	25.26	37.02	83.58	9.91	1.98
137.20	25.09	37.27	83.87	9.97	1.96
137.80	25.06	37.90	84.91	5.41	2.06
138.40	25.07	37.84	84.63	13.64	1.88
139.00	26.18	38.57	86.60	13.24	1.89
139.60	26.71	38.61	88.60	10.90	1.97
140.20	26.03	37.56	88.86	13.45	1.99
140.80	25.14	36.57	88.17	12.07	2.08
141.40	24.32	36.07	87.33	11.66	2.09
142.00	23.66	35.96	86.65	14.13	1.99
142.60	22.97	35.40	84.08	11.96	2.03
143.20	23.18	35.24	82.48	11.70	2.01
143.80	23.47	35.45	82.53	14.68	1.88
144.40	22.77	35.87	81.94	15.66	1.84
145.00	22.61	35.82	81.27	14.90	1.85
145.60	23.31	36.14	81.00	12.67	1.90
146.20	25.11	37.55	82.03	6.31	2.03
146.80	26.41	40.62	86.49	7.83	1.95
147.40	27.10	42.42	90.94	12.21	1.84
148.00	27.27	42.01	93.27	15.27	1.83
148.60	26.99	40.39	93.53	17.32	1.86
149.20	26.70	38.70	93.63	18.09	1.93
149.80	26.34	37.20	93.91	17.55	2.04
150.40	24.61	36.29	92.77	16.69	2.09
151.00	23.33	35.74	91.04	15.18	2.12
151.60	22.75	35.49	89.14	11.72	2.18
152.20	22.23	35.64	86.75	13.20	2.04
152.80	22.29	35.67	84.85	13.29	1.96
153.40	22.91	35.42	84.36	4.97	2.22
154.00	21.89	35.37	82.96	13.59	1.95
154.60	21.20	35.30	81.57	18.81	1.77
155.20	21.19	35.25	80.75	8.90	2.02
155.80	21.93	35.47	79.34	8.00	2.00
156.40	23.31	36.47	78.94	9.38	1.90
157.00	24.78	37.78	80.05	10.05	1.81
157.60	25.32	38.06	79.63	8.77	1.84
158.20	25.13	38.90	80.39	11.65	1.77
158.80	25.10	39.70	81.48	14.96	1.67
159.40	25.79	39.82	81.84	14.97	1.66
160.00	26.96	40.15	82.70	12.22	1.74
160.60	27.16	39.91	83.07	11.36	1.77
161.20	26.59	39.23	82.57	13.70	1.74
161.80	25.91	38.57	82.05	14.94	1.74
162.40	25.99	37.94	81.29	15.31	1.74
163.00	26.25	37.78	80.50	15.19	1.72
163.60	26.15	38.50	80.51	16.86	1.65
164.20	25.97	38.02	81.31	13.62	1.77
164.80	26.19	37.81	82.03	12.28	1.85
165.40	26.84	38.42	81.99	18.03	1.66
166.00	26.68	39.34	83.67	17.76	1.68
166.60	27.37	40.10	85.90	16.69	1.72
167.20	28.12	40.43	88.02	15.57	1.77
167.80	28.28	40.27	89.17	13.98	1.86
168.40	27.60	38.41	89.75	12.76	1.97
169.00	26.72	37.25	89.25	13.37	2.00
169.60	25.87	36.76	87.57	16.35	1.91
170.20	25.76	35.95	86.34	13.18	1.99
170.80	24.78	35.21	84.35	13.14	1.98
171.40	23.58	34.76	81.46	17.47	1.84
172.00	25.00	35.53	81.18	15.42	1.84
172.60	24.62	34.88	80.38	15.07	1.83
173.20	23.83	33.99	78.66	17.43	1.80
173.80	24.76	34.73	77.26	11.90	1.86
174.40	24.41	34.58	75.45	9.42	1.88
175.00	23.45	34.52	73.47	11.21	1.81
175.60	23.77	35.84	74.30	14.87	1.66
176.20	24.71	36.80	74.50	17.34	1.55
176.80	25.37	37.16	73.99	18.33	1.50
177.40	25.22	36.89	73.59	18.27	1.48
178.00	25.39	37.03	73.31	17.01	1.50
>>>>>>> 4966aae922150d281e7f47d431009d8054258bc0
178.60	25.73	37.68	73.13	14.55	1.57