<<<<<<< HEAD
<<<<<<< HEAD
TIEMPO	VFSCd	VFSCi	PAMn	PCC	RAP
0.40	28.94	37.81	100.84	30.90	1.87
1.00	28.14	37.23	101.21	28.00	1.95
1.60	27.67	36.75	100.76	26.14	2.01
2.20	27.61	36.43	99.54	25.32	2.03
2.80	26.79	35.43	97.84	25.85	2.03
3.40	26.51	35.61	96.79	27.03	1.97
4.00	26.61	35.95	96.52	28.52	1.90
4.60	27.02	35.46	96.05	30.21	1.86
5.20	25.73	34.67	94.17	30.81	1.83
5.80	25.56	34.52	93.04	28.52	1.86
6.40	26.64	35.34	93.46	25.77	1.89
7.00	28.52	37.15	95.05	27.61	1.82
7.60	29.30	38.57	97.83	32.21	1.72
8.20	27.60	37.65	98.37	30.01	1.81
8.80	26.89	36.15	97.66	27.09	1.94
9.40	26.91	34.85	96.60	26.03	2.02
10.00	27.33	34.06	95.78	25.73	2.04
10.60	25.86	33.68	94.17	22.95	2.10
11.20	26.87	35.13	95.02	25.54	2.00
11.80	28.17	36.21	97.52	31.10	1.82
12.40	27.80	35.32	97.10	28.05	1.92
13.00	27.05	34.81	95.86	30.55	1.87
13.60	27.49	35.07	97.01	28.46	1.96
14.20	27.93	35.90	98.87	24.75	2.07
14.80	27.82	36.97	99.16	23.98	2.04
15.40	29.08	37.50	100.97	26.49	1.99
16.00	29.04	36.30	101.29	27.32	2.02
16.60	28.38	34.80	100.26	25.77	2.13
17.20	27.76	34.11	99.18	20.55	2.31
17.80	27.38	33.79	97.16	23.94	2.16
18.40	27.15	33.66	95.05	28.66	1.96
19.00	27.01	33.64	93.53	29.03	1.92
19.60	26.65	33.40	91.42	27.93	1.91
20.20	27.11	33.79	89.88	27.13	1.87
20.80	28.40	34.93	89.54	27.85	1.75
21.40	28.72	36.37	89.88	24.89	1.79
22.00	29.81	37.32	90.76	23.51	1.81
22.60	31.28	38.28	92.38	22.89	1.82
23.20	32.70	39.51	95.58	20.12	1.92
23.80	31.69	39.34	96.67	25.10	1.81
24.40	31.02	39.14	96.79	29.90	1.71
25.00	31.36	39.74	97.92	29.99	1.71
25.60	32.29	40.92	100.99	24.65	1.84
26.20	32.37	40.82	103.17	22.63	1.96
26.80	32.88	42.38	105.70	21.56	1.97
27.40	33.12	42.85	109.21	27.13	1.90
28.00	31.15	40.51	109.23	32.65	1.85
28.60	28.06	36.73	103.76	32.60	1.86
29.20	28.19	36.11	102.73	27.50	2.06
29.80	28.38	35.80	100.93	27.93	2.03
30.40	28.01	35.46	98.62	29.67	1.93
31.00	27.33	35.19	96.22	29.83	1.89
31.60	27.70	35.40	96.67	23.68	2.06
32.20	28.03	35.58	96.17	23.47	2.04
32.80	28.06	35.79	95.18	26.68	1.91
33.40	27.60	36.04	94.51	30.05	1.77
34.00	28.34	36.75	94.24	30.10	1.74
34.60	29.75	38.18	95.13	29.25	1.74
35.20	31.05	39.73	97.25	28.32	1.73
35.80	31.12	40.17	99.67	22.73	1.90
36.40	30.90	39.72	99.65	23.69	1.90
37.00	30.62	38.79	99.06	25.95	1.88
37.60	30.31	37.71	99.29	25.71	1.95
38.20	29.76	37.33	99.29	24.36	1.99
38.80	29.39	36.87	99.08	26.72	1.95
39.40	28.80	36.48	98.41	30.76	1.86
40.00	27.60	36.40	96.45	29.85	1.83
40.60	27.21	35.85	94.40	27.17	1.88
41.20	27.44	35.28	92.63	24.52	1.95
41.80	28.21	35.07	91.47	25.14	1.88
42.40	27.89	35.28	90.89	27.00	1.78
43.00	27.55	35.86	91.04	28.29	1.72
43.60	27.95	36.74	92.08	26.99	1.76
44.20	29.24	38.20	93.74	28.57	1.71
44.80	30.32	39.33	95.59	29.33	1.68
45.40	30.85	39.91	97.20	25.98	1.77
46.00	31.69	41.16	100.31	26.31	1.91
46.60	31.71	40.98	102.13	23.89	2.01
47.20	31.44	39.92	102.58	20.69	2.06
47.80	31.33	38.58	102.80	23.80	2.02
48.40	30.10	37.49	101.10	27.80	1.94
49.00	29.05	36.73	99.33	29.43	1.91
49.60	28.79	36.31	99.09	26.19	2.01
50.20	27.73	35.33	97.17	27.02	1.99
50.80	27.60	35.08	95.65	28.99	1.91
51.40	28.21	35.54	95.45	30.82	1.79
52.00	27.73	35.75	95.24	28.91	1.86
52.60	28.94	37.72	97.89	27.43	1.88
53.20	29.99	39.27	100.83	26.08	1.90
53.80	29.46	38.84	101.75	23.93	2.00
54.40	29.70	38.61	102.07	26.32	1.96
55.00	29.55	38.17	101.80	29.07	1.91
55.60	28.84	37.49	100.77	30.26	1.87
56.20	28.65	36.99	101.01	27.37	1.98
56.80	28.51	36.65	101.14	26.99	2.01
57.40	28.46	36.58	100.90	29.56	1.95
58.00	28.70	37.28	102.19	28.76	1.97
58.60	28.78	37.37	102.42	28.27	1.98
59.20	28.86	37.12	101.56	28.22	2.00
59.80	29.27	37.53	102.07	24.01	2.10
60.40	28.76	37.09	101.43	23.45	2.08
61.00	27.94	36.17	99.90	24.84	2.03
61.60	27.29	35.06	98.00	26.07	2.04
62.20	26.98	34.21	95.62	25.97	2.04
62.80	26.71	33.75	92.95	25.40	2.00
63.40	26.08	33.74	89.82	28.21	1.81
64.00	26.64	34.28	88.30	28.53	1.73
64.60	27.32	34.73	87.75	26.59	1.74
65.20	27.39	34.68	86.33	23.83	1.77
65.80	26.88	34.94	84.98	23.39	1.82
66.40	26.61	35.42	83.95	23.00	1.84
67.00	26.97	35.70	83.01	19.41	1.82
67.60	28.73	37.66	84.73	22.68	1.67
68.20	30.82	39.77	87.78	26.13	1.56
68.80	32.34	41.11	91.25	25.11	1.58
69.40	31.69	40.33	93.23	31.29	1.50
70.00	31.25	40.51	95.32	32.13	1.55
70.60	31.19	40.89	97.36	28.77	1.66
71.20	31.51	40.73	98.33	27.96	1.59
71.80	31.16	39.51	100.06	31.04	1.65
72.40	30.23	38.51	101.51	33.89	1.74
73.00	28.96	37.80	102.09	34.57	1.80
73.60	28.43	36.54	101.88	33.15	1.88
74.20	27.69	35.34	100.67	31.37	1.95
74.80	26.87	34.49	98.23	29.87	2.00
75.40	27.10	35.30	97.76	29.69	1.94
76.00	27.36	35.36	96.44	30.22	1.87
76.60	27.39	34.73	93.95	31.12	1.81
77.20	26.88	34.07	92.00	29.61	1.82
77.80	26.53	33.71	89.74	27.24	1.84
78.40	26.62	33.79	87.20	24.48	1.84
79.00	27.82	34.50	87.83	26.12	1.79
79.60	28.36	35.78	88.51	26.10	1.76
80.20	28.50	36.59	88.93	24.84	1.75
80.80	28.55	36.16	89.23	24.74	1.77
81.40	29.15	37.21	90.70	28.42	1.69
82.00	29.94	38.37	92.84	30.11	1.64
82.60	30.62	38.78	95.59	21.72	1.86
83.20	30.41	38.73	96.40	26.77	1.80
83.80	29.68	37.28	96.07	31.22	1.73
84.40	28.93	35.74	94.90	32.81	1.71
85.00	28.82	35.53	93.57	29.46	1.80
85.60	27.91	35.29	91.88	28.10	1.80
86.20	27.05	34.96	90.03	29.10	1.73
86.80	27.19	34.48	89.26	26.80	1.83
87.40	27.44	34.61	88.85	26.74	1.82
88.00	27.94	35.49	88.96	28.39	1.71
88.60	29.00	37.31	91.02	25.21	1.77
89.20	29.89	38.71	93.06	23.24	1.81
89.80	30.69	39.93	95.83	22.75	1.83
90.40	31.54	41.40	100.07	23.15	1.86
91.00	31.77	40.52	103.25	25.43	1.91
91.60	31.61	40.24	106.01	27.94	1.94
92.20	31.04	40.22	108.49	29.76	1.93
92.80	29.69	38.16	107.22	33.98	1.94
93.40	28.99	37.34	106.56	31.24	2.05
94.00	28.65	36.65	106.35	24.67	2.21
94.60	28.46	34.60	104.10	26.07	2.24
95.20	27.69	34.34	101.81	27.75	2.17
95.80	26.70	34.53	99.69	28.60	2.04
96.40	25.50	33.18	95.92	31.46	1.92
97.00	26.20	34.27	94.03	29.96	1.89
97.60	27.35	35.38	93.58	26.04	1.90
98.20	27.86	34.39	92.25	27.09	1.88
98.80	27.60	34.75	91.14	25.89	1.87
99.40	27.51	35.72	90.56	24.83	1.84
100.00	28.03	36.47	90.74	26.30	1.77
100.60	30.31	39.42	94.89	26.53	1.92
101.20	32.22	41.72	99.36	26.96	1.87
101.80	32.87	42.81	103.34	27.95	1.75
102.40	32.25	42.68	107.86	30.55	1.78
103.00	32.78	40.67	109.30	26.30	2.05
103.60	31.74	39.35	110.93	27.63	2.11
104.20	30.44	38.37	112.78	30.82	2.12
104.80	30.20	37.34	114.62	31.13	2.26
105.40	28.87	35.91	113.52	32.20	2.14
106.00	27.66	34.69	111.13	31.21	2.07
106.60	27.21	33.95	108.95	23.99	2.44
107.20	27.38	34.08	105.64	25.04	2.37
107.80	27.45	34.36	102.46	28.08	2.17
108.40	27.01	34.40	100.88	25.51	2.19
109.00	26.56	33.54	99.15	25.94	2.17
109.60	26.17	32.78	97.21	28.50	2.10
110.20	25.54	33.16	94.93	23.58	2.16
110.80	25.98	33.36	93.22	20.68	2.17
111.40	27.21	33.48	92.17	21.32	2.12
112.00	27.78	34.77	92.68	21.82	2.05
112.60	28.51	35.97	93.27	22.90	1.97
113.20	29.03	36.67	93.63	24.36	1.89
113.80	28.81	36.53	93.29	26.13	1.83
114.40	28.56	36.35	92.89	24.99	1.85
115.00	28.43	36.12	92.65	21.56	1.94
115.60	28.29	35.33	91.84	30.41	1.72
116.20	29.16	36.72	93.19	29.12	1.76
116.80	29.78	38.08	95.55	22.90	1.92
117.40	29.15	37.35	96.00	27.78	1.81
118.00	28.32	37.09	96.64	31.32	1.77
118.60	27.84	36.95	96.92	30.94	1.81
119.20	27.91	36.78	96.06	24.90	1.95
119.80	28.71	37.51	97.20	21.13	2.04
120.40	28.91	37.10	97.46	22.95	2.00
121.00	28.62	36.44	96.36	28.37	1.87
121.60	28.00	36.59	95.21	29.73	1.80
122.20	27.78	36.27	93.80	26.98	1.84
122.80	27.85	36.02	92.46	23.45	1.92
123.40	28.08	36.26	91.33	29.23	1.66
124.00	29.39	38.03	93.59	32.00	1.77
124.60	30.72	40.16	97.39	30.88	1.92
125.20	31.48	41.54	101.22	26.83	1.83
125.80	31.58	40.76	103.49	26.63	1.89
126.40	30.27	39.13	104.78	30.43	1.89
127.00	29.03	37.64	105.09	32.47	1.92
127.60	28.75	36.86	104.27	28.11	2.06
128.20	28.73	35.85	103.90	27.21	2.13
128.80	28.27	35.04	102.82	27.74	2.13
129.40	27.17	34.56	99.97	29.20	2.04
130.00	26.35	33.97	97.11	24.01	2.15
130.60	25.86	33.58	94.22	21.83	2.16
131.20	25.70	33.48	91.14	29.71	1.84
131.80	25.97	34.76	90.36	26.98	1.83
132.40	26.44	35.68	90.17	23.69	1.86
133.00	27.01	35.41	89.40	26.94	1.75
133.60	27.16	35.76	88.89	30.34	1.65
134.20	27.20	36.04	88.46	30.78	1.63
134.80	27.29	35.92	87.48	25.00	1.72
135.40	28.57	37.48	88.94	23.87	1.73
136.00	29.68	38.44	90.59	23.59	1.74
136.60	30.25	38.59	91.50	22.49	1.78
137.20	29.42	38.49	90.90	25.83	1.71
137.80	29.35	37.91	90.04	28.56	1.63
138.40	29.49	37.50	89.44	30.34	1.56
139.00	29.26	37.69	90.05	33.95	1.49
139.60	29.42	37.75	90.59	32.44	1.54
140.20	28.89	37.01	90.63	30.41	1.62
140.80	27.66	35.64	90.06	30.71	1.66
141.40	27.89	35.67	89.49	32.19	1.61
142.00	27.56	34.94	88.55	32.98	1.56
142.60	27.32	34.95	87.76	32.90	1.55
143.20	28.60	37.12	90.05	35.80	1.48
143.80	29.25	38.23	92.07	30.85	1.62
144.40	29.36	38.44	93.45	25.37	1.77
145.00	29.13	38.09	94.23	24.40	1.81
145.60	28.72	37.34	94.40	28.22	1.77
146.20	28.75	36.67	94.26	30.12	1.75
146.80	29.21	36.92	94.77	29.24	1.77
147.40	30.15	39.23	98.00	30.07	1.74
148.00	30.00	38.56	99.85	29.81	1.81
148.60	29.72	38.00	100.85	29.59	1.88
149.20	29.09	37.28	101.28	29.66	1.90
149.80	27.73	35.63	99.77	27.56	2.02
150.40	27.17	34.92	99.09	27.69	2.04
151.00	26.96	34.29	98.33	28.82	2.01
151.60	26.77	33.18	96.62	29.60	2.01
152.20	26.52	32.62	93.69	29.63	1.97
152.80	26.19	32.14	90.56	29.21	1.91
153.40	25.77	31.58	88.00	27.24	1.90
154.00	24.97	30.85	84.48	30.44	1.73
154.60	25.59	32.10	83.12	30.56	1.64
155.20	27.47	35.08	85.38	23.85	1.75
155.80	28.59	37.34	87.64	27.13	1.62
156.40	30.29	39.75	91.10	27.96	1.56
157.00	31.10	41.28	95.62	27.74	1.71
157.60	31.21	41.64	100.60	27.36	2.02
158.20	32.27	41.06	104.23	23.09	2.03
158.80	31.05	39.32	106.66	26.25	2.02
159.40	30.20	38.16	108.33	30.29	2.04
160.00	29.70	37.45	109.32	32.57	2.08
160.60	27.82	36.35	108.37	32.52	2.03
161.20	26.56	34.62	106.18	33.24	2.01
161.80	26.04	32.78	102.97	35.09	2.05
162.40	26.13	32.62	101.45	34.30	2.06
163.00	25.93	32.41	99.62	32.34	2.08
163.60	25.47	31.96	97.01	29.48	2.12
164.20	25.68	32.11	94.81	26.68	2.12
164.80	26.00	32.49	92.51	25.38	2.05
165.40	26.13	32.81	89.58	26.51	1.94
166.00	26.58	34.53	89.93	27.77	1.83
166.60	27.95	36.51	92.28	26.87	1.80
167.20	29.91	38.16	95.70	22.15	1.92
167.80	30.25	39.42	98.93	24.02	1.91
168.40	30.39	39.37	101.89	27.22	1.90
169.00	30.33	38.82	104.28	28.46	1.94
169.60	29.66	38.36	105.52	22.97	2.13
170.20	30.30	38.12	107.83	27.39	2.11
170.80	29.93	36.92	109.02	31.77	2.05
171.40	28.69	35.10	108.21	31.68	2.06
172.00	27.65	33.89	106.53	34.49	2.08
172.60	27.18	33.59	104.34	33.50	2.13
173.20	27.23	34.06	101.73	25.95	2.21
173.80	27.77	34.80	101.30	23.69	2.39
174.40	27.61	35.03	101.13	25.36	2.36
175.00	26.96	34.72	100.49	29.48	2.08
175.60	26.73	33.79	98.60	30.65	2.01
176.20	26.60	33.46	96.56	31.02	1.96
176.80	26.48	33.70	94.56	30.92	1.89
177.40	25.50	33.31	91.90	28.24	1.92
178.00	25.58	33.64	90.05	25.72	1.91
178.60	26.54	34.43	89.44	24.44	1.87
179.20	27.09	34.40	88.50	23.97	1.93
=======
TIEMPO	VFSCd	VFSCi	PAMn	PCC	RAP
0.40	28.94	37.81	100.84	30.90	1.87
1.00	28.14	37.23	101.21	28.00	1.95
1.60	27.67	36.75	100.76	26.14	2.01
2.20	27.61	36.43	99.54	25.32	2.03
2.80	26.79	35.43	97.84	25.85	2.03
3.40	26.51	35.61	96.79	27.03	1.97
4.00	26.61	35.95	96.52	28.52	1.90
4.60	27.02	35.46	96.05	30.21	1.86
5.20	25.73	34.67	94.17	30.81	1.83
5.80	25.56	34.52	93.04	28.52	1.86
6.40	26.64	35.34	93.46	25.77	1.89
7.00	28.52	37.15	95.05	27.61	1.82
7.60	29.30	38.57	97.83	32.21	1.72
8.20	27.60	37.65	98.37	30.01	1.81
8.80	26.89	36.15	97.66	27.09	1.94
9.40	26.91	34.85	96.60	26.03	2.02
10.00	27.33	34.06	95.78	25.73	2.04
10.60	25.86	33.68	94.17	22.95	2.10
11.20	26.87	35.13	95.02	25.54	2.00
11.80	28.17	36.21	97.52	31.10	1.82
12.40	27.80	35.32	97.10	28.05	1.92
13.00	27.05	34.81	95.86	30.55	1.87
13.60	27.49	35.07	97.01	28.46	1.96
14.20	27.93	35.90	98.87	24.75	2.07
14.80	27.82	36.97	99.16	23.98	2.04
15.40	29.08	37.50	100.97	26.49	1.99
16.00	29.04	36.30	101.29	27.32	2.02
16.60	28.38	34.80	100.26	25.77	2.13
17.20	27.76	34.11	99.18	20.55	2.31
17.80	27.38	33.79	97.16	23.94	2.16
18.40	27.15	33.66	95.05	28.66	1.96
19.00	27.01	33.64	93.53	29.03	1.92
19.60	26.65	33.40	91.42	27.93	1.91
20.20	27.11	33.79	89.88	27.13	1.87
20.80	28.40	34.93	89.54	27.85	1.75
21.40	28.72	36.37	89.88	24.89	1.79
22.00	29.81	37.32	90.76	23.51	1.81
22.60	31.28	38.28	92.38	22.89	1.82
23.20	32.70	39.51	95.58	20.12	1.92
23.80	31.69	39.34	96.67	25.10	1.81
24.40	31.02	39.14	96.79	29.90	1.71
25.00	31.36	39.74	97.92	29.99	1.71
25.60	32.29	40.92	100.99	24.65	1.84
26.20	32.37	40.82	103.17	22.63	1.96
26.80	32.88	42.38	105.70	21.56	1.97
27.40	33.12	42.85	109.21	27.13	1.90
28.00	31.15	40.51	109.23	32.65	1.85
28.60	28.06	36.73	103.76	32.60	1.86
29.20	28.19	36.11	102.73	27.50	2.06
29.80	28.38	35.80	100.93	27.93	2.03
30.40	28.01	35.46	98.62	29.67	1.93
31.00	27.33	35.19	96.22	29.83	1.89
31.60	27.70	35.40	96.67	23.68	2.06
32.20	28.03	35.58	96.17	23.47	2.04
32.80	28.06	35.79	95.18	26.68	1.91
33.40	27.60	36.04	94.51	30.05	1.77
34.00	28.34	36.75	94.24	30.10	1.74
34.60	29.75	38.18	95.13	29.25	1.74
35.20	31.05	39.73	97.25	28.32	1.73
35.80	31.12	40.17	99.67	22.73	1.90
36.40	30.90	39.72	99.65	23.69	1.90
37.00	30.62	38.79	99.06	25.95	1.88
37.60	30.31	37.71	99.29	25.71	1.95
38.20	29.76	37.33	99.29	24.36	1.99
38.80	29.39	36.87	99.08	26.72	1.95
39.40	28.80	36.48	98.41	30.76	1.86
40.00	27.60	36.40	96.45	29.85	1.83
40.60	27.21	35.85	94.40	27.17	1.88
41.20	27.44	35.28	92.63	24.52	1.95
41.80	28.21	35.07	91.47	25.14	1.88
42.40	27.89	35.28	90.89	27.00	1.78
43.00	27.55	35.86	91.04	28.29	1.72
43.60	27.95	36.74	92.08	26.99	1.76
44.20	29.24	38.20	93.74	28.57	1.71
44.80	30.32	39.33	95.59	29.33	1.68
45.40	30.85	39.91	97.20	25.98	1.77
46.00	31.69	41.16	100.31	26.31	1.91
46.60	31.71	40.98	102.13	23.89	2.01
47.20	31.44	39.92	102.58	20.69	2.06
47.80	31.33	38.58	102.80	23.80	2.02
48.40	30.10	37.49	101.10	27.80	1.94
49.00	29.05	36.73	99.33	29.43	1.91
49.60	28.79	36.31	99.09	26.19	2.01
50.20	27.73	35.33	97.17	27.02	1.99
50.80	27.60	35.08	95.65	28.99	1.91
51.40	28.21	35.54	95.45	30.82	1.79
52.00	27.73	35.75	95.24	28.91	1.86
52.60	28.94	37.72	97.89	27.43	1.88
53.20	29.99	39.27	100.83	26.08	1.90
53.80	29.46	38.84	101.75	23.93	2.00
54.40	29.70	38.61	102.07	26.32	1.96
55.00	29.55	38.17	101.80	29.07	1.91
55.60	28.84	37.49	100.77	30.26	1.87
56.20	28.65	36.99	101.01	27.37	1.98
56.80	28.51	36.65	101.14	26.99	2.01
57.40	28.46	36.58	100.90	29.56	1.95
58.00	28.70	37.28	102.19	28.76	1.97
58.60	28.78	37.37	102.42	28.27	1.98
59.20	28.86	37.12	101.56	28.22	2.00
59.80	29.27	37.53	102.07	24.01	2.10
60.40	28.76	37.09	101.43	23.45	2.08
61.00	27.94	36.17	99.90	24.84	2.03
61.60	27.29	35.06	98.00	26.07	2.04
62.20	26.98	34.21	95.62	25.97	2.04
62.80	26.71	33.75	92.95	25.40	2.00
63.40	26.08	33.74	89.82	28.21	1.81
64.00	26.64	34.28	88.30	28.53	1.73
64.60	27.32	34.73	87.75	26.59	1.74
65.20	27.39	34.68	86.33	23.83	1.77
65.80	26.88	34.94	84.98	23.39	1.82
66.40	26.61	35.42	83.95	23.00	1.84
67.00	26.97	35.70	83.01	19.41	1.82
67.60	28.73	37.66	84.73	22.68	1.67
68.20	30.82	39.77	87.78	26.13	1.56
68.80	32.34	41.11	91.25	25.11	1.58
69.40	31.69	40.33	93.23	31.29	1.50
70.00	31.25	40.51	95.32	32.13	1.55
70.60	31.19	40.89	97.36	28.77	1.66
71.20	31.51	40.73	98.33	27.96	1.59
71.80	31.16	39.51	100.06	31.04	1.65
72.40	30.23	38.51	101.51	33.89	1.74
73.00	28.96	37.80	102.09	34.57	1.80
73.60	28.43	36.54	101.88	33.15	1.88
74.20	27.69	35.34	100.67	31.37	1.95
74.80	26.87	34.49	98.23	29.87	2.00
75.40	27.10	35.30	97.76	29.69	1.94
76.00	27.36	35.36	96.44	30.22	1.87
76.60	27.39	34.73	93.95	31.12	1.81
77.20	26.88	34.07	92.00	29.61	1.82
77.80	26.53	33.71	89.74	27.24	1.84
78.40	26.62	33.79	87.20	24.48	1.84
79.00	27.82	34.50	87.83	26.12	1.79
79.60	28.36	35.78	88.51	26.10	1.76
80.20	28.50	36.59	88.93	24.84	1.75
80.80	28.55	36.16	89.23	24.74	1.77
81.40	29.15	37.21	90.70	28.42	1.69
82.00	29.94	38.37	92.84	30.11	1.64
82.60	30.62	38.78	95.59	21.72	1.86
83.20	30.41	38.73	96.40	26.77	1.80
83.80	29.68	37.28	96.07	31.22	1.73
84.40	28.93	35.74	94.90	32.81	1.71
85.00	28.82	35.53	93.57	29.46	1.80
85.60	27.91	35.29	91.88	28.10	1.80
86.20	27.05	34.96	90.03	29.10	1.73
86.80	27.19	34.48	89.26	26.80	1.83
87.40	27.44	34.61	88.85	26.74	1.82
88.00	27.94	35.49	88.96	28.39	1.71
88.60	29.00	37.31	91.02	25.21	1.77
89.20	29.89	38.71	93.06	23.24	1.81
89.80	30.69	39.93	95.83	22.75	1.83
90.40	31.54	41.40	100.07	23.15	1.86
91.00	31.77	40.52	103.25	25.43	1.91
91.60	31.61	40.24	106.01	27.94	1.94
92.20	31.04	40.22	108.49	29.76	1.93
92.80	29.69	38.16	107.22	33.98	1.94
93.40	28.99	37.34	106.56	31.24	2.05
94.00	28.65	36.65	106.35	24.67	2.21
94.60	28.46	34.60	104.10	26.07	2.24
95.20	27.69	34.34	101.81	27.75	2.17
95.80	26.70	34.53	99.69	28.60	2.04
96.40	25.50	33.18	95.92	31.46	1.92
97.00	26.20	34.27	94.03	29.96	1.89
97.60	27.35	35.38	93.58	26.04	1.90
98.20	27.86	34.39	92.25	27.09	1.88
98.80	27.60	34.75	91.14	25.89	1.87
99.40	27.51	35.72	90.56	24.83	1.84
100.00	28.03	36.47	90.74	26.30	1.77
100.60	30.31	39.42	94.89	26.53	1.92
101.20	32.22	41.72	99.36	26.96	1.87
101.80	32.87	42.81	103.34	27.95	1.75
102.40	32.25	42.68	107.86	30.55	1.78
103.00	32.78	40.67	109.30	26.30	2.05
103.60	31.74	39.35	110.93	27.63	2.11
104.20	30.44	38.37	112.78	30.82	2.12
104.80	30.20	37.34	114.62	31.13	2.26
105.40	28.87	35.91	113.52	32.20	2.14
106.00	27.66	34.69	111.13	31.21	2.07
106.60	27.21	33.95	108.95	23.99	2.44
107.20	27.38	34.08	105.64	25.04	2.37
107.80	27.45	34.36	102.46	28.08	2.17
108.40	27.01	34.40	100.88	25.51	2.19
109.00	26.56	33.54	99.15	25.94	2.17
109.60	26.17	32.78	97.21	28.50	2.10
110.20	25.54	33.16	94.93	23.58	2.16
110.80	25.98	33.36	93.22	20.68	2.17
111.40	27.21	33.48	92.17	21.32	2.12
112.00	27.78	34.77	92.68	21.82	2.05
112.60	28.51	35.97	93.27	22.90	1.97
113.20	29.03	36.67	93.63	24.36	1.89
113.80	28.81	36.53	93.29	26.13	1.83
114.40	28.56	36.35	92.89	24.99	1.85
115.00	28.43	36.12	92.65	21.56	1.94
115.60	28.29	35.33	91.84	30.41	1.72
116.20	29.16	36.72	93.19	29.12	1.76
116.80	29.78	38.08	95.55	22.90	1.92
117.40	29.15	37.35	96.00	27.78	1.81
118.00	28.32	37.09	96.64	31.32	1.77
118.60	27.84	36.95	96.92	30.94	1.81
119.20	27.91	36.78	96.06	24.90	1.95
119.80	28.71	37.51	97.20	21.13	2.04
120.40	28.91	37.10	97.46	22.95	2.00
121.00	28.62	36.44	96.36	28.37	1.87
121.60	28.00	36.59	95.21	29.73	1.80
122.20	27.78	36.27	93.80	26.98	1.84
122.80	27.85	36.02	92.46	23.45	1.92
123.40	28.08	36.26	91.33	29.23	1.66
124.00	29.39	38.03	93.59	32.00	1.77
124.60	30.72	40.16	97.39	30.88	1.92
125.20	31.48	41.54	101.22	26.83	1.83
125.80	31.58	40.76	103.49	26.63	1.89
126.40	30.27	39.13	104.78	30.43	1.89
127.00	29.03	37.64	105.09	32.47	1.92
127.60	28.75	36.86	104.27	28.11	2.06
128.20	28.73	35.85	103.90	27.21	2.13
128.80	28.27	35.04	102.82	27.74	2.13
129.40	27.17	34.56	99.97	29.20	2.04
130.00	26.35	33.97	97.11	24.01	2.15
130.60	25.86	33.58	94.22	21.83	2.16
131.20	25.70	33.48	91.14	29.71	1.84
131.80	25.97	34.76	90.36	26.98	1.83
132.40	26.44	35.68	90.17	23.69	1.86
133.00	27.01	35.41	89.40	26.94	1.75
133.60	27.16	35.76	88.89	30.34	1.65
134.20	27.20	36.04	88.46	30.78	1.63
134.80	27.29	35.92	87.48	25.00	1.72
135.40	28.57	37.48	88.94	23.87	1.73
136.00	29.68	38.44	90.59	23.59	1.74
136.60	30.25	38.59	91.50	22.49	1.78
137.20	29.42	38.49	90.90	25.83	1.71
137.80	29.35	37.91	90.04	28.56	1.63
138.40	29.49	37.50	89.44	30.34	1.56
139.00	29.26	37.69	90.05	33.95	1.49
139.60	29.42	37.75	90.59	32.44	1.54
140.20	28.89	37.01	90.63	30.41	1.62
140.80	27.66	35.64	90.06	30.71	1.66
141.40	27.89	35.67	89.49	32.19	1.61
142.00	27.56	34.94	88.55	32.98	1.56
142.60	27.32	34.95	87.76	32.90	1.55
143.20	28.60	37.12	90.05	35.80	1.48
143.80	29.25	38.23	92.07	30.85	1.62
144.40	29.36	38.44	93.45	25.37	1.77
145.00	29.13	38.09	94.23	24.40	1.81
145.60	28.72	37.34	94.40	28.22	1.77
146.20	28.75	36.67	94.26	30.12	1.75
146.80	29.21	36.92	94.77	29.24	1.77
147.40	30.15	39.23	98.00	30.07	1.74
148.00	30.00	38.56	99.85	29.81	1.81
148.60	29.72	38.00	100.85	29.59	1.88
149.20	29.09	37.28	101.28	29.66	1.90
149.80	27.73	35.63	99.77	27.56	2.02
150.40	27.17	34.92	99.09	27.69	2.04
151.00	26.96	34.29	98.33	28.82	2.01
151.60	26.77	33.18	96.62	29.60	2.01
152.20	26.52	32.62	93.69	29.63	1.97
152.80	26.19	32.14	90.56	29.21	1.91
153.40	25.77	31.58	88.00	27.24	1.90
154.00	24.97	30.85	84.48	30.44	1.73
154.60	25.59	32.10	83.12	30.56	1.64
155.20	27.47	35.08	85.38	23.85	1.75
155.80	28.59	37.34	87.64	27.13	1.62
156.40	30.29	39.75	91.10	27.96	1.56
157.00	31.10	41.28	95.62	27.74	1.71
157.60	31.21	41.64	100.60	27.36	2.02
158.20	32.27	41.06	104.23	23.09	2.03
158.80	31.05	39.32	106.66	26.25	2.02
159.40	30.20	38.16	108.33	30.29	2.04
160.00	29.70	37.45	109.32	32.57	2.08
160.60	27.82	36.35	108.37	32.52	2.03
161.20	26.56	34.62	106.18	33.24	2.01
161.80	26.04	32.78	102.97	35.09	2.05
162.40	26.13	32.62	101.45	34.30	2.06
163.00	25.93	32.41	99.62	32.34	2.08
163.60	25.47	31.96	97.01	29.48	2.12
164.20	25.68	32.11	94.81	26.68	2.12
164.80	26.00	32.49	92.51	25.38	2.05
165.40	26.13	32.81	89.58	26.51	1.94
166.00	26.58	34.53	89.93	27.77	1.83
166.60	27.95	36.51	92.28	26.87	1.80
167.20	29.91	38.16	95.70	22.15	1.92
167.80	30.25	39.42	98.93	24.02	1.91
168.40	30.39	39.37	101.89	27.22	1.90
169.00	30.33	38.82	104.28	28.46	1.94
169.60	29.66	38.36	105.52	22.97	2.13
170.20	30.30	38.12	107.83	27.39	2.11
170.80	29.93	36.92	109.02	31.77	2.05
171.40	28.69	35.10	108.21	31.68	2.06
172.00	27.65	33.89	106.53	34.49	2.08
172.60	27.18	33.59	104.34	33.50	2.13
173.20	27.23	34.06	101.73	25.95	2.21
173.80	27.77	34.80	101.30	23.69	2.39
174.40	27.61	35.03	101.13	25.36	2.36
175.00	26.96	34.72	100.49	29.48	2.08
175.60	26.73	33.79	98.60	30.65	2.01
176.20	26.60	33.46	96.56	31.02	1.96
176.80	26.48	33.70	94.56	30.92	1.89
177.40	25.50	33.31	91.90	28.24	1.92
178.00	25.58	33.64	90.05	25.72	1.91
178.60	26.54	34.43	89.44	24.44	1.87
179.20	27.09	34.40	88.50	23.97	1.93
>>>>>>> 4966aae922150d281e7f47d431009d8054258bc0
=======
TIEMPO	VFSCd	VFSCi	PAMn	PCC	RAP
0.40	28.94	37.81	100.84	30.90	1.87
1.00	28.14	37.23	101.21	28.00	1.95
1.60	27.67	36.75	100.76	26.14	2.01
2.20	27.61	36.43	99.54	25.32	2.03
2.80	26.79	35.43	97.84	25.85	2.03
3.40	26.51	35.61	96.79	27.03	1.97
4.00	26.61	35.95	96.52	28.52	1.90
4.60	27.02	35.46	96.05	30.21	1.86
5.20	25.73	34.67	94.17	30.81	1.83
5.80	25.56	34.52	93.04	28.52	1.86
6.40	26.64	35.34	93.46	25.77	1.89
7.00	28.52	37.15	95.05	27.61	1.82
7.60	29.30	38.57	97.83	32.21	1.72
8.20	27.60	37.65	98.37	30.01	1.81
8.80	26.89	36.15	97.66	27.09	1.94
9.40	26.91	34.85	96.60	26.03	2.02
10.00	27.33	34.06	95.78	25.73	2.04
10.60	25.86	33.68	94.17	22.95	2.10
11.20	26.87	35.13	95.02	25.54	2.00
11.80	28.17	36.21	97.52	31.10	1.82
12.40	27.80	35.32	97.10	28.05	1.92
13.00	27.05	34.81	95.86	30.55	1.87
13.60	27.49	35.07	97.01	28.46	1.96
14.20	27.93	35.90	98.87	24.75	2.07
14.80	27.82	36.97	99.16	23.98	2.04
15.40	29.08	37.50	100.97	26.49	1.99
16.00	29.04	36.30	101.29	27.32	2.02
16.60	28.38	34.80	100.26	25.77	2.13
17.20	27.76	34.11	99.18	20.55	2.31
17.80	27.38	33.79	97.16	23.94	2.16
18.40	27.15	33.66	95.05	28.66	1.96
19.00	27.01	33.64	93.53	29.03	1.92
19.60	26.65	33.40	91.42	27.93	1.91
20.20	27.11	33.79	89.88	27.13	1.87
20.80	28.40	34.93	89.54	27.85	1.75
21.40	28.72	36.37	89.88	24.89	1.79
22.00	29.81	37.32	90.76	23.51	1.81
22.60	31.28	38.28	92.38	22.89	1.82
23.20	32.70	39.51	95.58	20.12	1.92
23.80	31.69	39.34	96.67	25.10	1.81
24.40	31.02	39.14	96.79	29.90	1.71
25.00	31.36	39.74	97.92	29.99	1.71
25.60	32.29	40.92	100.99	24.65	1.84
26.20	32.37	40.82	103.17	22.63	1.96
26.80	32.88	42.38	105.70	21.56	1.97
27.40	33.12	42.85	109.21	27.13	1.90
28.00	31.15	40.51	109.23	32.65	1.85
28.60	28.06	36.73	103.76	32.60	1.86
29.20	28.19	36.11	102.73	27.50	2.06
29.80	28.38	35.80	100.93	27.93	2.03
30.40	28.01	35.46	98.62	29.67	1.93
31.00	27.33	35.19	96.22	29.83	1.89
31.60	27.70	35.40	96.67	23.68	2.06
32.20	28.03	35.58	96.17	23.47	2.04
32.80	28.06	35.79	95.18	26.68	1.91
33.40	27.60	36.04	94.51	30.05	1.77
34.00	28.34	36.75	94.24	30.10	1.74
34.60	29.75	38.18	95.13	29.25	1.74
35.20	31.05	39.73	97.25	28.32	1.73
35.80	31.12	40.17	99.67	22.73	1.90
36.40	30.90	39.72	99.65	23.69	1.90
37.00	30.62	38.79	99.06	25.95	1.88
37.60	30.31	37.71	99.29	25.71	1.95
38.20	29.76	37.33	99.29	24.36	1.99
38.80	29.39	36.87	99.08	26.72	1.95
39.40	28.80	36.48	98.41	30.76	1.86
40.00	27.60	36.40	96.45	29.85	1.83
40.60	27.21	35.85	94.40	27.17	1.88
41.20	27.44	35.28	92.63	24.52	1.95
41.80	28.21	35.07	91.47	25.14	1.88
42.40	27.89	35.28	90.89	27.00	1.78
43.00	27.55	35.86	91.04	28.29	1.72
43.60	27.95	36.74	92.08	26.99	1.76
44.20	29.24	38.20	93.74	28.57	1.71
44.80	30.32	39.33	95.59	29.33	1.68
45.40	30.85	39.91	97.20	25.98	1.77
46.00	31.69	41.16	100.31	26.31	1.91
46.60	31.71	40.98	102.13	23.89	2.01
47.20	31.44	39.92	102.58	20.69	2.06
47.80	31.33	38.58	102.80	23.80	2.02
48.40	30.10	37.49	101.10	27.80	1.94
49.00	29.05	36.73	99.33	29.43	1.91
49.60	28.79	36.31	99.09	26.19	2.01
50.20	27.73	35.33	97.17	27.02	1.99
50.80	27.60	35.08	95.65	28.99	1.91
51.40	28.21	35.54	95.45	30.82	1.79
52.00	27.73	35.75	95.24	28.91	1.86
52.60	28.94	37.72	97.89	27.43	1.88
53.20	29.99	39.27	100.83	26.08	1.90
53.80	29.46	38.84	101.75	23.93	2.00
54.40	29.70	38.61	102.07	26.32	1.96
55.00	29.55	38.17	101.80	29.07	1.91
55.60	28.84	37.49	100.77	30.26	1.87
56.20	28.65	36.99	101.01	27.37	1.98
56.80	28.51	36.65	101.14	26.99	2.01
57.40	28.46	36.58	100.90	29.56	1.95
58.00	28.70	37.28	102.19	28.76	1.97
58.60	28.78	37.37	102.42	28.27	1.98
59.20	28.86	37.12	101.56	28.22	2.00
59.80	29.27	37.53	102.07	24.01	2.10
60.40	28.76	37.09	101.43	23.45	2.08
61.00	27.94	36.17	99.90	24.84	2.03
61.60	27.29	35.06	98.00	26.07	2.04
62.20	26.98	34.21	95.62	25.97	2.04
62.80	26.71	33.75	92.95	25.40	2.00
63.40	26.08	33.74	89.82	28.21	1.81
64.00	26.64	34.28	88.30	28.53	1.73
64.60	27.32	34.73	87.75	26.59	1.74
65.20	27.39	34.68	86.33	23.83	1.77
65.80	26.88	34.94	84.98	23.39	1.82
66.40	26.61	35.42	83.95	23.00	1.84
67.00	26.97	35.70	83.01	19.41	1.82
67.60	28.73	37.66	84.73	22.68	1.67
68.20	30.82	39.77	87.78	26.13	1.56
68.80	32.34	41.11	91.25	25.11	1.58
69.40	31.69	40.33	93.23	31.29	1.50
70.00	31.25	40.51	95.32	32.13	1.55
70.60	31.19	40.89	97.36	28.77	1.66
71.20	31.51	40.73	98.33	27.96	1.59
71.80	31.16	39.51	100.06	31.04	1.65
72.40	30.23	38.51	101.51	33.89	1.74
73.00	28.96	37.80	102.09	34.57	1.80
73.60	28.43	36.54	101.88	33.15	1.88
74.20	27.69	35.34	100.67	31.37	1.95
74.80	26.87	34.49	98.23	29.87	2.00
75.40	27.10	35.30	97.76	29.69	1.94
76.00	27.36	35.36	96.44	30.22	1.87
76.60	27.39	34.73	93.95	31.12	1.81
77.20	26.88	34.07	92.00	29.61	1.82
77.80	26.53	33.71	89.74	27.24	1.84
78.40	26.62	33.79	87.20	24.48	1.84
79.00	27.82	34.50	87.83	26.12	1.79
79.60	28.36	35.78	88.51	26.10	1.76
80.20	28.50	36.59	88.93	24.84	1.75
80.80	28.55	36.16	89.23	24.74	1.77
81.40	29.15	37.21	90.70	28.42	1.69
82.00	29.94	38.37	92.84	30.11	1.64
82.60	30.62	38.78	95.59	21.72	1.86
83.20	30.41	38.73	96.40	26.77	1.80
83.80	29.68	37.28	96.07	31.22	1.73
84.40	28.93	35.74	94.90	32.81	1.71
85.00	28.82	35.53	93.57	29.46	1.80
85.60	27.91	35.29	91.88	28.10	1.80
86.20	27.05	34.96	90.03	29.10	1.73
86.80	27.19	34.48	89.26	26.80	1.83
87.40	27.44	34.61	88.85	26.74	1.82
88.00	27.94	35.49	88.96	28.39	1.71
88.60	29.00	37.31	91.02	25.21	1.77
89.20	29.89	38.71	93.06	23.24	1.81
89.80	30.69	39.93	95.83	22.75	1.83
90.40	31.54	41.40	100.07	23.15	1.86
91.00	31.77	40.52	103.25	25.43	1.91
91.60	31.61	40.24	106.01	27.94	1.94
92.20	31.04	40.22	108.49	29.76	1.93
92.80	29.69	38.16	107.22	33.98	1.94
93.40	28.99	37.34	106.56	31.24	2.05
94.00	28.65	36.65	106.35	24.67	2.21
94.60	28.46	34.60	104.10	26.07	2.24
95.20	27.69	34.34	101.81	27.75	2.17
95.80	26.70	34.53	99.69	28.60	2.04
96.40	25.50	33.18	95.92	31.46	1.92
97.00	26.20	34.27	94.03	29.96	1.89
97.60	27.35	35.38	93.58	26.04	1.90
98.20	27.86	34.39	92.25	27.09	1.88
98.80	27.60	34.75	91.14	25.89	1.87
99.40	27.51	35.72	90.56	24.83	1.84
100.00	28.03	36.47	90.74	26.30	1.77
100.60	30.31	39.42	94.89	26.53	1.92
101.20	32.22	41.72	99.36	26.96	1.87
101.80	32.87	42.81	103.34	27.95	1.75
102.40	32.25	42.68	107.86	30.55	1.78
103.00	32.78	40.67	109.30	26.30	2.05
103.60	31.74	39.35	110.93	27.63	2.11
104.20	30.44	38.37	112.78	30.82	2.12
104.80	30.20	37.34	114.62	31.13	2.26
105.40	28.87	35.91	113.52	32.20	2.14
106.00	27.66	34.69	111.13	31.21	2.07
106.60	27.21	33.95	108.95	23.99	2.44
107.20	27.38	34.08	105.64	25.04	2.37
107.80	27.45	34.36	102.46	28.08	2.17
108.40	27.01	34.40	100.88	25.51	2.19
109.00	26.56	33.54	99.15	25.94	2.17
109.60	26.17	32.78	97.21	28.50	2.10
110.20	25.54	33.16	94.93	23.58	2.16
110.80	25.98	33.36	93.22	20.68	2.17
111.40	27.21	33.48	92.17	21.32	2.12
112.00	27.78	34.77	92.68	21.82	2.05
112.60	28.51	35.97	93.27	22.90	1.97
113.20	29.03	36.67	93.63	24.36	1.89
113.80	28.81	36.53	93.29	26.13	1.83
114.40	28.56	36.35	92.89	24.99	1.85
115.00	28.43	36.12	92.65	21.56	1.94
115.60	28.29	35.33	91.84	30.41	1.72
116.20	29.16	36.72	93.19	29.12	1.76
116.80	29.78	38.08	95.55	22.90	1.92
117.40	29.15	37.35	96.00	27.78	1.81
118.00	28.32	37.09	96.64	31.32	1.77
118.60	27.84	36.95	96.92	30.94	1.81
119.20	27.91	36.78	96.06	24.90	1.95
119.80	28.71	37.51	97.20	21.13	2.04
120.40	28.91	37.10	97.46	22.95	2.00
121.00	28.62	36.44	96.36	28.37	1.87
121.60	28.00	36.59	95.21	29.73	1.80
122.20	27.78	36.27	93.80	26.98	1.84
122.80	27.85	36.02	92.46	23.45	1.92
123.40	28.08	36.26	91.33	29.23	1.66
124.00	29.39	38.03	93.59	32.00	1.77
124.60	30.72	40.16	97.39	30.88	1.92
125.20	31.48	41.54	101.22	26.83	1.83
125.80	31.58	40.76	103.49	26.63	1.89
126.40	30.27	39.13	104.78	30.43	1.89
127.00	29.03	37.64	105.09	32.47	1.92
127.60	28.75	36.86	104.27	28.11	2.06
128.20	28.73	35.85	103.90	27.21	2.13
128.80	28.27	35.04	102.82	27.74	2.13
129.40	27.17	34.56	99.97	29.20	2.04
130.00	26.35	33.97	97.11	24.01	2.15
130.60	25.86	33.58	94.22	21.83	2.16
131.20	25.70	33.48	91.14	29.71	1.84
131.80	25.97	34.76	90.36	26.98	1.83
132.40	26.44	35.68	90.17	23.69	1.86
133.00	27.01	35.41	89.40	26.94	1.75
133.60	27.16	35.76	88.89	30.34	1.65
134.20	27.20	36.04	88.46	30.78	1.63
134.80	27.29	35.92	87.48	25.00	1.72
135.40	28.57	37.48	88.94	23.87	1.73
136.00	29.68	38.44	90.59	23.59	1.74
136.60	30.25	38.59	91.50	22.49	1.78
137.20	29.42	38.49	90.90	25.83	1.71
137.80	29.35	37.91	90.04	28.56	1.63
138.40	29.49	37.50	89.44	30.34	1.56
139.00	29.26	37.69	90.05	33.95	1.49
139.60	29.42	37.75	90.59	32.44	1.54
140.20	28.89	37.01	90.63	30.41	1.62
140.80	27.66	35.64	90.06	30.71	1.66
141.40	27.89	35.67	89.49	32.19	1.61
142.00	27.56	34.94	88.55	32.98	1.56
142.60	27.32	34.95	87.76	32.90	1.55
143.20	28.60	37.12	90.05	35.80	1.48
143.80	29.25	38.23	92.07	30.85	1.62
144.40	29.36	38.44	93.45	25.37	1.77
145.00	29.13	38.09	94.23	24.40	1.81
145.60	28.72	37.34	94.40	28.22	1.77
146.20	28.75	36.67	94.26	30.12	1.75
146.80	29.21	36.92	94.77	29.24	1.77
147.40	30.15	39.23	98.00	30.07	1.74
148.00	30.00	38.56	99.85	29.81	1.81
148.60	29.72	38.00	100.85	29.59	1.88
149.20	29.09	37.28	101.28	29.66	1.90
149.80	27.73	35.63	99.77	27.56	2.02
150.40	27.17	34.92	99.09	27.69	2.04
151.00	26.96	34.29	98.33	28.82	2.01
151.60	26.77	33.18	96.62	29.60	2.01
152.20	26.52	32.62	93.69	29.63	1.97
152.80	26.19	32.14	90.56	29.21	1.91
153.40	25.77	31.58	88.00	27.24	1.90
154.00	24.97	30.85	84.48	30.44	1.73
154.60	25.59	32.10	83.12	30.56	1.64
155.20	27.47	35.08	85.38	23.85	1.75
155.80	28.59	37.34	87.64	27.13	1.62
156.40	30.29	39.75	91.10	27.96	1.56
157.00	31.10	41.28	95.62	27.74	1.71
157.60	31.21	41.64	100.60	27.36	2.02
158.20	32.27	41.06	104.23	23.09	2.03
158.80	31.05	39.32	106.66	26.25	2.02
159.40	30.20	38.16	108.33	30.29	2.04
160.00	29.70	37.45	109.32	32.57	2.08
160.60	27.82	36.35	108.37	32.52	2.03
161.20	26.56	34.62	106.18	33.24	2.01
161.80	26.04	32.78	102.97	35.09	2.05
162.40	26.13	32.62	101.45	34.30	2.06
163.00	25.93	32.41	99.62	32.34	2.08
163.60	25.47	31.96	97.01	29.48	2.12
164.20	25.68	32.11	94.81	26.68	2.12
164.80	26.00	32.49	92.51	25.38	2.05
165.40	26.13	32.81	89.58	26.51	1.94
166.00	26.58	34.53	89.93	27.77	1.83
166.60	27.95	36.51	92.28	26.87	1.80
167.20	29.91	38.16	95.70	22.15	1.92
167.80	30.25	39.42	98.93	24.02	1.91
168.40	30.39	39.37	101.89	27.22	1.90
169.00	30.33	38.82	104.28	28.46	1.94
169.60	29.66	38.36	105.52	22.97	2.13
170.20	30.30	38.12	107.83	27.39	2.11
170.80	29.93	36.92	109.02	31.77	2.05
171.40	28.69	35.10	108.21	31.68	2.06
172.00	27.65	33.89	106.53	34.49	2.08
172.60	27.18	33.59	104.34	33.50	2.13
173.20	27.23	34.06	101.73	25.95	2.21
173.80	27.77	34.80	101.30	23.69	2.39
174.40	27.61	35.03	101.13	25.36	2.36
175.00	26.96	34.72	100.49	29.48	2.08
175.60	26.73	33.79	98.60	30.65	2.01
176.20	26.60	33.46	96.56	31.02	1.96
176.80	26.48	33.70	94.56	30.92	1.89
177.40	25.50	33.31	91.90	28.24	1.92
178.00	25.58	33.64	90.05	25.72	1.91
178.60	26.54	34.43	89.44	24.44	1.87
179.20	27.09	34.40	88.50	23.97	1.93
>>>>>>> 4966aae922150d281e7f47d431009d8054258bc0
179.80	27.23	33.54	87.23	24.31	2.09