Time	ABP	LCBFV	RCBFV
-1.2	0.0278597661171360	0.095178546	0.130530342
-0.8	0.124685838420307	0.124743502	0.162134321
-0.4	0.279059140426491	0.166459905	0.204136284
0.0	0.450004817825762	0.244149506	0.274576971
0.4	0.611627119273832	0.398219349	0.400159072
0.8	0.749766311424529	0.639600243	0.592156482
1.2	0.858728706278950	0.865062447	0.799421997
1.6	0.938424002272610	0.977547213	0.942837599
2.0	0.992060697772458	1	1
2.4	1.02442586912203	0.978052782	0.987482266
2.8	1.04069962356504	0.939097761	0.92394564
3.2	1.04571547954274	0.891825373	0.828305152
3.6	1.04356489299370	0.835478925	0.722314441
4.0	1.03744784087540	0.775199707	0.625037896
4.4	1.02968447130182	0.722842507	0.54726936
4.8	1.02181998853969	0.685494481	0.49145968
5.2	1.01477257107620	0.660831025	0.455049533
5.6	1.00899006278490	0.643398754	0.433733847
6.0	1.00459435167695	0.630135525	0.423284053
6.4	1.00150243282317	0.620215267	0.420202989
6.8	0.999520295622308	0.613103683	0.421829331
7.2	0.998410398438538	0.607972165	0.426242069
7.6	0.997936121840328	0.60411952	0.432124101
8.0	0.997887756303913	0.601189094	0.438617326
8.4	0.998094756088494	0.598992692	0.445191099
8.8	0.998428566899312	0.59734368	0.451536586
9.2	0.998799606010799	0.596061094	0.457488237
9.6	0.999151146886734	0.595023182	0.462971575
10.0	0.999452068481515	0.594166821	0.467964745
10.4	0.999689746211702	0.593455467	0.472481103
10.8	0.999863818300096	0.592858438	0.476549791
11.2	0.999981160565818	0.59235111	0.480209263
11.6	1.00005213047961	0.591919217	0.483497971
12.0	1.00008797473462	0.591552987	0.486454773
12.4	1.00009920860502	0.591244799	0.489114073
12.8	1.00009474626857	0.590987226	0.491506633
13.2	1.00008156880073	0.590773234	0.493659168
13.6	1.00006474473695	0.590596177	0.495595965
14.0	1.00004765527279	0.590450779	0.49733726
14.4	1.00003231447388	0.59033196	0.498902482
14.8	1.00001970956499	0.590235614	0.500307014
15.2	1.00001011508258	0.590156857	0.501566235
15.6	1.00000335667835	0.590092367	0.502693907
16.0	0.999999015973964	0.590040188	0.503702984
16.4	0.999996577988823	0.589997389	0.504604394
16.8	0.999995528433508	0.589962017	0.50540866
17.2	0.999995410736205	0.589932312	0.506125497
17.6	0.999995853080626	0.589907493	0.50676462
18.0	0.999996574830012	0.589886387	0.507332908
18.4	0.999997380136545	0.589868798	0.507839268
18.8	0.999998144741792	0.589853555	0.508289366
19.2	0.999998800251766	0.589840461	0.508689678
19.6	0.999999318682179	0.589829127	0.509045465
20.0	0.999999698884522	0.58981916	0.509361586
20.4	0.999999955588722	0.589810756	0.509642492
20.8	1.00000011120258	0.589802939	0.509891827
21.2	1.00000019014307	0.58979649	0.510113638
21.6	1.00000021528542	0.589790627	0.510310353
22.0	1.00000020605075	0.589785351	0.510485211
22.4	1.00000017766864	0.589780661	0.510639831
22.8	1.00000014121140	0.589776557	0.510777855
23.2	1.00000010407747	0.589773234	0.510900094
23.6	1.00000007068454	0.589769912	0.511008571
24.0	1.00000004320856	0.589766395	0.511105309
24.4	1.00000002226725	0.589764245	0.51119031
24.8	1.00000000749495	0.589762095	0.51126681
25.2	0.999999997989565	0.589759945	0.511333596
25.6	0.999999992634711	0.589757405	0.511393502
26.0	0.999999990312623	0.589755842	0.511446121
26.4	0.999999990029297	0.589754278	0.511492669
26.8	0.999999990974133	0.589752715	0.511533955
27.2	0.999999992534510	0.589750956	0.511571193
27.6	0.999999994282273	0.589749979	0.511603574
28.0	0.999999995945247	0.589748806	0.511632312
28.4	0.999999997373137	0.589747829	0.511658217
28.8	0.999999998503928	0.589746266	0.511680479
29.2	0.999999999334333	0.589745288	0.511700717
29.6	0.999999999895895	0.589744702	0.511718527
30.0	1.00000000023709	0.589743725	0.511734313
30.4	1.00000000041092	0.589743139	0.511748075
30.8	1.00000000046715	0.589741966	0.511759813
31.2	1.00000000044810	0.58974138	0.511771146
31.6	1.00000000038698	0.589740989	0.511780861
32.0	1.00000000030798	0.589740012	0.511789361
32.4	1.00000000022730	0.589739817	0.511796647
32.8	1.00000000015461	0.589739035	0.511803123
33.2	1.00000000009472	0.589738449	0.511809194
33.6	1.00000000004901	0.589737862	0.511814456
34.0	1.00000000001673	0.589737667	0.511819313
34.4	0.999999999995912	0.589737276	0.511822956
34.8	0.999999999984151	0.589736885	0.511826599
35.2	0.999999999979015	0.589736299	0.511829837
35.6	0.999999999978339	0.589735713	0.511832266
36.0	0.999999999980356	0.589735322	0.511834694
36.4	0.999999999983729	0.589735322	0.511837123
36.8	0.999999999987522	0.589735126	0.511838742
37.2	0.999999999991139	0.589734735	0.511840766
37.6	0.999999999994249	0.58973454	0.51184198
38.0	0.999999999996715	0.589734149	0.511843194
38.4	0.999999999998529	0.589733758	0.511844813
38.8	0.999999999999757	0.589733172	0.511845623
39.2	1.00000000000051	0.589733563	0.511846837
39.6	1.00000000000089	0.589733172	0.511847647
40.0	1.00000000000101	0.589732977	0.511848052
40.4	1.00000000000097	0.589733172	0.511848861
40.8	1.00000000000084	0.589732977	0.511849266
41.2	1.00000000000067	0.58973239	0.511850075
41.6	1.00000000000050	0.58973239	0.511850075
42.0	1.00000000000034	0.589731999	0.51185048
42.4	1.00000000000021	0.589731999	0.511850885
42.8	1.00000000000011	0.589731999	0.51185129
43.2	1.00000000000004	0.58973239	0.51185129
43.6	0.999999999999992	0.589731999	0.511851694
44.0	0.999999999999966	0.589731609	0.511851694
44.4	0.999999999999955	0.589731609	0.511852099
44.8	0.999999999999953	0.589731609	0.511852099
45.2	0.999999999999957	0.589731413	0.511852504
45.6	0.999999999999965	0.589731022	0.511852099
46.0	0.999999999999973	0.589731022	0.511852504
46.4	0.999999999999981	0.589731022	0.511852909
46.8	0.999999999999987	0.589730827	0.511852909
47.2	0.999999999999993	0.589730827	0.511852909
47.6	0.999999999999997	0.589730827	0.511852909
48.0	1.00000000000000	0.589730827	0.511852909
48.4	1.00000000000000	0.589730436	0.511852909
48.8	1.00000000000000	0.589730436	0.511852909
49.2	1.00000000000000	0.589730436	0.511852909
49.6	1.00000000000000	0.589730827	0.511852909
50.0	1.00000000000000	0.589730827	0.511852909
50.4	1.00000000000000	0.589730436	0.511852909
50.8	1.00000000000000	0.589730827	0.511852909
51.2	1.00000000000000	0.589730827	0.511852909
51.6	1.00000000000000	0.589730045	0.511852909
52.0	1.00000000000000	0.589730045	0.511852909
52.4	1.00000000000000	0.589730436	0.511852909
52.8	1.00000000000000	0.589730436	0.511852909
53.2	1.00000000000000	0.589730436	0.511853313
53.6	1.00000000000000	0.589730436	0.511852909
54.0	1.00000000000000	0.589730045	0.511852909
54.4	1.00000000000000	0.589730045	0.511852909
54.8	1.00000000000000	0.589730045	0.511852909
55.2	1.00000000000000	0.589730045	0.511852909
55.6	1.00000000000000	0.58972985	0.511852909
56.0	1.00000000000000	0.589730045	0.511852909
56.4	1.00000000000000	0.589730045	0.511853313
56.8	1.00000000000000	0.589730045	0.511853313
57.2	1.00000000000000	0.589730045	0.511853313
57.6	1.00000000000000	0.589730045	0.511853718
58.0	1.00000000000000	0.58972985	0.511853313
58.4	1.00000000000000	0.58972985	0.511853313
58.8	1.00000000000000	0.589730045	0.511853313
59.2	1.00000000000000	0.58972985	0.511853313
59.6	1.00000000000000	0.58972985	0.511853718
60.0	1.00000000000000	0.589729459	0.511853718
60.4	1.00000000000000	0.58972985	0.511853313
60.8	1.00000000000000	0.58972985	0.511853313
61.2	1.00000000000000	0.589730045	0.511853313
61.6	1.00000000000000	0.589730045	0.511853313
62.0	1.00000000000000	0.589730045	0.511853313
62.4	1.00000000000000	0.58972985	0.511853313
62.8	1.00000000000000	0.58972985	0.511853718
63.2	1.00000000000000	0.58972985	0.511853313
63.6	1.00000000000000	0.58972985	0.511853313
64.0	1.00000000000000	0.58972985	0.511853313
64.4	1.00000000000000	0.58972985	0.511853718
64.8	1.00000000000000	0.58972985	0.511853718
65.2	1.00000000000000	0.58972985	0.511853718
65.6	1.00000000000000	0.58972985	0.511853718
66.0	1.00000000000000	0.58972985	0.511853718
66.4	1.00000000000000	0.58972985	0.511853718
66.8	1.00000000000000	0.58972985	0.511853718
67.2	1.00000000000000	0.58972985	0.511853718
67.6	1.00000000000000	0.58972985	0.511853718
68.0	1.00000000000000	0.58972985	0.511853718
68.4	1.00000000000000	0.58972985	0.511853313
68.8	1.00000000000000	0.58972985	0.511853718
69.2	1.00000000000000	0.589729459	0.511853718
69.6	1.00000000000000	0.58972985	0.511853313
70.0	1.00000000000000	0.58972985	0.511853718
70.4	1.00000000000000	0.58972985	0.511853718
70.8	1.00000000000000	0.58972985	0.511853718
71.2	1.00000000000000	0.58972985	0.511853718
71.6	1.00000000000000	0.58972985	0.511854123
72.0	1.00000000000000	0.58972985	0.511853718
72.4	1.00000000000000	0.58972985	0.511853313
72.8	1.00000000000000	0.58972985	0.511853718
73.2	1.00000000000000	0.58972985	0.511853718
73.6	1.00000000000000	0.58972985	0.511853718
74.0	1.00000000000000	0.58972985	0.511854123
74.4	1.00000000000000	0.58972985	0.511854123
74.8	1.00000000000000	0.58972985	0.511854123
75.2	1.00000000000000	0.58972985	0.511853718
75.6	1.00000000000000	0.58972985	0.511853718
76.0	1.00000000000000	0.58972985	0.511853718
76.4	1.00000000000000	0.58972985	0.511853313
76.8	1.00000000000000	0.58972985	0.511853313
77.2	1.00000000000000	0.58972985	0.511853313
77.6	1.00000000000000	0.58972985	0.511853313
78.0	1.00000000000000	0.58972985	0.511853313
78.4	0.972140233882864	0.575540883	0.492597877
78.8	0.875314161579693	0.515124671	0.417673214
79.2	0.720940859573509	0.390943216	0.282703419
79.6	0.549995182174238	0.226583563	0.13392186
80.0	0.388372880726168	0.078590128	0.030653998
80.4	0.250233688575471	0	0
80.8	0.141271293721051	0.011547187	0.026726977
81.2	0.0615759977273900	0.100027477	0.079625593
81.6	0.00793930222754226	0.225884521	0.136524898
82.0	-0.0244258691220266	0.341106827	0.189686207
82.4	-0.0406996235650419	0.416259202	0.238675612
82.8	-0.0457154795427349	0.450958608	0.28362021
83.2	-0.0435648929936950	0.461612498	0.323686591
83.6	-0.0374478408753999	0.463936514	0.358161157
84.0	-0.0296844713018240	0.46428457	0.38693462
84.4	-0.0218199885396850	0.462399482	0.410149864
84.8	-0.0147725710761978	0.457505017	0.427978102
85.2	-0.00899006278489951	0.450509712	0.440735861
85.6	-0.00459435167694829	0.442913666	0.448995477
86.0	-0.00150243282317184	0.435687367	0.453525192
86.4	0.000479704377692855	0.429216393	0.455142629
86.8	0.00158960156146259	0.423633243	0.454590126
87.2	0.00206387815967210	0.418974658	0.452478067
87.6	0.00211224369608724	0.41518963	0.449281645
88.0	0.00190524391150558	0.412157583	0.445362314
88.4	0.00157143310068758	0.409735267	0.440992886
88.8	0.00120039398920124	0.407793115	0.436379385
89.2	0.000848853113265963	0.406223056	0.43167886
89.6	0.000547931518485063	0.404932847	0.427008288
90.0	0.000310253788298464	0.403844711	0.422455096
90.4	0.000136181699904442	0.4028922	0.418082835
90.8	1.88394341819518e-05	0.402020987	0.413935218
91.2	-5.21304796110311e-05	0.40118671	0.410040982
91.6	-8.79747346234039e-05	0.400354778	0.40641632
92.0	-9.92086050187850e-05	0.399498417	0.403067707
92.4	-9.47462685743426e-05	0.398600822	0.399994333
92.8	-8.15688007317567e-05	0.397653002	0.397188914
93.2	-6.47447369447260e-05	0.396653393	0.394642543
93.6	-4.76552727888696e-05	0.395605905	0.39233984
94.0	-3.23144738769001e-05	0.394518746	0.390266234
94.4	-1.97095649885864e-05	0.393403054	0.388405533
94.8	-1.01150825812911e-05	0.392271337	0.386741143
95.2	-3.35667834681849e-06	0.391136689	0.385256469
95.6	9.84026036448124e-07	0.390010444	0.383934914
96.0	3.42201117679955e-06	0.388904132	0.382761503
96.4	4.47156649189166e-06	0.387826744	0.381721664
96.8	4.58926379454323e-06	0.386785705	0.38080204
97.2	4.14691937365236e-06	0.385787074	0.379989679
97.6	3.42516998832318e-06	0.384834954	0.379274056
98.0	2.61986345499784e-06	0.383932668	0.378643433
98.4	1.85525820815978e-06	0.383081194	0.378088906
98.8	1.19974823375967e-06	0.382281507	0.37760157
99.2	6.81317821287590e-07	0.381533217	0.377173735
99.6	3.01115478025479e-07	0.380835348	0.376798923
100.0	4.44112785862111e-08	0.380186531	0.376470255
100.4	-1.11202575203425e-07	0.379584812	0.376182468
100.8	-1.90143070769981e-07	0.379028041	0.375930704
101.2	-2.15285421672229e-07	0.378513677	0.375710513
101.6	-2.06050751910408e-07	0.378039767	0.37551825
102.0	-1.77668641050757e-07	0.377603379	0.375350273
102.4	-1.41211399363178e-07	0.377202363	0.375203343
102.8	-1.04077466769310e-07	0.376834179	0.375075843
103.2	-7.06845417899118e-08	0.376496286	0.374964128
103.6	-4.32085634788236e-08	0.376186925	0.37486658
104.0	-2.22672539138700e-08	0.375903556	0.374781984
104.4	-7.49494886140510e-09	0.375644225	0.374707912
104.8	2.01043524227199e-09	0.375407172	0.374643555
105.2	7.36528958176143e-09	0.375190639	0.374587292
105.6	9.68737707590249e-09	0.374992867	0.374538316
106.0	9.97070328714621e-09	0.374812293	0.374495816
106.4	9.02586712125721e-09	0.374647548	0.374458577
106.8	7.46549015556491e-09	0.374497264	0.374426601
107.2	5.71772723573550e-09	0.374360075	0.374398268
107.6	4.05475290858495e-09	0.374235002	0.374374387
108.0	2.62686296379155e-09	0.374121263	0.374352934
108.4	1.49607134865589e-09	0.374017296	0.374334315
108.8	6.65666898708339e-10	0.373922709	0.374318529
109.2	1.04105031013568e-10	0.373836526	0.374304767
109.6	-2.37087951382392e-10	0.37375816	0.374292624
110.0	-4.10919909265342e-10	0.373686634	0.374281696
110.4	-4.67152746211287e-10	0.373621557	0.374272791
110.8	-4.48097830206790e-10	0.373562538	0.374264695
111.2	-3.86978525290654e-10	0.3735086	0.374257814
111.6	-3.07981888088426e-10	0.373459352	0.374251743
112.0	-2.27296007161376e-10	0.37341499	0.374246886
112.4	-1.54610235224689e-10	0.373374146	0.374242029
112.8	-9.47199177458597e-11	0.373337211	0.374237981
113.2	-4.90136230534207e-11	0.373303793	0.374234743
113.6	-1.67256747579475e-11	0.373273111	0.37423191
114.0	4.08864551956753e-12	0.373245165	0.374229076
114.4	1.58493413058306e-11	0.373219954	0.374227052
114.8	2.09856873235971e-11	0.373196894	0.374225029
115.2	2.16616836390055e-11	0.373175788	0.374223005
115.6	1.96444813043519e-11	0.373157027	0.37422179
116.0	1.62713832839103e-11	0.373139634	0.374220576
116.4	1.24783785223425e-11	0.373123804	0.374219362
116.8	8.86161120499516e-12	0.373109538	0.374218148
117.2	5.75133024795723e-12	0.373096445	0.374217743
117.6	3.28492281643844e-12	0.373084719	0.374216933
118.0	1.47127145453770e-12	0.373073775	0.374216124
118.4	2.42846974943447e-13	0.373064004	0.374215719
118.8	-5.05201956007047e-13	0.373055014	0.374215314
119.2	-8.87947233221106e-13	0.373047002	0.374214909
119.6	-1.01363589406873e-12	0.373039771	0.374214505
120.0	-9.74446385315537e-13	0.373032931	0.3742141
120.4	-8.42853904562633e-13	0.373026873	0.3742141
120.8	-6.71692859886468e-13	0.373021205	0.374213695
121.2	-4.96382279829945e-13	0.37301632	0.37421329
121.6	-3.38172703542236e-13	0.373011629	0.37421329
122.0	-2.07630767145339e-13	0.373007525	0.37421329
122.4	-1.07874979608355e-13	0.373003812	0.37421329
122.8	-3.73048750537730e-14	0.373000295	0.374212886
123.2	8.27131637133735e-15	0.372997168	0.374212886
123.6	3.40991244635206e-14	0.372994236	0.374212886
124.0	4.54579943538724e-14	0.372991696	0.374212886
124.4	4.70589403186369e-14	0.372989351	0.374212886
124.8	4.27543624527191e-14	0.372987397	0.374212481
125.2	3.54634155755634e-14	0.372985247	0.374212481
125.6	2.72322067665230e-14	0.372983488	0.374212481
126.0	1.93664180960967e-14	0.372981925	0.374212481
126.4	1.25916577644012e-14	0.372980557	0.374212481
126.8	7.21221620191702e-15	0.372979189	0.374212481
127.2	3.25119438013338e-15	0.372978016	0.374212481
127.6	5.64083340945036e-16	0.372977039	0.374212481
128.0	-1.07589546807839e-15	0.372975866	0.374212481
128.4	-1.91853423947259e-15	0.372974889	0.374212481
128.8	-2.19929571185487e-15	0.372974108	0.374212076
129.2	-2.11899264048922e-15	0.372973326	0.374212076
129.6	-1.83572264387564e-15	0.37297274	0.374212076
130.0	-1.46489474275749e-15	0.372972153	0.374212076
130.4	-1.08400211378007e-15	0.372971567	0.374212076
130.8	-7.39648617914934e-16	0.372970981	0.374212076
131.2	-4.55115083506726e-16	0.372970394	0.374212076
131.6	-2.37399202333437e-16	0.372970199	0.374212076
132.0	-8.31619594444838e-17	0.372969613	0.374212076
132.4	1.66303782364790e-17	0.372969417	0.374212076
132.8	7.33471741840346e-17	0.372969026	0.374212076
133.2	9.84616276879007e-17	0.372968636	0.374212076
133.6	1.02229318708026e-16	0.372968636	0.374212076
134.0	9.30483104300049e-17	0.372968245	0.374212076
134.4	7.72905809032649e-17	0.372968049	0.374212076
134.8	5.94288720131791e-17	0.372967854	0.374212076
135.2	4.23227887187083e-17	0.372967658	0.374212076
135.6	2.75664827461510e-17	0.372967658	0.374212076
136.0	1.58337358560180e-17	0.372967268	0.374212076
136.4	7.18306111221792e-18	0.372967268	0.374212076
136.8	1.30533773682349e-18	0.372967072	0.374212076
137.2	-2.28987839138986e-18	0.372967072	0.374212076
137.6	-4.14479896705128e-18	0.372966877	0.374212076
138.0	-4.77159551951268e-18	0.372966877	0.374212076
138.4	-4.60773250302098e-18	0.372966681	0.374212076
138.8	-3.99807670253429e-18	0.372966681	0.374212076
139.2	-3.19471589262209e-18	0.372966486	0.374212076
139.6	-2.36719161095618e-18	0.372966486	0.374212076
140.0	-1.61770384810940e-18	0.372966486	0.374212076
140.4	-9.97539455621005e-19	0.372966486	0.374212076
140.8	-5.22388011759785e-19	0.372966486	0.374212076
141.2	-1.85297928754100e-19	0.372966486	0.374212076
141.6	3.31962447642179e-20	0.372966486	0.374212076
142.0	1.57735379139432e-19	0.37296629	0.374212076
142.4	2.13251943536410e-19	0.37296629	0.374212076
142.8	2.22071101117736e-19	0.37296629	0.374212076
143.2	2.02499840992821e-19	0.372966095	0.374212076
143.6	1.68446693792900e-19	0.372966095	0.374212076
144.0	1.29688695421287e-19	0.372966095	0.374212076
144.4	9.24884831936890e-20	0.372966095	0.374212076
144.8	6.03481228920761e-20	0.372966095	0.374212076
145.2	3.47591800774183e-20	0.372966095	0.374212076
145.6	1.58669998393123e-20	0.372966095	0.374212076
146.0	3.01060708974425e-21	0.372966095	0.374212076
146.4	-4.87055985583714e-21	0.372966095	0.374212076
146.8	-8.95339984871335e-21	0.3729659	0.374212076
147.2	-1.03519397858714e-20	0.3729659	0.374212076
147.6	-1.00191596726199e-20	0.3729659	0.374212076
148.0	-8.70731875158006e-21	0.3729659	0.374212076
148.4	-6.96703826784333e-21	0.3729659	0.374212076
148.8	-5.16923347575507e-21	0.3729659	0.374212076
149.2	-3.53801222903495e-21	0.3729659	0.374212076
149.6	-2.18634388448910e-21	0.3729659	0.374212076
150.0	-1.14937924755237e-21	0.3729659	0.374212076
150.4	-4.12678724897820e-22	0.3729659	0.374212076
150.8	6.56937144756943e-23	0.3729659	0.374212076
151.2	3.39138985180194e-22	0.3729659	0.374212076
151.6	4.61836017710446e-22	0.3729659	0.374212076
152.0	4.82382725932139e-22	0.3729659	0.374212076
152.4	4.40685710120229e-22	0.3729659	0.374212076
152.8	3.67103314851828e-22	0.3729659	0.374212076
153.2	2.83006721648545e-22	0.3729659	0.374212076
153.6	2.02110786237229e-22	0.3729659	0.374212076
154.0	1.32108346684190e-22	0.3729659	0.374212076
154.4	7.63005187356657e-23	0.3729659	0.374212076
154.8	3.50429573837868e-23	0.3729659	0.374212076
155.2	6.92293538427738e-24	0.3729659	0.374212076
155.6	-1.03527395369446e-23	0.3729659	0.374212076
156.0	-1.93384705544496e-23	0.3729659	0.374212076
156.4	-2.24573103159735e-23	0.3729659	0.374212076
156.8	-2.17851965624369e-23	0.3729659	0.374212076
157.2	-1.89629979646687e-23	0.3729659	0.374212076
157.6	-1.51933757993141e-23	0.3729659	0.374212076
