<<<<<<< HEAD
<<<<<<< HEAD
TIEMPO	VFSCd	VFSCi	PAMn	PCC	RAP
0.40	48.39	40.83	80.46	21.58	1.45
1.00	49.42	42.97	81.29	9.01	1.67
1.60	48.83	43.29	81.65	5.76	1.75
2.20	49.50	42.83	81.89	4.13	1.80
2.80	50.05	42.87	82.37	6.26	1.76
3.40	52.20	44.53	83.95	11.72	1.62
4.00	54.15	46.24	86.52	13.84	1.55
4.60	54.39	45.93	86.42	-3.80	1.97
5.20	54.62	45.33	84.74	10.29	1.63
5.80	54.57	44.35	85.14	13.43	1.62
6.40	54.92	46.25	85.15	6.06	1.72
7.00	55.74	47.09	85.18	1.86	1.76
7.60	55.58	47.21	84.65	1.78	1.74
8.20	53.84	47.39	82.01	-2.34	1.77
8.80	53.69	46.57	80.33	6.84	1.57
9.40	54.35	47.25	79.80	12.17	1.43
10.00	55.64	48.55	79.87	9.86	1.45
10.60	56.73	49.29	79.85	5.74	1.50
11.20	55.88	48.45	78.56	4.50	1.52
11.80	55.49	47.38	77.05	2.76	1.56
12.40	54.85	47.24	76.34	5.30	1.49
13.00	54.57	47.97	76.91	10.21	1.38
13.60	55.76	48.76	78.56	-1.00	1.63
14.20	55.45	48.09	79.36	4.52	1.54
14.80	56.05	47.28	79.69	8.36	1.50
15.40	55.16	47.59	79.30	8.17	1.50
16.00	53.89	46.62	79.52	8.83	1.50
16.60	53.28	45.42	80.53	10.44	1.54
17.20	53.19	45.06	80.84	2.76	1.71
17.80	52.28	44.13	80.00	8.93	1.58
18.40	51.19	42.76	79.06	12.16	1.54
19.00	50.70	42.91	78.93	10.65	1.59
19.60	50.75	43.45	79.57	6.45	1.68
20.20	51.31	42.97	78.85	6.83	1.67
20.80	51.16	42.75	78.19	6.34	1.68
21.40	51.16	43.37	78.42	9.06	1.60
22.00	51.62	44.69	79.35	13.04	1.48
22.60	52.25	45.83	80.05	9.15	1.53
23.20	52.07	45.15	80.27	5.42	1.65
23.80	52.18	45.39	79.88	7.92	1.56
24.40	52.47	45.91	79.77	9.01	1.53
25.00	52.45	45.83	80.34	8.15	1.57
25.60	52.55	45.30	81.24	6.78	1.63
26.20	52.68	44.73	81.76	2.45	1.75
26.80	50.99	44.26	79.15	-6.47	1.93
27.40	50.38	43.31	77.57	2.47	1.72
28.00	50.85	43.86	76.95	9.05	1.55
28.60	51.91	45.68	76.81	-3.54	1.77
29.20	52.57	45.79	77.31	2.55	1.61
29.80	52.19	45.43	76.48	4.56	1.57
30.40	52.18	45.83	76.05	1.39	1.63
31.00	53.05	46.98	77.02	-4.54	1.74
31.60	54.77	48.26	78.76	-7.29	1.76
32.20	54.72	47.95	78.46	5.71	1.49
32.80	53.63	47.39	78.12	9.07	1.43
33.40	54.52	47.44	79.40	10.20	1.45
34.00	54.80	46.70	80.51	11.36	1.47
34.60	53.52	45.18	80.31	11.00	1.51
35.20	51.46	43.57	78.63	8.94	1.58
35.80	50.42	43.42	78.18	7.58	1.61
36.40	51.45	43.72	78.12	5.27	1.66
37.00	52.91	44.60	78.42	3.69	1.68
37.60	53.59	45.92	79.58	7.61	1.53
38.20	53.88	45.96	80.37	8.12	1.56
38.80	53.21	45.79	79.83	5.17	1.62
39.40	52.26	45.34	78.78	4.92	1.58
40.00	51.93	44.84	77.98	7.57	1.54
40.60	52.37	44.58	78.33	8.04	1.89
41.20	52.08	44.81	78.86	3.78	1.74
41.80	51.38	44.04	78.65	-2.42	1.82
42.40	49.94	43.28	77.74	-2.55	1.85
43.00	49.13	42.54	76.58	2.99	1.72
43.60	49.64	42.02	75.70	9.50	1.56
44.20	50.74	43.20	75.89	7.94	1.56
44.80	51.24	43.90	76.17	7.64	1.54
45.40	51.77	45.06	76.86	4.46	1.59
46.00	51.84	45.11	77.09	4.00	1.60
46.60	51.42	44.27	76.18	11.38	1.45
47.20	51.20	44.74	75.74	8.47	1.49
47.80	51.91	44.94	75.53	1.07	1.66
48.40	53.68	45.55	76.47	5.56	1.56
49.00	55.24	46.40	77.98	8.81	1.48
49.60	55.79	47.05	79.23	3.74	1.59
50.20	55.12	47.00	79.30	11.20	1.42
50.80	53.51	45.66	77.71	6.98	1.55
51.40	53.09	44.68	76.61	-2.75	1.78
52.00	53.05	45.25	76.30	-1.44	1.73
52.60	54.47	46.15	76.89	4.74	1.55
53.20	56.06	46.50	77.95	1.67	1.62
53.80	55.71	46.26	77.52	1.03	1.63
54.40	55.18	46.23	76.75	6.81	1.49
55.00	53.83	45.24	76.25	9.27	1.46
55.60	54.45	45.43	76.88	5.04	1.57
56.20	54.55	45.29	77.29	4.95	1.59
56.80	54.06	45.13	76.77	8.84	1.49
57.40	53.77	45.60	75.93	3.67	1.59
58.00	54.72	46.50	75.36	4.14	1.42
58.60	56.52	51.15	77.24	4.87	1.93
59.20	58.41	50.74	78.41	3.93	1.81
59.80	58.04	49.12	78.10	2.35	1.51
60.40	56.89	48.27	77.10	1.02	1.55
61.00	56.49	48.00	76.51	0.45	1.58
61.60	56.58	48.46	76.87	-3.20	1.63
62.20	57.66	49.57	77.90	2.12	1.51
62.80	56.05	48.26	77.31	7.56	1.42
63.40	55.08	47.97	76.57	10.52	1.36
64.00	55.78	49.66	77.21	12.32	1.30
64.60	56.19	51.34	77.91	12.62	1.27
65.20	60.15	53.73	84.61	-4.60	1.64
65.80	54.52	49.19	79.46	3.76	1.51
66.40	53.08	47.87	77.05	5.60	1.48
67.00	56.11	50.46	80.51	4.53	1.51
67.60	56.23	50.96	83.37	10.92	1.42
68.20	53.97	49.40	82.27	15.11	1.36
68.80	53.90	48.94	82.73	4.72	1.57
69.40	52.28	47.55	83.53	4.31	1.64
70.00	50.06	44.48	81.38	2.67	1.74
70.60	48.07	42.36	79.39	6.61	1.70
71.20	47.07	41.63	77.95	12.83	1.55
71.80	47.16	41.96	76.31	17.11	1.39
72.40	47.72	42.53	76.56	4.61	1.68
73.00	48.44	42.60	76.67	9.86	1.55
73.60	47.74	42.61	76.53	14.67	1.43
74.20	46.95	42.76	76.52	11.19	1.51
74.80	47.05	43.03	77.33	9.45	1.55
75.40	46.97	42.22	77.79	13.86	1.49
76.00	47.37	42.45	78.63	10.36	1.59
76.60	47.21	42.39	79.39	5.23	1.72
77.20	46.98	42.02	79.65	4.67	1.75
77.80	47.11	41.59	79.17	12.09	1.59
78.40	47.22	41.01	78.86	13.16	1.58
79.00	46.99	41.17	78.44	14.83	1.53
79.60	47.59	42.23	78.34	17.03	1.45
80.20	49.17	43.61	79.78	13.13	1.51
80.80	49.91	43.39	80.71	11.32	1.58
81.40	50.58	43.23	81.10	8.88	1.65
82.00	50.78	44.15	81.48	4.65	1.74
82.60	50.56	45.25	81.99	2.39	1.76
83.20	50.24	44.81	81.81	19.86	1.39
83.80	50.72	45.47	82.45	11.11	1.56
84.40	51.43	45.30	82.18	10.08	1.58
85.00	51.73	44.76	81.66	12.91	1.53
85.60	51.40	44.17	81.60	12.39	1.56
86.20	51.61	45.08	81.80	4.50	1.71
86.80	53.03	45.69	82.54	1.63	1.77
87.40	54.22	46.53	83.54	5.53	1.69
88.00	54.43	47.58	84.35	11.24	1.52
88.60	54.12	47.34	83.48	11.19	1.53
89.20	54.27	47.10	83.64	8.64	1.58
89.80	55.41	47.60	84.06	3.53	1.68
90.40	57.04	49.32	84.85	-0.89	1.75
91.00	58.85	51.53	87.50	0.88	1.68
91.60	60.73	52.60	90.11	-5.83	1.82
92.20	60.57	52.72	91.83	-8.11	1.98
92.80	59.04	50.98	90.90	3.72	1.71
93.40	57.96	48.98	91.26	16.43	1.49
94.00	56.49	47.16	91.28	13.83	1.61
94.60	55.32	46.28	89.70	-3.76	2.01
95.20	55.34	47.22	85.95	-1.30	1.87
95.80	55.58	47.55	84.27	-1.85	1.79
96.40	55.38	46.79	82.95	3.29	1.63
97.00	54.62	47.49	82.49	7.91	1.72
97.60	54.38	48.02	82.64	5.66	1.88
98.20	53.74	47.65	82.22	-0.37	1.71
98.80	52.29	47.05	81.49	4.11	1.63
99.40	51.73	46.01	80.75	6.07	1.60
100.00	51.74	45.69	79.77	4.44	1.63
100.60	51.86	47.25	79.49	2.95	1.62
101.20	51.84	46.43	79.18	4.43	1.60
101.80	52.47	46.50	79.30	2.50	1.68
102.40	53.40	48.14	80.38	-4.11	1.78
103.00	53.70	49.02	80.37	11.22	1.40
103.60	53.40	49.04	80.15	9.20	1.42
104.20	54.02	49.18	80.25	3.25	1.54
104.80	55.77	49.65	81.00	5.82	1.52
105.40	56.52	50.14	82.12	3.87	1.55
106.00	56.59	49.81	82.74	2.69	1.57
106.60	56.61	49.14	82.40	9.91	1.47
107.20	57.09	49.90	82.09	-2.75	1.70
107.80	57.34	51.54	83.12	1.21	1.58
108.40	57.37	51.35	84.45	-4.18	1.69
109.00	57.70	51.19	85.13	-2.28	1.69
109.60	56.87	50.59	84.71	4.40	1.58
110.20	55.26	49.63	83.26	6.92	1.51
110.80	54.90	49.09	82.59	8.90	1.47
111.40	55.11	50.20	82.76	3.96	1.57
112.00	55.85	49.73	83.22	7.40	1.52
112.60	55.61	49.09	83.36	7.98	1.52
113.20	54.18	48.69	82.97	-0.39	1.69
113.80	51.83	47.76	81.98	11.08	1.45
114.40	51.86	46.21	80.83	7.66	1.56
115.00	50.89	45.08	80.46	8.82	1.56
115.60	51.71	46.16	81.45	14.05	1.46
116.20	53.47	46.99	83.37	11.66	1.51
116.80	53.28	46.33	84.39	7.97	1.63
117.40	51.97	46.58	83.74	0.52	1.79
118.00	50.23	45.18	83.39	11.20	1.58
118.60	48.69	43.68	82.60	17.56	1.48
119.20	47.63	42.61	81.54	13.63	1.59
119.80	47.61	42.52	80.89	2.96	1.84
120.40	49.82	44.31	82.38	9.88	1.65
121.00	51.05	45.69	83.25	7.05	1.68
121.60	52.37	44.97	84.49	15.35	1.51
122.20	50.34	43.13	84.25	22.32	1.42
122.80	47.60	41.09	82.80	23.58	1.41
123.40	46.02	39.21	81.86	23.71	1.30
124.00	44.77	39.14	81.40	23.67	1.40
124.60	44.95	39.30	81.05	20.59	1.55
125.20	45.81	39.50	80.79	14.71	1.68
125.80	46.58	39.74	81.10	10.90	1.78
126.40	47.95	40.97	81.43	-0.29	2.00
127.00	48.60	41.28	81.29	12.33	1.67
127.60	49.54	41.53	82.08	22.16	1.44
128.20	50.64	42.26	84.01	20.30	1.52
128.80	50.92	42.86	85.72	18.10	1.58
129.40	49.52	42.35	85.18	7.34	1.85
130.00	47.35	41.07	83.84	17.71	1.60
130.60	46.25	40.28	82.56	17.32	1.60
131.20	46.17	39.98	81.60	13.52	1.68
131.80	46.87	39.93	81.08	16.81	1.61
132.40	48.50	41.50	80.44	19.61	1.49
133.00	50.38	42.25	80.92	16.70	1.53
133.60	51.91	43.70	81.99	14.60	1.55
134.20	52.67	45.14	82.85	18.02	1.45
134.80	52.46	44.10	83.05	23.43	1.34
135.40	51.71	43.58	82.85	13.77	1.59
136.00	51.09	42.71	82.24	15.81	1.54
136.60	51.09	42.87	81.98	22.42	1.38
137.20	51.89	43.83	82.61	21.76	1.39
137.80	53.17	45.01	84.22	12.30	1.58
138.40	54.05	45.95	85.47	19.69	1.43
139.00	53.36	45.95	85.71	22.75	1.36
139.60	53.09	44.17	84.88	23.79	1.39
140.20	52.15	43.99	84.22	17.53	1.54
140.80	51.85	44.87	84.02	11.76	1.62
141.40	53.10	45.88	83.89	21.17	1.38
142.00	54.78	45.71	84.64	16.42	1.50
142.60	55.38	47.08	85.22	1.36	1.79
143.20	55.43	47.05	85.11	4.64	1.71
143.80	54.98	46.17	84.64	15.15	1.50
144.40	54.15	45.31	84.08	18.88	1.42
145.00	53.38	45.12	83.68	19.19	1.29
145.60	53.96	44.79	84.17	19.64	1.41
146.20	52.90	44.37	84.09	22.77	1.39
146.80	52.18	44.40	83.92	17.00	1.51
147.40	51.18	44.42	83.73	8.53	1.69
148.00	49.86	44.10	83.38	5.13	1.77
148.60	49.18	43.30	83.07	10.42	1.67
149.20	49.18	43.04	82.68	16.98	1.56
149.80	49.26	43.18	83.56	19.77	1.30
150.40	50.57	44.50	84.98	15.40	1.47
151.00	51.74	44.77	85.89	17.14	1.54
151.60	51.57	43.98	86.00	22.46	1.43
152.20	50.08	42.96	85.38	17.52	1.59
152.80	48.55	42.49	84.62	22.00	1.48
153.40	49.71	42.26	84.35	9.60	1.77
154.00	50.63	43.22	84.54	11.46	1.71
154.60	51.30	43.99	85.16	17.77	1.54
155.20	51.97	44.40	86.03	14.26	1.60
155.80	52.08	45.28	86.26	10.59	1.67
156.40	50.85	44.65	85.76	9.35	1.71
157.00	51.23	44.38	85.08	14.15	1.59
157.60	50.70	44.39	84.06	13.57	1.58
158.20	50.25	44.18	83.11	9.32	1.66
158.80	51.23	44.60	83.45	12.84	1.60
159.40	53.73	47.63	86.80	-4.19	1.91
160.00	56.37	49.40	88.98	2.67	1.75
160.60	55.96	48.74	90.20	7.85	1.69
161.20	53.50	46.84	89.28	17.75	1.53
161.80	51.63	44.82	87.87	19.73	1.52
162.40	50.56	43.69	86.89	15.39	1.64
163.00	50.17	43.75	86.62	6.01	1.85
163.60	50.33	43.53	86.30	10.01	1.75
164.20	51.76	44.33	86.90	12.63	1.70
164.80	52.33	44.54	88.09	13.46	1.68
165.40	52.63	44.60	88.68	17.17	1.59
166.00	52.37	44.18	88.50	21.25	1.51
166.60	51.47	43.55	88.54	16.72	1.65
167.20	50.84	43.87	90.00	12.62	1.76
167.80	50.25	43.44	90.81	19.51	1.67
168.40	49.72	42.39	90.42	21.03	1.51
169.00	48.47	41.50	89.96	20.60	1.58
169.60	47.54	40.93	89.32	17.36	1.75
170.20	47.55	40.71	88.38	11.02	1.91
170.80	48.11	41.75	87.09	2.71	2.03
171.40	48.67	41.03	86.53	10.38	1.83
172.00	50.21	41.99	86.89	12.86	1.76
172.60	51.00	43.26	87.56	11.88	1.76
173.20	50.49	43.43	87.65	21.98	1.51
173.80	50.00	42.65	87.19	11.56	1.79
174.40	48.83	41.18	85.98	-0.14	2.08
175.00	47.65	40.47	85.33	7.22	1.92
175.60	49.08	41.08	86.05	19.47	1.64
176.20	49.73	41.98	87.78	17.86	1.66
176.80	49.39	41.80	88.57	13.93	1.77
177.40	48.58	41.17	87.85	15.15	1.77
178.00	47.32	40.73	86.91	14.26	1.78
=======
TIEMPO	VFSCd	VFSCi	PAMn	PCC	RAP
0.40	48.39	40.83	80.46	21.58	1.45
1.00	49.42	42.97	81.29	9.01	1.67
1.60	48.83	43.29	81.65	5.76	1.75
2.20	49.50	42.83	81.89	4.13	1.80
2.80	50.05	42.87	82.37	6.26	1.76
3.40	52.20	44.53	83.95	11.72	1.62
4.00	54.15	46.24	86.52	13.84	1.55
4.60	54.39	45.93	86.42	-3.80	1.97
5.20	54.62	45.33	84.74	10.29	1.63
5.80	54.57	44.35	85.14	13.43	1.62
6.40	54.92	46.25	85.15	6.06	1.72
7.00	55.74	47.09	85.18	1.86	1.76
7.60	55.58	47.21	84.65	1.78	1.74
8.20	53.84	47.39	82.01	-2.34	1.77
8.80	53.69	46.57	80.33	6.84	1.57
9.40	54.35	47.25	79.80	12.17	1.43
10.00	55.64	48.55	79.87	9.86	1.45
10.60	56.73	49.29	79.85	5.74	1.50
11.20	55.88	48.45	78.56	4.50	1.52
11.80	55.49	47.38	77.05	2.76	1.56
12.40	54.85	47.24	76.34	5.30	1.49
13.00	54.57	47.97	76.91	10.21	1.38
13.60	55.76	48.76	78.56	-1.00	1.63
14.20	55.45	48.09	79.36	4.52	1.54
14.80	56.05	47.28	79.69	8.36	1.50
15.40	55.16	47.59	79.30	8.17	1.50
16.00	53.89	46.62	79.52	8.83	1.50
16.60	53.28	45.42	80.53	10.44	1.54
17.20	53.19	45.06	80.84	2.76	1.71
17.80	52.28	44.13	80.00	8.93	1.58
18.40	51.19	42.76	79.06	12.16	1.54
19.00	50.70	42.91	78.93	10.65	1.59
19.60	50.75	43.45	79.57	6.45	1.68
20.20	51.31	42.97	78.85	6.83	1.67
20.80	51.16	42.75	78.19	6.34	1.68
21.40	51.16	43.37	78.42	9.06	1.60
22.00	51.62	44.69	79.35	13.04	1.48
22.60	52.25	45.83	80.05	9.15	1.53
23.20	52.07	45.15	80.27	5.42	1.65
23.80	52.18	45.39	79.88	7.92	1.56
24.40	52.47	45.91	79.77	9.01	1.53
25.00	52.45	45.83	80.34	8.15	1.57
25.60	52.55	45.30	81.24	6.78	1.63
26.20	52.68	44.73	81.76	2.45	1.75
26.80	50.99	44.26	79.15	-6.47	1.93
27.40	50.38	43.31	77.57	2.47	1.72
28.00	50.85	43.86	76.95	9.05	1.55
28.60	51.91	45.68	76.81	-3.54	1.77
29.20	52.57	45.79	77.31	2.55	1.61
29.80	52.19	45.43	76.48	4.56	1.57
30.40	52.18	45.83	76.05	1.39	1.63
31.00	53.05	46.98	77.02	-4.54	1.74
31.60	54.77	48.26	78.76	-7.29	1.76
32.20	54.72	47.95	78.46	5.71	1.49
32.80	53.63	47.39	78.12	9.07	1.43
33.40	54.52	47.44	79.40	10.20	1.45
34.00	54.80	46.70	80.51	11.36	1.47
34.60	53.52	45.18	80.31	11.00	1.51
35.20	51.46	43.57	78.63	8.94	1.58
35.80	50.42	43.42	78.18	7.58	1.61
36.40	51.45	43.72	78.12	5.27	1.66
37.00	52.91	44.60	78.42	3.69	1.68
37.60	53.59	45.92	79.58	7.61	1.53
38.20	53.88	45.96	80.37	8.12	1.56
38.80	53.21	45.79	79.83	5.17	1.62
39.40	52.26	45.34	78.78	4.92	1.58
40.00	51.93	44.84	77.98	7.57	1.54
40.60	52.37	44.58	78.33	8.04	1.89
41.20	52.08	44.81	78.86	3.78	1.74
41.80	51.38	44.04	78.65	-2.42	1.82
42.40	49.94	43.28	77.74	-2.55	1.85
43.00	49.13	42.54	76.58	2.99	1.72
43.60	49.64	42.02	75.70	9.50	1.56
44.20	50.74	43.20	75.89	7.94	1.56
44.80	51.24	43.90	76.17	7.64	1.54
45.40	51.77	45.06	76.86	4.46	1.59
46.00	51.84	45.11	77.09	4.00	1.60
46.60	51.42	44.27	76.18	11.38	1.45
47.20	51.20	44.74	75.74	8.47	1.49
47.80	51.91	44.94	75.53	1.07	1.66
48.40	53.68	45.55	76.47	5.56	1.56
49.00	55.24	46.40	77.98	8.81	1.48
49.60	55.79	47.05	79.23	3.74	1.59
50.20	55.12	47.00	79.30	11.20	1.42
50.80	53.51	45.66	77.71	6.98	1.55
51.40	53.09	44.68	76.61	-2.75	1.78
52.00	53.05	45.25	76.30	-1.44	1.73
52.60	54.47	46.15	76.89	4.74	1.55
53.20	56.06	46.50	77.95	1.67	1.62
53.80	55.71	46.26	77.52	1.03	1.63
54.40	55.18	46.23	76.75	6.81	1.49
55.00	53.83	45.24	76.25	9.27	1.46
55.60	54.45	45.43	76.88	5.04	1.57
56.20	54.55	45.29	77.29	4.95	1.59
56.80	54.06	45.13	76.77	8.84	1.49
57.40	53.77	45.60	75.93	3.67	1.59
58.00	54.72	46.50	75.36	4.14	1.42
58.60	56.52	51.15	77.24	4.87	1.93
59.20	58.41	50.74	78.41	3.93	1.81
59.80	58.04	49.12	78.10	2.35	1.51
60.40	56.89	48.27	77.10	1.02	1.55
61.00	56.49	48.00	76.51	0.45	1.58
61.60	56.58	48.46	76.87	-3.20	1.63
62.20	57.66	49.57	77.90	2.12	1.51
62.80	56.05	48.26	77.31	7.56	1.42
63.40	55.08	47.97	76.57	10.52	1.36
64.00	55.78	49.66	77.21	12.32	1.30
64.60	56.19	51.34	77.91	12.62	1.27
65.20	60.15	53.73	84.61	-4.60	1.64
65.80	54.52	49.19	79.46	3.76	1.51
66.40	53.08	47.87	77.05	5.60	1.48
67.00	56.11	50.46	80.51	4.53	1.51
67.60	56.23	50.96	83.37	10.92	1.42
68.20	53.97	49.40	82.27	15.11	1.36
68.80	53.90	48.94	82.73	4.72	1.57
69.40	52.28	47.55	83.53	4.31	1.64
70.00	50.06	44.48	81.38	2.67	1.74
70.60	48.07	42.36	79.39	6.61	1.70
71.20	47.07	41.63	77.95	12.83	1.55
71.80	47.16	41.96	76.31	17.11	1.39
72.40	47.72	42.53	76.56	4.61	1.68
73.00	48.44	42.60	76.67	9.86	1.55
73.60	47.74	42.61	76.53	14.67	1.43
74.20	46.95	42.76	76.52	11.19	1.51
74.80	47.05	43.03	77.33	9.45	1.55
75.40	46.97	42.22	77.79	13.86	1.49
76.00	47.37	42.45	78.63	10.36	1.59
76.60	47.21	42.39	79.39	5.23	1.72
77.20	46.98	42.02	79.65	4.67	1.75
77.80	47.11	41.59	79.17	12.09	1.59
78.40	47.22	41.01	78.86	13.16	1.58
79.00	46.99	41.17	78.44	14.83	1.53
79.60	47.59	42.23	78.34	17.03	1.45
80.20	49.17	43.61	79.78	13.13	1.51
80.80	49.91	43.39	80.71	11.32	1.58
81.40	50.58	43.23	81.10	8.88	1.65
82.00	50.78	44.15	81.48	4.65	1.74
82.60	50.56	45.25	81.99	2.39	1.76
83.20	50.24	44.81	81.81	19.86	1.39
83.80	50.72	45.47	82.45	11.11	1.56
84.40	51.43	45.30	82.18	10.08	1.58
85.00	51.73	44.76	81.66	12.91	1.53
85.60	51.40	44.17	81.60	12.39	1.56
86.20	51.61	45.08	81.80	4.50	1.71
86.80	53.03	45.69	82.54	1.63	1.77
87.40	54.22	46.53	83.54	5.53	1.69
88.00	54.43	47.58	84.35	11.24	1.52
88.60	54.12	47.34	83.48	11.19	1.53
89.20	54.27	47.10	83.64	8.64	1.58
89.80	55.41	47.60	84.06	3.53	1.68
90.40	57.04	49.32	84.85	-0.89	1.75
91.00	58.85	51.53	87.50	0.88	1.68
91.60	60.73	52.60	90.11	-5.83	1.82
92.20	60.57	52.72	91.83	-8.11	1.98
92.80	59.04	50.98	90.90	3.72	1.71
93.40	57.96	48.98	91.26	16.43	1.49
94.00	56.49	47.16	91.28	13.83	1.61
94.60	55.32	46.28	89.70	-3.76	2.01
95.20	55.34	47.22	85.95	-1.30	1.87
95.80	55.58	47.55	84.27	-1.85	1.79
96.40	55.38	46.79	82.95	3.29	1.63
97.00	54.62	47.49	82.49	7.91	1.72
97.60	54.38	48.02	82.64	5.66	1.88
98.20	53.74	47.65	82.22	-0.37	1.71
98.80	52.29	47.05	81.49	4.11	1.63
99.40	51.73	46.01	80.75	6.07	1.60
100.00	51.74	45.69	79.77	4.44	1.63
100.60	51.86	47.25	79.49	2.95	1.62
101.20	51.84	46.43	79.18	4.43	1.60
101.80	52.47	46.50	79.30	2.50	1.68
102.40	53.40	48.14	80.38	-4.11	1.78
103.00	53.70	49.02	80.37	11.22	1.40
103.60	53.40	49.04	80.15	9.20	1.42
104.20	54.02	49.18	80.25	3.25	1.54
104.80	55.77	49.65	81.00	5.82	1.52
105.40	56.52	50.14	82.12	3.87	1.55
106.00	56.59	49.81	82.74	2.69	1.57
106.60	56.61	49.14	82.40	9.91	1.47
107.20	57.09	49.90	82.09	-2.75	1.70
107.80	57.34	51.54	83.12	1.21	1.58
108.40	57.37	51.35	84.45	-4.18	1.69
109.00	57.70	51.19	85.13	-2.28	1.69
109.60	56.87	50.59	84.71	4.40	1.58
110.20	55.26	49.63	83.26	6.92	1.51
110.80	54.90	49.09	82.59	8.90	1.47
111.40	55.11	50.20	82.76	3.96	1.57
112.00	55.85	49.73	83.22	7.40	1.52
112.60	55.61	49.09	83.36	7.98	1.52
113.20	54.18	48.69	82.97	-0.39	1.69
113.80	51.83	47.76	81.98	11.08	1.45
114.40	51.86	46.21	80.83	7.66	1.56
115.00	50.89	45.08	80.46	8.82	1.56
115.60	51.71	46.16	81.45	14.05	1.46
116.20	53.47	46.99	83.37	11.66	1.51
116.80	53.28	46.33	84.39	7.97	1.63
117.40	51.97	46.58	83.74	0.52	1.79
118.00	50.23	45.18	83.39	11.20	1.58
118.60	48.69	43.68	82.60	17.56	1.48
119.20	47.63	42.61	81.54	13.63	1.59
119.80	47.61	42.52	80.89	2.96	1.84
120.40	49.82	44.31	82.38	9.88	1.65
121.00	51.05	45.69	83.25	7.05	1.68
121.60	52.37	44.97	84.49	15.35	1.51
122.20	50.34	43.13	84.25	22.32	1.42
122.80	47.60	41.09	82.80	23.58	1.41
123.40	46.02	39.21	81.86	23.71	1.30
124.00	44.77	39.14	81.40	23.67	1.40
124.60	44.95	39.30	81.05	20.59	1.55
125.20	45.81	39.50	80.79	14.71	1.68
125.80	46.58	39.74	81.10	10.90	1.78
126.40	47.95	40.97	81.43	-0.29	2.00
127.00	48.60	41.28	81.29	12.33	1.67
127.60	49.54	41.53	82.08	22.16	1.44
128.20	50.64	42.26	84.01	20.30	1.52
128.80	50.92	42.86	85.72	18.10	1.58
129.40	49.52	42.35	85.18	7.34	1.85
130.00	47.35	41.07	83.84	17.71	1.60
130.60	46.25	40.28	82.56	17.32	1.60
131.20	46.17	39.98	81.60	13.52	1.68
131.80	46.87	39.93	81.08	16.81	1.61
132.40	48.50	41.50	80.44	19.61	1.49
133.00	50.38	42.25	80.92	16.70	1.53
133.60	51.91	43.70	81.99	14.60	1.55
134.20	52.67	45.14	82.85	18.02	1.45
134.80	52.46	44.10	83.05	23.43	1.34
135.40	51.71	43.58	82.85	13.77	1.59
136.00	51.09	42.71	82.24	15.81	1.54
136.60	51.09	42.87	81.98	22.42	1.38
137.20	51.89	43.83	82.61	21.76	1.39
137.80	53.17	45.01	84.22	12.30	1.58
138.40	54.05	45.95	85.47	19.69	1.43
139.00	53.36	45.95	85.71	22.75	1.36
139.60	53.09	44.17	84.88	23.79	1.39
140.20	52.15	43.99	84.22	17.53	1.54
140.80	51.85	44.87	84.02	11.76	1.62
141.40	53.10	45.88	83.89	21.17	1.38
142.00	54.78	45.71	84.64	16.42	1.50
142.60	55.38	47.08	85.22	1.36	1.79
143.20	55.43	47.05	85.11	4.64	1.71
143.80	54.98	46.17	84.64	15.15	1.50
144.40	54.15	45.31	84.08	18.88	1.42
145.00	53.38	45.12	83.68	19.19	1.29
145.60	53.96	44.79	84.17	19.64	1.41
146.20	52.90	44.37	84.09	22.77	1.39
146.80	52.18	44.40	83.92	17.00	1.51
147.40	51.18	44.42	83.73	8.53	1.69
148.00	49.86	44.10	83.38	5.13	1.77
148.60	49.18	43.30	83.07	10.42	1.67
149.20	49.18	43.04	82.68	16.98	1.56
149.80	49.26	43.18	83.56	19.77	1.30
150.40	50.57	44.50	84.98	15.40	1.47
151.00	51.74	44.77	85.89	17.14	1.54
151.60	51.57	43.98	86.00	22.46	1.43
152.20	50.08	42.96	85.38	17.52	1.59
152.80	48.55	42.49	84.62	22.00	1.48
153.40	49.71	42.26	84.35	9.60	1.77
154.00	50.63	43.22	84.54	11.46	1.71
154.60	51.30	43.99	85.16	17.77	1.54
155.20	51.97	44.40	86.03	14.26	1.60
155.80	52.08	45.28	86.26	10.59	1.67
156.40	50.85	44.65	85.76	9.35	1.71
157.00	51.23	44.38	85.08	14.15	1.59
157.60	50.70	44.39	84.06	13.57	1.58
158.20	50.25	44.18	83.11	9.32	1.66
158.80	51.23	44.60	83.45	12.84	1.60
159.40	53.73	47.63	86.80	-4.19	1.91
160.00	56.37	49.40	88.98	2.67	1.75
160.60	55.96	48.74	90.20	7.85	1.69
161.20	53.50	46.84	89.28	17.75	1.53
161.80	51.63	44.82	87.87	19.73	1.52
162.40	50.56	43.69	86.89	15.39	1.64
163.00	50.17	43.75	86.62	6.01	1.85
163.60	50.33	43.53	86.30	10.01	1.75
164.20	51.76	44.33	86.90	12.63	1.70
164.80	52.33	44.54	88.09	13.46	1.68
165.40	52.63	44.60	88.68	17.17	1.59
166.00	52.37	44.18	88.50	21.25	1.51
166.60	51.47	43.55	88.54	16.72	1.65
167.20	50.84	43.87	90.00	12.62	1.76
167.80	50.25	43.44	90.81	19.51	1.67
168.40	49.72	42.39	90.42	21.03	1.51
169.00	48.47	41.50	89.96	20.60	1.58
169.60	47.54	40.93	89.32	17.36	1.75
170.20	47.55	40.71	88.38	11.02	1.91
170.80	48.11	41.75	87.09	2.71	2.03
171.40	48.67	41.03	86.53	10.38	1.83
172.00	50.21	41.99	86.89	12.86	1.76
172.60	51.00	43.26	87.56	11.88	1.76
173.20	50.49	43.43	87.65	21.98	1.51
173.80	50.00	42.65	87.19	11.56	1.79
174.40	48.83	41.18	85.98	-0.14	2.08
175.00	47.65	40.47	85.33	7.22	1.92
175.60	49.08	41.08	86.05	19.47	1.64
176.20	49.73	41.98	87.78	17.86	1.66
176.80	49.39	41.80	88.57	13.93	1.77
177.40	48.58	41.17	87.85	15.15	1.77
178.00	47.32	40.73	86.91	14.26	1.78
>>>>>>> 4966aae922150d281e7f47d431009d8054258bc0
=======
TIEMPO	VFSCd	VFSCi	PAMn	PCC	RAP
0.40	48.39	40.83	80.46	21.58	1.45
1.00	49.42	42.97	81.29	9.01	1.67
1.60	48.83	43.29	81.65	5.76	1.75
2.20	49.50	42.83	81.89	4.13	1.80
2.80	50.05	42.87	82.37	6.26	1.76
3.40	52.20	44.53	83.95	11.72	1.62
4.00	54.15	46.24	86.52	13.84	1.55
4.60	54.39	45.93	86.42	-3.80	1.97
5.20	54.62	45.33	84.74	10.29	1.63
5.80	54.57	44.35	85.14	13.43	1.62
6.40	54.92	46.25	85.15	6.06	1.72
7.00	55.74	47.09	85.18	1.86	1.76
7.60	55.58	47.21	84.65	1.78	1.74
8.20	53.84	47.39	82.01	-2.34	1.77
8.80	53.69	46.57	80.33	6.84	1.57
9.40	54.35	47.25	79.80	12.17	1.43
10.00	55.64	48.55	79.87	9.86	1.45
10.60	56.73	49.29	79.85	5.74	1.50
11.20	55.88	48.45	78.56	4.50	1.52
11.80	55.49	47.38	77.05	2.76	1.56
12.40	54.85	47.24	76.34	5.30	1.49
13.00	54.57	47.97	76.91	10.21	1.38
13.60	55.76	48.76	78.56	-1.00	1.63
14.20	55.45	48.09	79.36	4.52	1.54
14.80	56.05	47.28	79.69	8.36	1.50
15.40	55.16	47.59	79.30	8.17	1.50
16.00	53.89	46.62	79.52	8.83	1.50
16.60	53.28	45.42	80.53	10.44	1.54
17.20	53.19	45.06	80.84	2.76	1.71
17.80	52.28	44.13	80.00	8.93	1.58
18.40	51.19	42.76	79.06	12.16	1.54
19.00	50.70	42.91	78.93	10.65	1.59
19.60	50.75	43.45	79.57	6.45	1.68
20.20	51.31	42.97	78.85	6.83	1.67
20.80	51.16	42.75	78.19	6.34	1.68
21.40	51.16	43.37	78.42	9.06	1.60
22.00	51.62	44.69	79.35	13.04	1.48
22.60	52.25	45.83	80.05	9.15	1.53
23.20	52.07	45.15	80.27	5.42	1.65
23.80	52.18	45.39	79.88	7.92	1.56
24.40	52.47	45.91	79.77	9.01	1.53
25.00	52.45	45.83	80.34	8.15	1.57
25.60	52.55	45.30	81.24	6.78	1.63
26.20	52.68	44.73	81.76	2.45	1.75
26.80	50.99	44.26	79.15	-6.47	1.93
27.40	50.38	43.31	77.57	2.47	1.72
28.00	50.85	43.86	76.95	9.05	1.55
28.60	51.91	45.68	76.81	-3.54	1.77
29.20	52.57	45.79	77.31	2.55	1.61
29.80	52.19	45.43	76.48	4.56	1.57
30.40	52.18	45.83	76.05	1.39	1.63
31.00	53.05	46.98	77.02	-4.54	1.74
31.60	54.77	48.26	78.76	-7.29	1.76
32.20	54.72	47.95	78.46	5.71	1.49
32.80	53.63	47.39	78.12	9.07	1.43
33.40	54.52	47.44	79.40	10.20	1.45
34.00	54.80	46.70	80.51	11.36	1.47
34.60	53.52	45.18	80.31	11.00	1.51
35.20	51.46	43.57	78.63	8.94	1.58
35.80	50.42	43.42	78.18	7.58	1.61
36.40	51.45	43.72	78.12	5.27	1.66
37.00	52.91	44.60	78.42	3.69	1.68
37.60	53.59	45.92	79.58	7.61	1.53
38.20	53.88	45.96	80.37	8.12	1.56
38.80	53.21	45.79	79.83	5.17	1.62
39.40	52.26	45.34	78.78	4.92	1.58
40.00	51.93	44.84	77.98	7.57	1.54
40.60	52.37	44.58	78.33	8.04	1.89
41.20	52.08	44.81	78.86	3.78	1.74
41.80	51.38	44.04	78.65	-2.42	1.82
42.40	49.94	43.28	77.74	-2.55	1.85
43.00	49.13	42.54	76.58	2.99	1.72
43.60	49.64	42.02	75.70	9.50	1.56
44.20	50.74	43.20	75.89	7.94	1.56
44.80	51.24	43.90	76.17	7.64	1.54
45.40	51.77	45.06	76.86	4.46	1.59
46.00	51.84	45.11	77.09	4.00	1.60
46.60	51.42	44.27	76.18	11.38	1.45
47.20	51.20	44.74	75.74	8.47	1.49
47.80	51.91	44.94	75.53	1.07	1.66
48.40	53.68	45.55	76.47	5.56	1.56
49.00	55.24	46.40	77.98	8.81	1.48
49.60	55.79	47.05	79.23	3.74	1.59
50.20	55.12	47.00	79.30	11.20	1.42
50.80	53.51	45.66	77.71	6.98	1.55
51.40	53.09	44.68	76.61	-2.75	1.78
52.00	53.05	45.25	76.30	-1.44	1.73
52.60	54.47	46.15	76.89	4.74	1.55
53.20	56.06	46.50	77.95	1.67	1.62
53.80	55.71	46.26	77.52	1.03	1.63
54.40	55.18	46.23	76.75	6.81	1.49
55.00	53.83	45.24	76.25	9.27	1.46
55.60	54.45	45.43	76.88	5.04	1.57
56.20	54.55	45.29	77.29	4.95	1.59
56.80	54.06	45.13	76.77	8.84	1.49
57.40	53.77	45.60	75.93	3.67	1.59
58.00	54.72	46.50	75.36	4.14	1.42
58.60	56.52	51.15	77.24	4.87	1.93
59.20	58.41	50.74	78.41	3.93	1.81
59.80	58.04	49.12	78.10	2.35	1.51
60.40	56.89	48.27	77.10	1.02	1.55
61.00	56.49	48.00	76.51	0.45	1.58
61.60	56.58	48.46	76.87	-3.20	1.63
62.20	57.66	49.57	77.90	2.12	1.51
62.80	56.05	48.26	77.31	7.56	1.42
63.40	55.08	47.97	76.57	10.52	1.36
64.00	55.78	49.66	77.21	12.32	1.30
64.60	56.19	51.34	77.91	12.62	1.27
65.20	60.15	53.73	84.61	-4.60	1.64
65.80	54.52	49.19	79.46	3.76	1.51
66.40	53.08	47.87	77.05	5.60	1.48
67.00	56.11	50.46	80.51	4.53	1.51
67.60	56.23	50.96	83.37	10.92	1.42
68.20	53.97	49.40	82.27	15.11	1.36
68.80	53.90	48.94	82.73	4.72	1.57
69.40	52.28	47.55	83.53	4.31	1.64
70.00	50.06	44.48	81.38	2.67	1.74
70.60	48.07	42.36	79.39	6.61	1.70
71.20	47.07	41.63	77.95	12.83	1.55
71.80	47.16	41.96	76.31	17.11	1.39
72.40	47.72	42.53	76.56	4.61	1.68
73.00	48.44	42.60	76.67	9.86	1.55
73.60	47.74	42.61	76.53	14.67	1.43
74.20	46.95	42.76	76.52	11.19	1.51
74.80	47.05	43.03	77.33	9.45	1.55
75.40	46.97	42.22	77.79	13.86	1.49
76.00	47.37	42.45	78.63	10.36	1.59
76.60	47.21	42.39	79.39	5.23	1.72
77.20	46.98	42.02	79.65	4.67	1.75
77.80	47.11	41.59	79.17	12.09	1.59
78.40	47.22	41.01	78.86	13.16	1.58
79.00	46.99	41.17	78.44	14.83	1.53
79.60	47.59	42.23	78.34	17.03	1.45
80.20	49.17	43.61	79.78	13.13	1.51
80.80	49.91	43.39	80.71	11.32	1.58
81.40	50.58	43.23	81.10	8.88	1.65
82.00	50.78	44.15	81.48	4.65	1.74
82.60	50.56	45.25	81.99	2.39	1.76
83.20	50.24	44.81	81.81	19.86	1.39
83.80	50.72	45.47	82.45	11.11	1.56
84.40	51.43	45.30	82.18	10.08	1.58
85.00	51.73	44.76	81.66	12.91	1.53
85.60	51.40	44.17	81.60	12.39	1.56
86.20	51.61	45.08	81.80	4.50	1.71
86.80	53.03	45.69	82.54	1.63	1.77
87.40	54.22	46.53	83.54	5.53	1.69
88.00	54.43	47.58	84.35	11.24	1.52
88.60	54.12	47.34	83.48	11.19	1.53
89.20	54.27	47.10	83.64	8.64	1.58
89.80	55.41	47.60	84.06	3.53	1.68
90.40	57.04	49.32	84.85	-0.89	1.75
91.00	58.85	51.53	87.50	0.88	1.68
91.60	60.73	52.60	90.11	-5.83	1.82
92.20	60.57	52.72	91.83	-8.11	1.98
92.80	59.04	50.98	90.90	3.72	1.71
93.40	57.96	48.98	91.26	16.43	1.49
94.00	56.49	47.16	91.28	13.83	1.61
94.60	55.32	46.28	89.70	-3.76	2.01
95.20	55.34	47.22	85.95	-1.30	1.87
95.80	55.58	47.55	84.27	-1.85	1.79
96.40	55.38	46.79	82.95	3.29	1.63
97.00	54.62	47.49	82.49	7.91	1.72
97.60	54.38	48.02	82.64	5.66	1.88
98.20	53.74	47.65	82.22	-0.37	1.71
98.80	52.29	47.05	81.49	4.11	1.63
99.40	51.73	46.01	80.75	6.07	1.60
100.00	51.74	45.69	79.77	4.44	1.63
100.60	51.86	47.25	79.49	2.95	1.62
101.20	51.84	46.43	79.18	4.43	1.60
101.80	52.47	46.50	79.30	2.50	1.68
102.40	53.40	48.14	80.38	-4.11	1.78
103.00	53.70	49.02	80.37	11.22	1.40
103.60	53.40	49.04	80.15	9.20	1.42
104.20	54.02	49.18	80.25	3.25	1.54
104.80	55.77	49.65	81.00	5.82	1.52
105.40	56.52	50.14	82.12	3.87	1.55
106.00	56.59	49.81	82.74	2.69	1.57
106.60	56.61	49.14	82.40	9.91	1.47
107.20	57.09	49.90	82.09	-2.75	1.70
107.80	57.34	51.54	83.12	1.21	1.58
108.40	57.37	51.35	84.45	-4.18	1.69
109.00	57.70	51.19	85.13	-2.28	1.69
109.60	56.87	50.59	84.71	4.40	1.58
110.20	55.26	49.63	83.26	6.92	1.51
110.80	54.90	49.09	82.59	8.90	1.47
111.40	55.11	50.20	82.76	3.96	1.57
112.00	55.85	49.73	83.22	7.40	1.52
112.60	55.61	49.09	83.36	7.98	1.52
113.20	54.18	48.69	82.97	-0.39	1.69
113.80	51.83	47.76	81.98	11.08	1.45
114.40	51.86	46.21	80.83	7.66	1.56
115.00	50.89	45.08	80.46	8.82	1.56
115.60	51.71	46.16	81.45	14.05	1.46
116.20	53.47	46.99	83.37	11.66	1.51
116.80	53.28	46.33	84.39	7.97	1.63
117.40	51.97	46.58	83.74	0.52	1.79
118.00	50.23	45.18	83.39	11.20	1.58
118.60	48.69	43.68	82.60	17.56	1.48
119.20	47.63	42.61	81.54	13.63	1.59
119.80	47.61	42.52	80.89	2.96	1.84
120.40	49.82	44.31	82.38	9.88	1.65
121.00	51.05	45.69	83.25	7.05	1.68
121.60	52.37	44.97	84.49	15.35	1.51
122.20	50.34	43.13	84.25	22.32	1.42
122.80	47.60	41.09	82.80	23.58	1.41
123.40	46.02	39.21	81.86	23.71	1.30
124.00	44.77	39.14	81.40	23.67	1.40
124.60	44.95	39.30	81.05	20.59	1.55
125.20	45.81	39.50	80.79	14.71	1.68
125.80	46.58	39.74	81.10	10.90	1.78
126.40	47.95	40.97	81.43	-0.29	2.00
127.00	48.60	41.28	81.29	12.33	1.67
127.60	49.54	41.53	82.08	22.16	1.44
128.20	50.64	42.26	84.01	20.30	1.52
128.80	50.92	42.86	85.72	18.10	1.58
129.40	49.52	42.35	85.18	7.34	1.85
130.00	47.35	41.07	83.84	17.71	1.60
130.60	46.25	40.28	82.56	17.32	1.60
131.20	46.17	39.98	81.60	13.52	1.68
131.80	46.87	39.93	81.08	16.81	1.61
132.40	48.50	41.50	80.44	19.61	1.49
133.00	50.38	42.25	80.92	16.70	1.53
133.60	51.91	43.70	81.99	14.60	1.55
134.20	52.67	45.14	82.85	18.02	1.45
134.80	52.46	44.10	83.05	23.43	1.34
135.40	51.71	43.58	82.85	13.77	1.59
136.00	51.09	42.71	82.24	15.81	1.54
136.60	51.09	42.87	81.98	22.42	1.38
137.20	51.89	43.83	82.61	21.76	1.39
137.80	53.17	45.01	84.22	12.30	1.58
138.40	54.05	45.95	85.47	19.69	1.43
139.00	53.36	45.95	85.71	22.75	1.36
139.60	53.09	44.17	84.88	23.79	1.39
140.20	52.15	43.99	84.22	17.53	1.54
140.80	51.85	44.87	84.02	11.76	1.62
141.40	53.10	45.88	83.89	21.17	1.38
142.00	54.78	45.71	84.64	16.42	1.50
142.60	55.38	47.08	85.22	1.36	1.79
143.20	55.43	47.05	85.11	4.64	1.71
143.80	54.98	46.17	84.64	15.15	1.50
144.40	54.15	45.31	84.08	18.88	1.42
145.00	53.38	45.12	83.68	19.19	1.29
145.60	53.96	44.79	84.17	19.64	1.41
146.20	52.90	44.37	84.09	22.77	1.39
146.80	52.18	44.40	83.92	17.00	1.51
147.40	51.18	44.42	83.73	8.53	1.69
148.00	49.86	44.10	83.38	5.13	1.77
148.60	49.18	43.30	83.07	10.42	1.67
149.20	49.18	43.04	82.68	16.98	1.56
149.80	49.26	43.18	83.56	19.77	1.30
150.40	50.57	44.50	84.98	15.40	1.47
151.00	51.74	44.77	85.89	17.14	1.54
151.60	51.57	43.98	86.00	22.46	1.43
152.20	50.08	42.96	85.38	17.52	1.59
152.80	48.55	42.49	84.62	22.00	1.48
153.40	49.71	42.26	84.35	9.60	1.77
154.00	50.63	43.22	84.54	11.46	1.71
154.60	51.30	43.99	85.16	17.77	1.54
155.20	51.97	44.40	86.03	14.26	1.60
155.80	52.08	45.28	86.26	10.59	1.67
156.40	50.85	44.65	85.76	9.35	1.71
157.00	51.23	44.38	85.08	14.15	1.59
157.60	50.70	44.39	84.06	13.57	1.58
158.20	50.25	44.18	83.11	9.32	1.66
158.80	51.23	44.60	83.45	12.84	1.60
159.40	53.73	47.63	86.80	-4.19	1.91
160.00	56.37	49.40	88.98	2.67	1.75
160.60	55.96	48.74	90.20	7.85	1.69
161.20	53.50	46.84	89.28	17.75	1.53
161.80	51.63	44.82	87.87	19.73	1.52
162.40	50.56	43.69	86.89	15.39	1.64
163.00	50.17	43.75	86.62	6.01	1.85
163.60	50.33	43.53	86.30	10.01	1.75
164.20	51.76	44.33	86.90	12.63	1.70
164.80	52.33	44.54	88.09	13.46	1.68
165.40	52.63	44.60	88.68	17.17	1.59
166.00	52.37	44.18	88.50	21.25	1.51
166.60	51.47	43.55	88.54	16.72	1.65
167.20	50.84	43.87	90.00	12.62	1.76
167.80	50.25	43.44	90.81	19.51	1.67
168.40	49.72	42.39	90.42	21.03	1.51
169.00	48.47	41.50	89.96	20.60	1.58
169.60	47.54	40.93	89.32	17.36	1.75
170.20	47.55	40.71	88.38	11.02	1.91
170.80	48.11	41.75	87.09	2.71	2.03
171.40	48.67	41.03	86.53	10.38	1.83
172.00	50.21	41.99	86.89	12.86	1.76
172.60	51.00	43.26	87.56	11.88	1.76
173.20	50.49	43.43	87.65	21.98	1.51
173.80	50.00	42.65	87.19	11.56	1.79
174.40	48.83	41.18	85.98	-0.14	2.08
175.00	47.65	40.47	85.33	7.22	1.92
175.60	49.08	41.08	86.05	19.47	1.64
176.20	49.73	41.98	87.78	17.86	1.66
176.80	49.39	41.80	88.57	13.93	1.77
177.40	48.58	41.17	87.85	15.15	1.77
178.00	47.32	40.73	86.91	14.26	1.78
>>>>>>> 4966aae922150d281e7f47d431009d8054258bc0
178.60	46.81	40.27	85.92	13.50	1.80