<<<<<<< HEAD
TIEMPO	VFSCd	VFSCi	PAMn	PCC	RAP
0.40	38.82	40.60	102.55	45.57	1.45
1.00	40.06	41.46	101.93	45.76	1.39
1.60	42.16	42.24	103.45	37.43	1.60
2.20	42.17	42.99	104.19	37.79	1.55
2.80	42.11	42.27	104.51	44.71	1.43
3.40	41.75	41.85	103.67	43.74	1.44
4.00	41.00	40.55	102.81	43.34	1.49
4.60	39.40	39.06	101.74	40.29	1.61
5.20	38.72	40.22	101.43	33.93	1.72
5.80	39.75	40.91	101.33	39.21	1.53
6.40	40.34	41.19	101.85	34.39	1.66
7.00	42.56	42.67	103.85	41.12	1.51
7.60	45.39	44.48	108.43	34.87	1.71
8.20	46.62	46.27	111.67	37.70	1.63
8.80	46.08	45.93	112.22	29.50	1.80
9.40	43.31	43.02	109.78	42.88	1.54
10.00	41.12	42.33	108.40	34.64	1.76
10.60	42.12	43.59	108.47	25.23	1.95
11.20	44.83	45.33	109.37	29.20	1.80
11.80	44.33	45.73	108.97	34.49	1.64
12.40	43.66	45.53	106.64	21.38	1.87
13.00	43.92	45.02	105.06	31.27	1.64
13.60	42.86	44.28	103.65	30.21	1.68
14.20	43.69	45.59	103.83	33.57	1.56
14.80	44.43	47.20	103.95	31.35	1.55
15.40	45.57	45.95	103.30	33.04	1.53
16.00	46.81	47.09	103.36	35.02	1.48
16.60	48.08	47.98	106.04	27.33	1.65
17.20	49.27	48.48	107.64	21.04	1.80
17.80	47.40	47.06	106.08	34.78	1.51
18.40	47.13	45.58	103.51	24.22	1.75
19.00	45.98	44.35	100.88	30.94	1.60
19.60	45.66	42.83	100.28	33.18	1.57
20.20	46.33	44.11	99.86	39.69	1.40
20.80	47.87	45.84	100.94	37.24	1.42
21.40	49.97	48.72	105.11	38.88	1.38
22.00	51.49	50.10	110.11	33.45	1.56
22.60	52.22	50.47	113.74	34.31	1.56
23.20	49.18	47.88	112.13	31.77	1.65
23.80	45.88	44.48	108.90	36.14	1.62
24.40	44.26	42.82	107.32	40.12	1.57
25.00	44.34	43.59	107.56	36.41	1.63
25.60	44.67	44.06	107.85	27.04	1.84
26.20	45.03	44.34	108.09	20.46	1.99
26.80	43.45	43.68	106.34	30.74	1.69
27.40	41.82	42.73	103.79	39.39	1.73
28.00	41.88	42.33	101.75	37.36	1.93
28.60	43.40	42.66	100.84	28.70	1.71
29.20	44.56	43.57	101.06	20.17	1.88
29.80	44.92	44.87	101.78	28.82	1.65
30.40	45.67	45.70	101.78	18.89	1.83
31.00	45.11	45.41	101.79	29.85	1.60
31.60	44.48	45.18	100.51	23.32	1.72
32.20	42.72	44.73	98.75	31.17	1.54
32.80	41.70	43.17	97.69	22.52	1.74
33.40	43.61	44.63	98.95	26.05	1.66
34.00	44.04	45.29	100.88	29.53	1.59
34.60	44.34	45.47	102.20	34.81	1.48
35.20	44.20	44.93	102.84	38.07	1.44
35.80	43.42	44.83	102.51	25.81	1.72
36.40	41.95	43.37	101.44	39.17	1.45
37.00	41.21	41.97	100.22	43.24	1.36
37.60	40.89	42.07	99.53	44.64	1.34
38.20	42.15	43.15	101.29	32.40	1.62
38.80	44.23	45.64	103.33	24.62	1.78
39.40	44.97	45.60	104.72	33.65	1.56
40.00	44.05	43.73	104.20	34.96	1.59
40.60	42.45	42.21	101.82	28.15	1.76
41.20	40.47	40.55	99.22	38.86	1.49
41.80	41.29	40.06	98.14	36.59	1.57
42.40	42.95	41.57	98.90	37.87	1.49
43.00	44.75	43.64	100.60	26.29	1.72
43.60	45.26	43.69	101.92	36.44	1.51
44.20	44.56	43.51	101.65	24.36	1.80
44.80	44.52	43.07	100.90	37.00	1.51
45.40	44.28	42.91	99.98	30.96	1.63
46.00	44.22	43.38	98.91	25.78	1.72
46.60	45.13	45.14	100.87	32.82	1.54
47.20	47.25	45.81	103.36	31.65	1.59
47.80	49.96	47.63	107.68	28.71	1.68
48.40	49.18	47.17	107.28	34.69	1.54
49.00	46.51	45.15	105.10	30.40	1.66
49.60	44.06	42.67	101.53	23.25	1.86
50.20	42.61	42.25	99.58	29.47	1.69
50.80	43.28	43.11	99.41	23.26	1.78
51.40	44.78	43.51	99.76	26.89	1.69
52.00	43.91	43.52	99.31	30.82	1.58
52.60	43.66	42.85	97.71	31.90	1.55
53.20	42.44	41.83	96.07	35.36	1.46
53.80	42.59	41.37	94.79	34.29	1.48
54.40	42.78	41.92	94.53	35.45	1.41
55.00	44.13	43.84	97.29	37.31	1.39
55.60	47.49	46.52	100.16	34.09	1.44
56.20	47.96	47.01	102.85	40.95	1.33
56.80	47.49	45.91	104.73	32.21	1.57
57.40	47.64	45.59	105.70	34.37	1.58
58.00	46.81	45.28	105.15	40.10	1.44
58.60	46.10	45.08	104.98	35.78	1.54
59.20	47.56	45.35	106.53	38.02	1.51
59.80	48.39	46.61	108.81	26.48	1.78
60.40	46.80	45.32	108.08	25.79	1.82
61.00	44.52	43.57	105.59	23.63	1.90
61.60	43.28	42.11	102.05	26.17	1.77
62.20	42.28	42.05	99.08	28.69	1.81
62.80	42.34	43.12	97.83	30.48	1.85
63.40	43.87	44.42	98.65	32.85	1.50
64.00	45.51	45.73	100.60	21.68	1.74
64.60	46.29	46.62	101.24	25.33	1.64
65.20	46.46	46.45	100.81	22.99	1.69
65.80	45.51	46.60	99.55	26.71	1.57
66.40	44.80	45.21	98.92	23.25	1.68
67.00	45.56	46.74	100.11	16.57	1.83
67.60	48.21	48.06	103.10	32.08	1.50
68.20	49.22	48.45	105.05	33.06	1.49
68.80	48.34	48.20	105.50	27.17	1.62
69.40	46.01	45.66	103.62	29.21	1.62
70.00	44.13	44.53	101.26	24.58	1.73
70.60	44.13	44.05	101.53	29.18	1.65
71.20	44.77	44.09	102.20	23.80	1.80
71.80	45.47	44.71	103.80	27.99	1.72
72.40	46.06	45.22	104.78	29.90	1.68
73.00	45.85	45.12	104.74	28.70	1.69
73.60	44.50	43.20	103.41	26.35	1.75
74.20	43.68	42.66	100.73	25.23	2.10
74.80	41.68	42.48	97.41	30.27	1.66
75.40	42.97	42.25	97.88	33.65	1.55
76.00	43.85	43.95	99.74	33.54	1.98
76.60	45.89	44.18	101.90	31.43	1.63
77.20	46.51	44.96	103.35	37.21	1.50
77.80	44.56	45.43	103.25	26.47	1.72
78.40	44.99	45.05	103.91	38.19	1.47
79.00	44.78	45.72	105.13	26.63	1.74
79.60	46.62	46.83	107.92	18.59	1.91
80.20	47.74	47.59	110.96	35.03	1.61
80.80	49.38	49.80	114.30	24.26	1.82
81.40	45.47	46.50	110.41	22.22	2.06
82.00	43.09	46.24	109.09	25.45	1.90
82.60	43.03	45.46	107.97	34.22	1.64
83.20	43.76	44.27	106.45	40.94	1.49
83.80	44.03	43.76	105.21	28.04	1.79
84.40	44.82	44.48	106.55	36.11	1.60
85.00	46.12	44.59	108.03	21.19	1.97
85.60	45.88	43.89	108.23	29.65	1.80
86.20	45.32	43.67	106.97	32.97	1.71
86.80	44.55	43.04	104.75	27.72	1.81
87.40	42.66	40.94	102.00	37.83	1.55
88.00	43.37	41.77	102.25	32.82	1.68
88.60	44.45	43.56	103.52	31.30	1.70
89.20	45.72	44.45	104.14	36.64	1.55
89.80	43.49	43.04	102.11	26.63	1.77
90.40	42.15	41.04	98.72	32.89	1.60
91.00	41.85	41.18	97.81	33.43	1.61
91.60	42.36	42.81	98.81	33.05	1.56
92.20	43.73	42.80	99.80	38.34	1.46
92.80	44.49	42.82	100.47	39.89	1.43
93.40	44.27	42.52	100.73	44.24	1.34
94.00	43.71	42.49	100.25	39.59	1.45
94.60	42.83	42.41	98.52	30.16	1.60
95.20	42.04	40.86	96.00	40.19	1.38
95.80	43.88	42.39	97.45	35.53	1.47
96.40	47.25	46.02	102.79	37.61	1.44
97.00	47.63	45.88	105.60	44.35	1.35
97.60	47.80	45.89	106.66	40.94	1.44
98.20	46.48	45.16	107.18	37.52	1.56
98.80	45.49	45.39	107.84	34.64	1.63
99.40	44.13	43.28	106.38	44.00	1.44
100.00	42.07	41.44	103.22	36.66	1.62
100.60	41.33	39.77	100.63	28.52	1.82
101.20	41.77	39.48	99.47	33.57	1.71
101.80	42.27	41.68	99.90	34.60	1.60
102.40	43.10	42.38	99.87	38.41	1.46
103.00	42.74	42.92	100.38	34.16	1.56
103.60	43.04	43.02	101.28	32.91	1.62
104.20	42.77	43.18	102.94	39.32	1.49
104.80	42.33	43.89	104.72	29.25	1.74
105.40	41.90	43.13	104.40	37.34	1.59
106.00	41.48	42.47	104.05	32.85	1.70
106.60	41.59	42.75	104.75	40.80	1.53
107.20	42.46	42.97	106.56	27.56	1.87
107.80	43.41	42.90	107.99	33.76	1.76
108.40	43.32	42.25	108.56	40.15	1.62
109.00	41.07	40.98	106.69	39.72	1.63
109.60	39.46	38.23	103.40	36.89	1.73
110.20	41.33	39.06	101.24	37.31	1.65
110.80	39.65	38.59	98.46	38.88	1.56
111.40	41.54	41.56	99.12	26.67	1.79
112.00	46.32	44.91	103.02	28.64	1.71
112.60	48.92	47.89	107.80	25.56	1.75
113.20	51.43	48.70	111.86	33.67	1.62
113.80	51.59	49.27	112.09	22.77	1.84
114.40	50.10	47.17	112.76	26.68	1.83
115.00	47.70	46.00	110.60	30.40	1.76
115.60	45.93	45.23	109.41	34.29	1.67
116.20	46.93	45.61	109.04	37.80	1.57
116.80	47.14	46.05	110.53	22.87	1.92
117.40	47.67	47.70	112.20	18.52	2.00
118.00	46.90	47.52	112.77	26.74	1.82
118.60	45.27	45.36	110.64	31.38	1.75
119.20	42.54	42.90	106.03	31.36	1.74
119.80	41.33	41.49	102.46	22.71	1.95
120.40	42.09	41.92	100.94	40.47	1.48
121.00	44.08	43.20	101.77	37.33	1.52
121.60	45.31	44.21	102.82	32.10	1.62
122.20	45.97	45.38	103.53	28.18	1.69
122.80	44.78	44.28	102.83	33.95	1.54
123.40	42.56	43.11	99.07	28.96	1.62
124.00	42.27	41.30	96.48	39.76	1.38
124.60	42.57	41.68	95.65	27.94	1.65
125.20	43.97	44.16	96.95	33.33	1.48
125.80	46.78	46.14	99.94	33.70	1.46
126.40	48.58	47.76	103.64	34.14	1.45
127.00	48.08	47.35	104.50	35.35	1.47
127.60	47.32	46.03	103.47	36.93	1.44
128.20	45.83	45.23	102.78	37.98	1.45
128.80	46.27	46.09	105.08	36.87	1.50
129.40	46.94	46.73	108.13	30.70	1.67
130.00	46.72	45.77	108.75	27.31	1.78
130.60	43.91	42.23	105.58	34.86	1.67
131.20	42.60	40.24	102.31	34.61	1.70
131.80	41.62	39.96	99.85	37.02	1.59
132.40	41.91	41.20	98.77	40.89	1.41
133.00	43.64	43.28	100.56	30.82	1.63
133.60	44.87	44.78	102.57	42.16	1.37
134.20	45.93	45.20	104.09	34.29	1.56
134.80	45.63	44.94	103.10	26.24	1.73
135.40	44.67	43.14	101.91	29.80	1.66
136.00	44.20	42.25	102.08	32.05	1.67
136.60	46.30	43.33	104.27	37.31	1.58
137.20	46.22	44.28	104.53	34.29	1.61
137.80	43.88	42.99	102.21	32.59	1.61
138.40	41.57	41.10	99.79	35.18	1.57
139.00	40.62	40.70	99.63	25.10	1.86
139.60	41.25	40.12	98.43	32.38	1.67
140.20	42.52	41.18	98.11	33.56	1.60
140.80	44.07	43.49	99.49	41.74	1.36
141.40	45.05	43.89	100.89	40.12	1.40
142.00	44.73	45.10	101.51	35.36	1.49
142.60	43.80	43.92	101.52	34.56	1.55
143.20	42.61	43.63	100.25	37.00	1.46
143.80	42.12	43.19	99.26	35.23	1.49
144.40	41.86	43.47	99.14	35.31	1.47
145.00	44.05	44.81	100.98	39.56	1.39
145.60	45.59	46.36	104.44	35.06	1.52
146.20	46.06	46.74	106.18	36.63	1.51
146.80	45.22	44.99	105.69	29.22	1.70
147.40	44.79	44.30	105.04	27.95	1.77
148.00	45.10	44.71	106.34	42.18	1.46
148.60	46.57	45.91	108.40	31.88	1.67
149.20	46.63	46.47	109.52	32.42	1.66
149.80	45.34	44.71	106.52	31.29	1.68
150.40	44.34	43.27	103.42	26.27	1.79
151.00	44.56	43.04	101.94	25.51	1.79
151.60	45.04	44.36	102.43	40.13	1.42
152.20	46.89	44.75	104.53	37.57	1.51
152.80	47.95	45.78	106.23	24.28	1.77
153.40	47.21	45.88	105.65	29.03	1.68
154.00	46.11	45.14	104.64	35.45	1.53
154.60	45.96	44.80	103.68	35.81	1.53
155.20	46.49	45.13	105.57	30.35	1.70
155.80	46.75	45.39	107.30	36.80	1.60
156.40	45.71	45.30	107.68	32.01	1.66
157.00	43.64	43.36	105.79	30.81	1.74
157.60	42.23	41.16	103.56	35.67	1.64
158.20	40.98	41.52	100.68	38.59	1.52
158.80	41.73	39.59	99.87	39.49	1.54
159.40	41.89	41.41	100.78	42.22	1.44
160.00	43.51	41.98	102.53	29.34	1.78
160.60	42.88	42.15	102.47	31.70	1.68
161.20	42.86	40.79	101.72	38.22	1.56
161.80	43.77	42.59	103.13	35.63	1.61
162.40	44.23	42.89	104.97	35.89	1.63
163.00	43.57	41.47	104.21	33.54	1.72
163.60	41.76	40.49	103.33	32.92	1.77
164.20	42.56	40.81	104.46	28.19	1.90
164.80	44.48	42.90	106.68	31.94	1.78
165.40	44.90	42.76	108.37	28.73	1.89
166.00	43.74	41.53	105.86	33.98	1.78
166.60	41.35	40.64	103.29	35.67	1.55
167.20	41.59	40.55	103.39	35.30	2.01
167.80	42.74	41.77	104.04	34.30	1.86
168.40	43.64	42.28	105.35	40.15	1.57
169.00	44.41	43.41	105.30	35.66	1.63
169.60	43.47	43.02	103.00	29.52	1.73
170.20	41.82	41.79	100.18	42.58	1.38
170.80	42.42	39.77	98.03	40.33	1.50
171.40	43.21	41.45	98.50	24.67	1.82
172.00	43.90	42.00	99.57	37.53	1.51
172.60	45.07	43.01	101.55	33.52	1.60
173.20	45.80	43.92	102.74	44.73	1.33
173.80	44.55	43.69	102.69	40.02	1.44
174.40	42.72	41.16	101.59	41.53	1.48
175.00	40.62	39.84	99.80	43.07	1.43
175.60	39.55	38.89	98.22	38.35	1.54
176.20	40.54	40.13	98.66	32.99	1.65
176.80	43.38	41.90	100.65	38.38	1.51
177.40	44.63	43.64	102.90	38.41	1.50
178.00	43.19	44.42	103.21	30.13	1.66
178.60	42.11	40.64	101.66	43.26	1.42
179.20	40.28	39.70	99.68	33.09	1.69
=======
TIEMPO	VFSCd	VFSCi	PAMn	PCC	RAP
0.40	38.82	40.60	102.55	45.57	1.45
1.00	40.06	41.46	101.93	45.76	1.39
1.60	42.16	42.24	103.45	37.43	1.60
2.20	42.17	42.99	104.19	37.79	1.55
2.80	42.11	42.27	104.51	44.71	1.43
3.40	41.75	41.85	103.67	43.74	1.44
4.00	41.00	40.55	102.81	43.34	1.49
4.60	39.40	39.06	101.74	40.29	1.61
5.20	38.72	40.22	101.43	33.93	1.72
5.80	39.75	40.91	101.33	39.21	1.53
6.40	40.34	41.19	101.85	34.39	1.66
7.00	42.56	42.67	103.85	41.12	1.51
7.60	45.39	44.48	108.43	34.87	1.71
8.20	46.62	46.27	111.67	37.70	1.63
8.80	46.08	45.93	112.22	29.50	1.80
9.40	43.31	43.02	109.78	42.88	1.54
10.00	41.12	42.33	108.40	34.64	1.76
10.60	42.12	43.59	108.47	25.23	1.95
11.20	44.83	45.33	109.37	29.20	1.80
11.80	44.33	45.73	108.97	34.49	1.64
12.40	43.66	45.53	106.64	21.38	1.87
13.00	43.92	45.02	105.06	31.27	1.64
13.60	42.86	44.28	103.65	30.21	1.68
14.20	43.69	45.59	103.83	33.57	1.56
14.80	44.43	47.20	103.95	31.35	1.55
15.40	45.57	45.95	103.30	33.04	1.53
16.00	46.81	47.09	103.36	35.02	1.48
16.60	48.08	47.98	106.04	27.33	1.65
17.20	49.27	48.48	107.64	21.04	1.80
17.80	47.40	47.06	106.08	34.78	1.51
18.40	47.13	45.58	103.51	24.22	1.75
19.00	45.98	44.35	100.88	30.94	1.60
19.60	45.66	42.83	100.28	33.18	1.57
20.20	46.33	44.11	99.86	39.69	1.40
20.80	47.87	45.84	100.94	37.24	1.42
21.40	49.97	48.72	105.11	38.88	1.38
22.00	51.49	50.10	110.11	33.45	1.56
22.60	52.22	50.47	113.74	34.31	1.56
23.20	49.18	47.88	112.13	31.77	1.65
23.80	45.88	44.48	108.90	36.14	1.62
24.40	44.26	42.82	107.32	40.12	1.57
25.00	44.34	43.59	107.56	36.41	1.63
25.60	44.67	44.06	107.85	27.04	1.84
26.20	45.03	44.34	108.09	20.46	1.99
26.80	43.45	43.68	106.34	30.74	1.69
27.40	41.82	42.73	103.79	39.39	1.73
28.00	41.88	42.33	101.75	37.36	1.93
28.60	43.40	42.66	100.84	28.70	1.71
29.20	44.56	43.57	101.06	20.17	1.88
29.80	44.92	44.87	101.78	28.82	1.65
30.40	45.67	45.70	101.78	18.89	1.83
31.00	45.11	45.41	101.79	29.85	1.60
31.60	44.48	45.18	100.51	23.32	1.72
32.20	42.72	44.73	98.75	31.17	1.54
32.80	41.70	43.17	97.69	22.52	1.74
33.40	43.61	44.63	98.95	26.05	1.66
34.00	44.04	45.29	100.88	29.53	1.59
34.60	44.34	45.47	102.20	34.81	1.48
35.20	44.20	44.93	102.84	38.07	1.44
35.80	43.42	44.83	102.51	25.81	1.72
36.40	41.95	43.37	101.44	39.17	1.45
37.00	41.21	41.97	100.22	43.24	1.36
37.60	40.89	42.07	99.53	44.64	1.34
38.20	42.15	43.15	101.29	32.40	1.62
38.80	44.23	45.64	103.33	24.62	1.78
39.40	44.97	45.60	104.72	33.65	1.56
40.00	44.05	43.73	104.20	34.96	1.59
40.60	42.45	42.21	101.82	28.15	1.76
41.20	40.47	40.55	99.22	38.86	1.49
41.80	41.29	40.06	98.14	36.59	1.57
42.40	42.95	41.57	98.90	37.87	1.49
43.00	44.75	43.64	100.60	26.29	1.72
43.60	45.26	43.69	101.92	36.44	1.51
44.20	44.56	43.51	101.65	24.36	1.80
44.80	44.52	43.07	100.90	37.00	1.51
45.40	44.28	42.91	99.98	30.96	1.63
46.00	44.22	43.38	98.91	25.78	1.72
46.60	45.13	45.14	100.87	32.82	1.54
47.20	47.25	45.81	103.36	31.65	1.59
47.80	49.96	47.63	107.68	28.71	1.68
48.40	49.18	47.17	107.28	34.69	1.54
49.00	46.51	45.15	105.10	30.40	1.66
49.60	44.06	42.67	101.53	23.25	1.86
50.20	42.61	42.25	99.58	29.47	1.69
50.80	43.28	43.11	99.41	23.26	1.78
51.40	44.78	43.51	99.76	26.89	1.69
52.00	43.91	43.52	99.31	30.82	1.58
52.60	43.66	42.85	97.71	31.90	1.55
53.20	42.44	41.83	96.07	35.36	1.46
53.80	42.59	41.37	94.79	34.29	1.48
54.40	42.78	41.92	94.53	35.45	1.41
55.00	44.13	43.84	97.29	37.31	1.39
55.60	47.49	46.52	100.16	34.09	1.44
56.20	47.96	47.01	102.85	40.95	1.33
56.80	47.49	45.91	104.73	32.21	1.57
57.40	47.64	45.59	105.70	34.37	1.58
58.00	46.81	45.28	105.15	40.10	1.44
58.60	46.10	45.08	104.98	35.78	1.54
59.20	47.56	45.35	106.53	38.02	1.51
59.80	48.39	46.61	108.81	26.48	1.78
60.40	46.80	45.32	108.08	25.79	1.82
61.00	44.52	43.57	105.59	23.63	1.90
61.60	43.28	42.11	102.05	26.17	1.77
62.20	42.28	42.05	99.08	28.69	1.81
62.80	42.34	43.12	97.83	30.48	1.85
63.40	43.87	44.42	98.65	32.85	1.50
64.00	45.51	45.73	100.60	21.68	1.74
64.60	46.29	46.62	101.24	25.33	1.64
65.20	46.46	46.45	100.81	22.99	1.69
65.80	45.51	46.60	99.55	26.71	1.57
66.40	44.80	45.21	98.92	23.25	1.68
67.00	45.56	46.74	100.11	16.57	1.83
67.60	48.21	48.06	103.10	32.08	1.50
68.20	49.22	48.45	105.05	33.06	1.49
68.80	48.34	48.20	105.50	27.17	1.62
69.40	46.01	45.66	103.62	29.21	1.62
70.00	44.13	44.53	101.26	24.58	1.73
70.60	44.13	44.05	101.53	29.18	1.65
71.20	44.77	44.09	102.20	23.80	1.80
71.80	45.47	44.71	103.80	27.99	1.72
72.40	46.06	45.22	104.78	29.90	1.68
73.00	45.85	45.12	104.74	28.70	1.69
73.60	44.50	43.20	103.41	26.35	1.75
74.20	43.68	42.66	100.73	25.23	2.10
74.80	41.68	42.48	97.41	30.27	1.66
75.40	42.97	42.25	97.88	33.65	1.55
76.00	43.85	43.95	99.74	33.54	1.98
76.60	45.89	44.18	101.90	31.43	1.63
77.20	46.51	44.96	103.35	37.21	1.50
77.80	44.56	45.43	103.25	26.47	1.72
78.40	44.99	45.05	103.91	38.19	1.47
79.00	44.78	45.72	105.13	26.63	1.74
79.60	46.62	46.83	107.92	18.59	1.91
80.20	47.74	47.59	110.96	35.03	1.61
80.80	49.38	49.80	114.30	24.26	1.82
81.40	45.47	46.50	110.41	22.22	2.06
82.00	43.09	46.24	109.09	25.45	1.90
82.60	43.03	45.46	107.97	34.22	1.64
83.20	43.76	44.27	106.45	40.94	1.49
83.80	44.03	43.76	105.21	28.04	1.79
84.40	44.82	44.48	106.55	36.11	1.60
85.00	46.12	44.59	108.03	21.19	1.97
85.60	45.88	43.89	108.23	29.65	1.80
86.20	45.32	43.67	106.97	32.97	1.71
86.80	44.55	43.04	104.75	27.72	1.81
87.40	42.66	40.94	102.00	37.83	1.55
88.00	43.37	41.77	102.25	32.82	1.68
88.60	44.45	43.56	103.52	31.30	1.70
89.20	45.72	44.45	104.14	36.64	1.55
89.80	43.49	43.04	102.11	26.63	1.77
90.40	42.15	41.04	98.72	32.89	1.60
91.00	41.85	41.18	97.81	33.43	1.61
91.60	42.36	42.81	98.81	33.05	1.56
92.20	43.73	42.80	99.80	38.34	1.46
92.80	44.49	42.82	100.47	39.89	1.43
93.40	44.27	42.52	100.73	44.24	1.34
94.00	43.71	42.49	100.25	39.59	1.45
94.60	42.83	42.41	98.52	30.16	1.60
95.20	42.04	40.86	96.00	40.19	1.38
95.80	43.88	42.39	97.45	35.53	1.47
96.40	47.25	46.02	102.79	37.61	1.44
97.00	47.63	45.88	105.60	44.35	1.35
97.60	47.80	45.89	106.66	40.94	1.44
98.20	46.48	45.16	107.18	37.52	1.56
98.80	45.49	45.39	107.84	34.64	1.63
99.40	44.13	43.28	106.38	44.00	1.44
100.00	42.07	41.44	103.22	36.66	1.62
100.60	41.33	39.77	100.63	28.52	1.82
101.20	41.77	39.48	99.47	33.57	1.71
101.80	42.27	41.68	99.90	34.60	1.60
102.40	43.10	42.38	99.87	38.41	1.46
103.00	42.74	42.92	100.38	34.16	1.56
103.60	43.04	43.02	101.28	32.91	1.62
104.20	42.77	43.18	102.94	39.32	1.49
104.80	42.33	43.89	104.72	29.25	1.74
105.40	41.90	43.13	104.40	37.34	1.59
106.00	41.48	42.47	104.05	32.85	1.70
106.60	41.59	42.75	104.75	40.80	1.53
107.20	42.46	42.97	106.56	27.56	1.87
107.80	43.41	42.90	107.99	33.76	1.76
108.40	43.32	42.25	108.56	40.15	1.62
109.00	41.07	40.98	106.69	39.72	1.63
109.60	39.46	38.23	103.40	36.89	1.73
110.20	41.33	39.06	101.24	37.31	1.65
110.80	39.65	38.59	98.46	38.88	1.56
111.40	41.54	41.56	99.12	26.67	1.79
112.00	46.32	44.91	103.02	28.64	1.71
112.60	48.92	47.89	107.80	25.56	1.75
113.20	51.43	48.70	111.86	33.67	1.62
113.80	51.59	49.27	112.09	22.77	1.84
114.40	50.10	47.17	112.76	26.68	1.83
115.00	47.70	46.00	110.60	30.40	1.76
115.60	45.93	45.23	109.41	34.29	1.67
116.20	46.93	45.61	109.04	37.80	1.57
116.80	47.14	46.05	110.53	22.87	1.92
117.40	47.67	47.70	112.20	18.52	2.00
118.00	46.90	47.52	112.77	26.74	1.82
118.60	45.27	45.36	110.64	31.38	1.75
119.20	42.54	42.90	106.03	31.36	1.74
119.80	41.33	41.49	102.46	22.71	1.95
120.40	42.09	41.92	100.94	40.47	1.48
121.00	44.08	43.20	101.77	37.33	1.52
121.60	45.31	44.21	102.82	32.10	1.62
122.20	45.97	45.38	103.53	28.18	1.69
122.80	44.78	44.28	102.83	33.95	1.54
123.40	42.56	43.11	99.07	28.96	1.62
124.00	42.27	41.30	96.48	39.76	1.38
124.60	42.57	41.68	95.65	27.94	1.65
125.20	43.97	44.16	96.95	33.33	1.48
125.80	46.78	46.14	99.94	33.70	1.46
126.40	48.58	47.76	103.64	34.14	1.45
127.00	48.08	47.35	104.50	35.35	1.47
127.60	47.32	46.03	103.47	36.93	1.44
128.20	45.83	45.23	102.78	37.98	1.45
128.80	46.27	46.09	105.08	36.87	1.50
129.40	46.94	46.73	108.13	30.70	1.67
130.00	46.72	45.77	108.75	27.31	1.78
130.60	43.91	42.23	105.58	34.86	1.67
131.20	42.60	40.24	102.31	34.61	1.70
131.80	41.62	39.96	99.85	37.02	1.59
132.40	41.91	41.20	98.77	40.89	1.41
133.00	43.64	43.28	100.56	30.82	1.63
133.60	44.87	44.78	102.57	42.16	1.37
134.20	45.93	45.20	104.09	34.29	1.56
134.80	45.63	44.94	103.10	26.24	1.73
135.40	44.67	43.14	101.91	29.80	1.66
136.00	44.20	42.25	102.08	32.05	1.67
136.60	46.30	43.33	104.27	37.31	1.58
137.20	46.22	44.28	104.53	34.29	1.61
137.80	43.88	42.99	102.21	32.59	1.61
138.40	41.57	41.10	99.79	35.18	1.57
139.00	40.62	40.70	99.63	25.10	1.86
139.60	41.25	40.12	98.43	32.38	1.67
140.20	42.52	41.18	98.11	33.56	1.60
140.80	44.07	43.49	99.49	41.74	1.36
141.40	45.05	43.89	100.89	40.12	1.40
142.00	44.73	45.10	101.51	35.36	1.49
142.60	43.80	43.92	101.52	34.56	1.55
143.20	42.61	43.63	100.25	37.00	1.46
143.80	42.12	43.19	99.26	35.23	1.49
144.40	41.86	43.47	99.14	35.31	1.47
145.00	44.05	44.81	100.98	39.56	1.39
145.60	45.59	46.36	104.44	35.06	1.52
146.20	46.06	46.74	106.18	36.63	1.51
146.80	45.22	44.99	105.69	29.22	1.70
147.40	44.79	44.30	105.04	27.95	1.77
148.00	45.10	44.71	106.34	42.18	1.46
148.60	46.57	45.91	108.40	31.88	1.67
149.20	46.63	46.47	109.52	32.42	1.66
149.80	45.34	44.71	106.52	31.29	1.68
150.40	44.34	43.27	103.42	26.27	1.79
151.00	44.56	43.04	101.94	25.51	1.79
151.60	45.04	44.36	102.43	40.13	1.42
152.20	46.89	44.75	104.53	37.57	1.51
152.80	47.95	45.78	106.23	24.28	1.77
153.40	47.21	45.88	105.65	29.03	1.68
154.00	46.11	45.14	104.64	35.45	1.53
154.60	45.96	44.80	103.68	35.81	1.53
155.20	46.49	45.13	105.57	30.35	1.70
155.80	46.75	45.39	107.30	36.80	1.60
156.40	45.71	45.30	107.68	32.01	1.66
157.00	43.64	43.36	105.79	30.81	1.74
157.60	42.23	41.16	103.56	35.67	1.64
158.20	40.98	41.52	100.68	38.59	1.52
158.80	41.73	39.59	99.87	39.49	1.54
159.40	41.89	41.41	100.78	42.22	1.44
160.00	43.51	41.98	102.53	29.34	1.78
160.60	42.88	42.15	102.47	31.70	1.68
161.20	42.86	40.79	101.72	38.22	1.56
161.80	43.77	42.59	103.13	35.63	1.61
162.40	44.23	42.89	104.97	35.89	1.63
163.00	43.57	41.47	104.21	33.54	1.72
163.60	41.76	40.49	103.33	32.92	1.77
164.20	42.56	40.81	104.46	28.19	1.90
164.80	44.48	42.90	106.68	31.94	1.78
165.40	44.90	42.76	108.37	28.73	1.89
166.00	43.74	41.53	105.86	33.98	1.78
166.60	41.35	40.64	103.29	35.67	1.55
167.20	41.59	40.55	103.39	35.30	2.01
167.80	42.74	41.77	104.04	34.30	1.86
168.40	43.64	42.28	105.35	40.15	1.57
169.00	44.41	43.41	105.30	35.66	1.63
169.60	43.47	43.02	103.00	29.52	1.73
170.20	41.82	41.79	100.18	42.58	1.38
170.80	42.42	39.77	98.03	40.33	1.50
171.40	43.21	41.45	98.50	24.67	1.82
172.00	43.90	42.00	99.57	37.53	1.51
172.60	45.07	43.01	101.55	33.52	1.60
173.20	45.80	43.92	102.74	44.73	1.33
173.80	44.55	43.69	102.69	40.02	1.44
174.40	42.72	41.16	101.59	41.53	1.48
175.00	40.62	39.84	99.80	43.07	1.43
175.60	39.55	38.89	98.22	38.35	1.54
176.20	40.54	40.13	98.66	32.99	1.65
176.80	43.38	41.90	100.65	38.38	1.51
177.40	44.63	43.64	102.90	38.41	1.50
178.00	43.19	44.42	103.21	30.13	1.66
178.60	42.11	40.64	101.66	43.26	1.42
179.20	40.28	39.70	99.68	33.09	1.69
>>>>>>> 4966aae922150d281e7f47d431009d8054258bc0
179.80	38.40	37.77	97.07	23.20	1.97