Time	ABP	LCBFV	RCBFV
-78.0	0.06741172682284972	0.17093966973204555	0.14243807335598557
-77.6	0.15612652045881448	0.23692156617920368	0.1732022921585914
-77.2	0.2975677181095899	0.3832681156137534	0.23178542974136818
-76.8	0.4541929961230602	0.6620214577540837	0.35046247720989676
-76.4	0.6022759326594176	0.8785260676975906	0.5227234649396371
-76.0	0.728842978426972	0.9401034814115006	0.6602983442715367
-75.6	0.8286774149961178	0.9481056329214663	0.726087536287606
-75.2	0.9016965055123313	0.9417109504393961	0.7451289150520388
-74.8	0.9508399671791976	0.930022266238197	0.7381040591659858
-74.4	0.9804938551142541	0.9154345068060641	0.7181388031334084
-74.0	0.9954043304929681	0.8987738425957588	0.6937160628386856
-73.6	1.0	0.8805923736702299	0.6694476942933019
-73.2	0.9980295716085953	0.861373572514875	0.647337235719613
-72.8	0.9924249549652986	0.8415982720928836	0.6280275889761473
-72.4	0.9853119355764359	0.8217481852081843	0.6115785260512157
-72.0	0.9781062734164401	0.8022817088851486	0.5978116722710389
-71.6	0.9716492296567552	0.7835903722520845	0.5864484054538828
-71.2	0.9663511315561246	0.7659667223542961	0.5771658627337564
-70.8	0.9623236563673749	0.7495959656670861	0.5696317683331182
-70.4	0.9594907526201965	0.7345625669012747	0.5635331429430961
-70.0	0.9576746622991714	0.7208744446235071	0.5585852459894536
-69.6	0.9566577430203744	0.708486287035786	0.5545442830631737
-69.2	0.9562231973496089	0.6973206681531874	0.5512069352748847
-68.8	0.9561788834733969	0.6872878442204611	0.5484103592548575
-68.4	0.9563685425469809	0.6782932323582971	0.5460288926339674
-68.0	0.9566743894794315	0.6702457690503358	0.5439651117777196
-67.6	0.9570143460368283	0.6630623093468593	0.5421479492039518
-67.2	0.9573364377578013	0.656664987342575	0.5405265751903219
-66.8	0.9576121506577112	0.6509842956191996	0.5390642793818019
-66.4	0.9578299177351507	0.6459551259621392	0.537735176271644
-66.0	0.957989407519589	0.6415185290419636	0.5365213813279137
-65.6	0.958096919831518	0.6376195148125596	0.5354101871200241
-65.2	0.9581619444793907	0.6342061726704022	0.5343912394452746
-64.8	0.9581947860024498	0.6312314311360225	0.5334570079744303
-64.4	0.9582050787931264	0.6286504183317909	0.5326004330238323
-64.0	0.9582009902739096	0.6264204619819269	0.5318172787832864
-63.6	0.958188916704134	0.6245024091736004	0.5311000149235552
-63.2	0.9581735020197326	0.6228597465161956	0.530444876280022
-62.8	0.9581578441679759	0.6214599199024118	0.5298457444601805
-62.4	0.958143788492917	0.62027213490643	0.5292983836538374
-62.0	0.9581322395178903	0.6192686765450102	0.5287980874052192
-61.6	0.9581234487809865	0.6184257891182314	0.5283410905497083
-61.2	0.9581172565393483	0.6177210366872821	0.5279222159859547
-60.8	0.9581132794628786	0.6171350627559313	0.5275395811316494
-60.4	0.9581110457117459	0.6166515902705303	0.5271880088854424
-60.0	0.9581100840793987	0.61625434217743	0.5268656166650256
-59.6	0.9581099762417915	0.6159310007063006	0.5265695805969344
-59.2	0.9581103815302958	0.6156705678479231	0.5262975474532832
-58.8	0.9581110428175537	0.6154629254338104	0.5260471640061857
-58.4	0.9581117806622393	0.6153001548973247	0.5258170183189099
-58.0	0.9581124812152524	0.6151743376718235	0.5256047571635696
-57.6	0.9581130818120823	0.6150797547925135	0.5254094392490103
-57.2	0.9581135568127304	0.6150111272149683	0.5252291819929242
-56.8	0.9581139051649005	0.6149640557354976	0.5250625734585759
-56.4	0.9581141403645693	0.6149341411504148	0.524909143000392
-56.0	0.9581142829423992	0.6149191838578725	0.5247674786816408
-55.6	0.9581143552699152	0.6149147846541831	0.5246371098567408
-55.2	0.9581143783060494	0.6149205036189782	0.5245161539433871
-54.8	0.9581143698449829	0.6149332613096758	0.524404140296002
-54.4	0.9581143438404887	0.6149512980448	0.5243010689145837
-54.0	0.9581143104373315	0.6149737339836134	0.5242059985079797
-53.6	0.9581142764141715	0.6149996892853773	0.5241175171394552
-53.2	0.9581142458186219	0.6150274042686172	0.5240360954545906
-52.8	0.9581142206443499	0.6150564390129629	0.5239607921622298
-52.4	0.9581142014573277	0.6150863535980475	0.5238906659712201
-52.0	0.9581141879225274	0.6151162681831313	0.5238261875271384
-51.6	0.958114179213424	0.6151466226885844	0.5237668861844034
-51.2	0.958114174307155	0.6151760973532996	0.5237113500062875
-50.8	0.958114172179592	0.6152046921772776	0.5236600496383677
-50.4	0.9581141719200008	0.6152324071605157	0.5236120437894876
-50.0	0.9581141727856862	0.6152592423030177	0.5235682737508034
-49.6	0.958114174215348	0.6152851976047815	0.5235277982311599
-49.2	0.958114175816698	0.6153093932250702	0.5234901465849795
-48.8	0.9581141773403621	0.6153331489249902	0.523455318812263
-48.4	0.9581141786486354	0.6153542651026962	0.5234228442674338
-48.0	0.9581141796846981	0.615375381280403	0.5233927229504873
-47.6	0.9581141804455386	0.6153942978562643	0.5233649548614308
-47.2	0.9581141809600576	0.6154127745117588	0.5233395400002596
-46.8	0.9581141812726701	0.6154299314061449	0.5233155370758196
-46.4	0.9581141814319384	0.6154453286190549	0.5232929460881115
-46.0	0.9581141814834578	0.6154602859115972	0.5232727083282898
-45.6	0.9581141814660036	0.615473923443032	0.5232534118596224
-45.2	0.9581141814100037	0.6154871210541	0.5232364686188413
-44.8	0.9581141813376217	0.6154985589836901	0.5232195253780612
-44.4	0.9581141812637005	0.6155095569929117	0.5232044647195888
-44.0	0.9581141811970996	0.6155192352410275	0.5231908159978476
-43.6	0.9581141811422268	0.6155289134891424	0.5231771672761072
-43.2	0.9581141811003462	0.6155377118965202	0.5231654011366764
-42.8	0.9581141810707701	0.6155451905427913	0.5231541056428224
-42.4	0.9581141810516962	0.615552229268693	0.5231437514401227
-42.0	0.9581141810409202	0.6155592679945956	0.5231338678830006
-41.6	0.9581141810362146	0.6155649869593907	0.5231249256170338
-41.2	0.9581141810355953	0.6155707059241857	0.5231169246422196
-40.8	0.9581141810374432	0.6155759849686131	0.5231089236674062
-40.4	0.9581141810405337	0.6155808240926719	0.5231018639837473
-40.0	0.9581141810440088	0.6155852232963595	0.5230952749456659
-39.6	0.9581141810473229	0.6155891825796793	0.5230891565531612
-39.2	0.9581141810501724	0.615592262022262	0.5230835088062342
-38.8	0.958114181052432	0.6155957813852133	0.5230783317048848
-38.4	0.958114181054094	0.615598860827796	0.5230731546035345
-38.0	0.9581141810552191	0.615601940270377	0.5230684481477628
-37.6	0.958114181055909	0.6156041398722216	0.5230642123375668
-37.2	0.958114181056257	0.6156063394740663	0.5230599765273718
-36.8	0.9581141810563671	0.6156085390759101	0.5230566820083311
-36.4	0.9581141810563303	0.6156102987573862	0.5230533874892904
-36.0	0.9581141810562113	0.6156120584388614	0.5230500929702497
-35.6	0.9581141810560556	0.6156138181203374	0.5230472690967858
-35.2	0.9581141810558998	0.6156151378814432	0.5230449158689003
-34.8	0.9581141810557531	0.6156160177221821	0.5230420919954373
-34.4	0.9581141810556342	0.6156177774036564	0.5230392681219733
-34.0	0.9581141810555424	0.6156186572443945	0.523036914894087
-33.6	0.9581141810554785	0.6156195370851325	0.5230350323117774
-33.2	0.9581141810554344	0.6156204169258706	0.5230331497294687
-32.8	0.9581141810554105	0.6156212967666077	0.5230312671471591
-32.4	0.9581141810554005	0.6156217366869772	0.523029855210428
-32.0	0.9581141810553986	0.6156230564480838	0.523028443273696
-31.6	0.9581141810554022	0.6156234963684524	0.5230270313369649
-31.2	0.9581141810554096	0.6156239362888201	0.5230260900458097
-30.8	0.9581141810554169	0.6156243762091904	0.5230246781090777
-30.4	0.9581141810554241	0.615624816129559	0.5230237368179242
-30.0	0.9581141810554298	0.6156252560499276	0.5230223248811923
-29.6	0.9581141810554351	0.615625695970297	0.5230218542356146
-29.2	0.9581141810554389	0.6156261358906656	0.5230209129444603
-28.8	0.9581141810554417	0.6156261358906656	0.5230199716533059
-28.4	0.9581141810554417	0.6156265758110342	0.5230195010077274
-28.0	0.9581141810554417	0.6156265758110342	0.523018559716574
-27.6	0.9581141810554417	0.6156270157314028	0.5230180890709963
-27.2	0.9581141810554417	0.6156270157314028	0.523017147779842
-26.8	0.9581141810554417	0.6156274556517722	0.5230166771342653
-26.4	0.9581141810554417	0.6156274556517722	0.5230162064886885
-26.0	0.9581141810554417	0.6156274556517722	0.52301573584311
-25.6	0.9581141810554417	0.6156274556517722	0.5230152651975333
-25.2	0.9581141810554417	0.6156278955721417	0.5230147945519557
-24.8	0.9581141810554417	0.6156278955721417	0.5230143239063789
-24.4	0.9581141810554417	0.6156278955721417	0.5230143239063789
-24.0	0.9581141810554417	0.6156278955721417	0.5230133826152237
-23.6	0.9581141810554417	0.6156278955721417	0.5230133826152237
-23.2	0.9581141810554417	0.6156287754128789	0.5230133826152237
-22.8	0.9581141810554417	0.6156287754128789	0.523012911969646
-22.4	0.9581141810554417	0.6156287754128789	0.523012911969646
-22.0	0.9581141810554417	0.6156287754128789	0.5230124413240693
-21.6	0.9581141810554417	0.6156287754128789	0.5230124413240693
-21.2	0.9581141810554417	0.6156287754128789	0.5230119706784917
-20.8	0.9581141810554417	0.6156287754128789	0.5230119706784917
-20.4	0.9581141810554417	0.6156287754128789	0.523011500032915
-20.0	0.9581141810554417	0.6156287754128789	0.523011500032915
-19.6	0.9581141810554417	0.6156292153332474	0.523011500032915
-19.2	0.9581141810554417	0.6156287754128789	0.5230110293873382
-18.8	0.9581141810554417	0.6156292153332474	0.5230110293873382
-18.4	0.9581141810554417	0.6156292153332474	0.5230110293873382
-18.0	0.9581141810554417	0.6156292153332474	0.5230110293873382
-17.6	0.9581141810554417	0.6156292153332474	0.5230105587417606
-17.2	0.9581141810554417	0.6156292153332474	0.5230105587417606
-16.8	0.9581141810554417	0.6156292153332474	0.5230105587417606
-16.4	0.9581141810554417	0.6156292153332474	0.5230105587417606
-16.0	0.9581141810554417	0.6156292153332474	0.5230105587417606
-15.6	0.9581141810554417	0.6156292153332474	0.5230105587417606
-15.2	0.9581141810554417	0.6156292153332474	0.5230105587417606
-14.8	0.9581141810554417	0.6156292153332474	0.523010088096183
-14.4	0.9581141810554417	0.6156292153332474	0.523010088096183
-14.0	0.9581141810554417	0.6156292153332474	0.523010088096183
-13.6	0.9581141810554417	0.6156292153332474	0.523010088096183
-13.2	0.9581141810554417	0.6156292153332474	0.523010088096183
-12.8	0.9581141810554417	0.6156292153332474	0.523010088096183
-12.4	0.9581141810554417	0.6156292153332474	0.523010088096183
-12.0	0.9581141810554417	0.6156292153332474	0.523010088096183
-11.6	0.9581141810554417	0.6156292153332474	0.523010088096183
-11.2	0.9581141810554417	0.6156292153332474	0.523010088096183
-10.8	0.9581141810554417	0.6156292153332474	0.5230096174506063
-10.4	0.9581141810554417	0.6156292153332474	0.5230096174506063
-10.0	0.9581141810554417	0.6156292153332474	0.5230096174506063
-9.6	0.9581141810554417	0.6156292153332474	0.5230096174506063
-9.2	0.9581141810554417	0.6156292153332474	0.5230096174506063
-8.8	0.9581141810554417	0.6156292153332474	0.5230096174506063
-8.4	0.9581141810554417	0.6156292153332474	0.5230096174506063
-8.0	0.9581141810554417	0.6156292153332474	0.5230096174506063
-7.6	0.9581141810554417	0.6156292153332474	0.5230096174506063
-7.2	0.9581141810554417	0.6156292153332474	0.5230096174506063
-6.8	0.9581141810554417	0.6156292153332474	0.5230096174506063
-6.4	0.9581141810554417	0.6156292153332474	0.5230096174506063
-6.0	0.9581141810554417	0.6156292153332474	0.5230096174506063
-5.6	0.9581141810554417	0.6156292153332474	0.5230096174506063
-5.2	0.9581141810554417	0.6156292153332474	0.5230096174506063
-4.8	0.9581141810554417	0.6156292153332474	0.5230096174506063
-4.4	0.9581141810554417	0.6156292153332474	0.5230096174506063
-4.0	0.9581141810554417	0.6156292153332474	0.5230096174506063
-3.6	0.9581141810554417	0.6156292153332474	0.5230096174506063
-3.2	0.9581141810554417	0.6156292153332474	0.5230096174506063
-2.8	0.9581141810554417	0.6156292153332474	0.5230096174506063
-2.4	0.9581141810554417	0.6156292153332474	0.5230096174506063
-2.0	0.9581141810554417	0.6156292153332474	0.5230096174506063
-1.6	0.9581141810554417	0.6156292153332474	0.5230096174506063
-1.2	0.9581141810554417	0.6156292153332474	0.5230096174506063
-0.8	0.9581141810554417	0.6156292153332474	0.5230096174506063
-0.4	0.9581141810554417	0.6156292153332474	0.5230096174506063
0.0	0.9581141810554417	0.6156292153332474	0.5230096174506063
0.4	0.9581141810554417	0.6156292153332474	0.5230096174506063
0.8	0.9581141810554417	0.6156292153332474	0.5230096174506063
1.2	0.9581141810554417	0.6156292153332474	0.5230096174506063
1.6	0.9325882731771457	0.6043232618529766	0.5155597686082958
2.0	0.843873479541181	0.5593053306645279	0.48681226610421025
2.4	0.7024322818904056	0.4714690701320423	0.43256942203484705
2.8	0.5458070038769351	0.3567316790424133	0.35962029885205204
3.2	0.39772406734057786	0.2508666019523993	0.2783991090034892
3.6	0.2711570215730236	0.19483702401046177	0.2028063696132758
4.0	0.17132258500387848	0.2084543191088395	0.14771495156812708
4.4	0.0983034944876641	0.27706517968043887	0.12300464682570311
4.8	0.04916003282079817	0.36512887904363645	0.12884677037612313
5.2	0.01950614488574446	0.44405675210625795	0.15621669327559395
5.6	0.004595669507025765	0.5052364778066982	0.19235474327925584
6.0	0.0	0.5523405113843856	0.22712368529869575
6.4	0.001970428391404537	0.5907587571988646	0.2558547152075761
6.8	0.007575045034696991	0.6234496797308662	0.27817649364545005
7.2	0.014688064423555941	0.6513063173292206	0.29546895344481694
7.6	0.02189372658355987	0.6745165159914439	0.3091256761599164
8.0	0.028350770343242414	0.6933327900092712	0.3200244157923251
8.4	0.03364886844387128	0.7082139763274471	0.32866076213488515
8.8	0.03767634363262206	0.7197227330977727	0.3353811103324569
9.2	0.04050924737979743	0.7284313967201648	0.34051491228911335
9.6	0.04232533770082475	0.7348753502835503	0.34439303184566405
10.0	0.04334225697962158	0.739526628343742	0.34732891895655715
10.4	0.0437768026503866	0.7427903975604782	0.34959131224640405
10.8	0.04382111652659886	0.74500143733448	0.3513948260984314
11.2	0.0436314574530143	0.7464285390111343	0.3528966561354405
11.6	0.04332561052056362	0.7472819845267651	0.35420363890346707
12.0	0.042985653963167406	0.7477210250549087	0.35538542994794486
12.4	0.042663562242194204	0.7478666386970101	0.3564796809150552
12.8	0.0423878493422843	0.7478054897657342	0.3575061589190396
13.2	0.0421700822648452	0.7476013667145729	0.3584728649347131
13.6	0.04201059248040673	0.7472991414211512	0.35938074025323097
14.0	0.04190308016847743	0.7469318079131346	0.3602293142290147
14.4	0.04183805552060373	0.7465231218904442	0.36101529234302454
14.8	0.04180521399754266	0.7460906801678329	0.36173867459525955
15.2	0.04179492120687013	0.7456472404359991	0.362400402276875
15.6	0.04179900972608181	0.7452033607837967	0.3629995340967165
16.0	0.041811083295859995	0.744766519857496	0.36354077651055494
16.4	0.041826497980267635	0.7443433164626319	0.3640269533918561
16.8	0.04184215583202051	0.7439372699621538	0.3644627711963899
17.2	0.0418562115070811	0.7435536594004883	0.3648519950887774
17.6	0.04186776048210639	0.7431938045387438	0.36519980217036707
18.0	0.04187655121900773	0.74286034489913	0.3655094869601969
18.4	0.04188274346064996	0.7425532804816513	0.3657862265596199
18.8	0.04188672053711745	0.7422721713659346	0.3660337861332552
19.2	0.041888954288249444	0.7420178973927207	0.3662540482634098
19.6	0.04188991592059674	0.741789138800903	0.3664517194058545
20.0	0.04189002375820357	0.7415845758293722	0.3666286821429008
20.4	0.04188961846969933	0.7414028887170225	0.366787289702434
20.8	0.041888957182442156	0.7412418778620129	0.36692989531234144
21.2	0.041888219337756126	0.7411002235032331	0.3670574402637765
21.6	0.04188751878474316	0.740976165959208	0.36717180713904796
22.0	0.041886918187912965	0.7408679455484641	0.3672753491660439
22.4	0.041886443187265275	0.7407738025895219	0.367368536990341
22.8	0.04188609483509504	0.7406928572416476	0.3674518412575134
23.2	0.04188585963542684	0.7406229099029957	0.36752714454987334
23.6	0.04188571705760046	0.7405622008920902	0.3675944468674208
24.0	0.0418856447300795	0.7405107302089302	0.3676556307924628
24.4	0.04188562169394452	0.7404667381720431	0.36771022567942424
24.8	0.041885630155010865	0.7404297848610559	0.3677591728194596
25.2	0.04188565615950581	0.7403976706741275	0.3678038841492972
25.6	0.041885689562664655	0.740371275451996	0.36784341837778634
26.0	0.041885723585826894	0.7403488395131816	0.36787918744165715
26.4	0.04188575418137185	0.7403294830169509	0.3679116619864873
26.8	0.04188577935564246	0.7403136458836714	0.36793990072112326
27.2	0.04188579854266422	0.7403008881929747	0.36796625687344875
27.6	0.04188581207746908	0.7402898901837522	0.3679897891523112
28.0	0.04188582078657159	0.740281531696743	0.36801049755771054
28.4	0.04188582569284101	0.7402744929708414	0.3680297940263779
28.8	0.04188582782040343	0.7402678941653074	0.36804626662158224
29.2	0.04188582807999494	0.7402634949616189	0.36806226857120805
29.6	0.04188582721430925	0.7402599755986676	0.3680754466473699
30.0	0.04188582578464762	0.7402564562357163	0.3680876834323801
30.4	0.041885824183297664	0.7402542566338726	0.36809944957181084
30.8	0.04188582265963342	0.7402524969523965	0.3681093331289329
31.2	0.04188582135136015	0.7402507372709222	0.3681182753949006
31.6	0.0418858203152968	0.7402498574301832	0.3681267470152916
32.0	0.041885819554456694	0.7402494175098147	0.36813380669895057
32.4	0.04188581903993779	0.7402489775894461	0.3681399250914552
32.8	0.0418858187273271	0.7402485376690775	0.36814604348395896
33.2	0.04188581856805733	0.7402485376690775	0.36815122058530836
33.6	0.04188581851653521	0.7402485376690775	0.368155927041081
34.0	0.04188581853399386	0.7402485376690775	0.36816016285127606
34.4	0.0418858185899931	0.7402485376690775	0.368164398661472
34.8	0.04188581866237206	0.7402485376690775	0.3681681638260894
35.2	0.041885818736298756	0.7402489775894461	0.3681709876995525
35.6	0.04188581880289552	0.7402489775894461	0.36817381157301643
36.0	0.04188581885776873	0.7402494175098147	0.36817616480090276
36.4	0.04188581889964613	0.7402494175098147	0.3681785180287891
36.8	0.04188581892922926	0.7402494175098147	0.3681808712566763
37.2	0.04188581894829994	0.7402498574301832	0.3681822831934074
37.6	0.041885818959075415	0.7402498574301832	0.3681841657757161
38.0	0.04188581896378148	0.7402502973505527	0.3681855777124481
38.4	0.04188581896440085	0.7402502973505527	0.36818698964918006
38.8	0.04188581896255263	0.7402502973505527	0.3681879309403344
39.2	0.041885818959462105	0.7402507372709222	0.3681893428770655
39.6	0.041885818955986844	0.7402507372709222	0.36819028416822075
40.0	0.041885818952673064	0.7402511771912899	0.3681907548137975
40.4	0.041885818949823336	0.7402511771912899	0.36819169610495184
40.8	0.04188581894756354	0.7402511771912899	0.36819263739610797
41.2	0.04188581894590182	0.7402511771912899	0.3681931080416838
41.6	0.041885818944776304	0.7402511771912899	0.36819357868726144
42.0	0.04188581894409092	0.7402520570320279	0.36819404933283817
42.4	0.04188581894374024	0.7402520570320279	0.3681945199784158
42.8	0.04188581894362508	0.7402520570320279	0.3681949906239934
43.2	0.04188581894366099	0.7402520570320279	0.36819546126957015
43.6	0.04188581894378156	0.7402520570320279	0.3681959319151469
44.0	0.04188581894393838	0.7402520570320279	0.3681959319151469
44.4	0.041885818944099	0.7402520570320279	0.3681964025607245
44.8	0.04188581894424396	0.7402520570320279	0.3681964025607245
45.2	0.041885818944363565	0.7402524969523965	0.36819734385187886
45.6	0.041885818944454964	0.7402524969523965	0.36819734385187886
46.0	0.04188581894451962	0.7402524969523965	0.3681978144974565
46.4	0.04188581894456138	0.7402524969523965	0.3681978144974565
46.8	0.04188581894458505	0.7402524969523965	0.3681978144974565
47.2	0.04188581894459545	0.7402524969523965	0.3681982851430341
47.6	0.04188581894459692	0.7402524969523965	0.3681982851430341
48.0	0.04188581894459297	0.7402524969523965	0.3681982851430341
48.4	0.041885818944586296	0.7402524969523965	0.3681982851430341
48.8	0.041885818944578754	0.7402524969523965	0.3681982851430341
49.2	0.041885818944571544	0.7402524969523965	0.36819875578861083
49.6	0.04188581894456534	0.7402524969523965	0.36819875578861083
50.0	0.04188581894456041	0.7402524969523965	0.36819875578861083
50.4	0.04188581894455678	0.7402524969523965	0.36819875578861083
50.8	0.041885818944554315	0.7402524969523965	0.36819875578861083
51.2	0.041885818944552816	0.7402524969523965	0.36819875578861083
51.6	0.041885818944552046	0.7402524969523965	0.36819875578861083
52.0	0.04188581894455179	0.7402524969523965	0.36819922643418934
52.4	0.04188581894455186	0.7402524969523965	0.36819875578861083
52.8	0.04188581894455212	0.7402524969523965	0.36819875578861083
53.2	0.04188581894455246	0.7402524969523965	0.36819922643418934
53.6	0.04188581894455281	0.7402524969523965	0.36819922643418934
54.0	0.04188581894455312	0.7402524969523965	0.36819922643418934
54.4	0.041885818944553385	0.7402524969523965	0.36819922643418934
54.8	0.041885818944553586	0.7402524969523965	0.36819922643418934
55.2	0.041885818944553725	0.7402524969523965	0.36819922643418934
55.6	0.041885818944553815	0.7402524969523965	0.36819922643418934
56.0	0.04188581894455387	0.7402524969523965	0.36819922643418934
56.4	0.04188581894455389	0.7402524969523965	0.36819922643418934
56.8	0.04188581894455389	0.7402524969523965	0.36819922643418934
57.2	0.041885818944553885	0.7402524969523965	0.36819922643418934
57.6	0.04188581894455387	0.7402524969523965	0.36819922643418934
58.0	0.04188581894455386	0.7402524969523965	0.36819922643418934
58.4	0.04188581894455384	0.7402524969523965	0.36819922643418934
58.8	0.04188581894455383	0.7402524969523965	0.36819922643418934
59.2	0.041885818944553815	0.7402524969523965	0.36819922643418934
59.6	0.04188581894455381	0.7402524969523965	0.36819922643418934
60.0	0.0418858189445538	0.7402524969523965	0.36819922643418934
60.4	0.0418858189445538	0.7402524969523965	0.36819922643418934
60.8	0.041885818944553795	0.7402524969523965	0.36819922643418934
61.2	0.041885818944553795	0.7402524969523965	0.36819922643418934
61.6	0.041885818944553795	0.7402524969523965	0.36819922643418934
62.0	0.041885818944553795	0.7402524969523965	0.36819922643418934
62.4	0.0418858189445538	0.7402524969523965	0.36819922643418934
62.8	0.0418858189445538	0.7402524969523965	0.36819922643418934
63.2	0.0418858189445538	0.7402524969523965	0.36819922643418934
63.6	0.0418858189445538	0.7402524969523965	0.36819922643418934
64.0	0.0418858189445538	0.7402524969523965	0.36819922643418934
64.4	0.0418858189445538	0.7402524969523965	0.36819922643418934
64.8	0.0418858189445538	0.7402524969523965	0.36819922643418934
65.2	0.0418858189445538	0.7402524969523965	0.36819922643418934
65.6	0.0418858189445538	0.7402524969523965	0.36819922643418934
66.0	0.0418858189445538	0.7402524969523965	0.36819922643418934
66.4	0.0418858189445538	0.7402524969523965	0.36819922643418934
66.8	0.0418858189445538	0.7402524969523965	0.36819922643418934
67.2	0.0418858189445538	0.7402524969523965	0.36819922643418934
67.6	0.0418858189445538	0.7402524969523965	0.36819922643418934
68.0	0.0418858189445538	0.7402524969523965	0.36819922643418934
68.4	0.0418858189445538	0.7402524969523965	0.36819922643418934
68.8	0.0418858189445538	0.7402524969523965	0.36819922643418934
69.2	0.0418858189445538	0.7402524969523965	0.36819922643418934
69.6	0.0418858189445538	0.7402524969523965	0.36819922643418934
70.0	0.0418858189445538	0.7402524969523965	0.36819922643418934
70.4	0.0418858189445538	0.7402524969523965	0.36819922643418934
70.8	0.0418858189445538	0.7402524969523965	0.36819922643418934
71.2	0.0418858189445538	0.7402524969523965	0.36819922643418934
71.6	0.0418858189445538	0.7402524969523965	0.36819922643418934
72.0	0.0418858189445538	0.7402524969523965	0.36819922643418934
72.4	0.0418858189445538	0.7402524969523965	0.36819922643418934
72.8	0.0418858189445538	0.7402524969523965	0.36819922643418934
73.2	0.0418858189445538	0.7402524969523965	0.36819922643418934
73.6	0.0418858189445538	0.7402524969523965	0.36819922643418934
74.0	0.0418858189445538	0.7402524969523965	0.36819922643418934
74.4	0.0418858189445538	0.7402524969523965	0.36819922643418934
74.8	0.0418858189445538	0.7402524969523965	0.36819922643418934
75.2	0.0418858189445538	0.7402524969523965	0.36819922643418934
75.6	0.0418858189445538	0.7402524969523965	0.36819922643418934
76.0	0.0418858189445538	0.7402524969523965	0.36819922643418934
76.4	0.0418858189445538	0.7402524969523965	0.36819922643418934
76.8	0.0418858189445538	0.7402524969523965	0.36819922643418934
77.2	0.0418858189445538	0.7402524969523965	0.36819922643418934
77.6	0.0418858189445538	0.7402524969523965	0.36819922643418934
78.0	0.0418858189445538	0.7402524969523965	0.36819922643418934
78.4	0.0418858189445538	0.7402524969523965	0.36819922643418934
78.8	0.0418858189445538	0.7402524969523965	0.36819922643418934
79.2	0.0418858189445538	0.7402524969523965	0.36819922643418934
79.6	0.0418858189445538	0.7402524969523965	0.36819922643418934
80.0	0.0418858189445538	0.7402524969523965	0.36819922643418934
80.4	0.0418858189445538	0.7402524969523965	0.36819922643418934
80.8	0.0418858189445538	0.7402524969523965	0.36819922643418934
