TIEMPO	VFSCd	VFSCi	PAMn	PCC	RAP
0.40	70.96	74.22	63.88	6.36	0.76
1.00	70.42	72.99	62.69	2.05	0.82
1.60	69.97	72.12	61.67	-0.58	0.85
2.20	69.81	71.85	61.34	0.34	0.84
2.80	68.87	70.94	60.50	0.49	0.84
3.40	67.16	69.36	58.73	-1.65	0.86
4.00	66.07	67.92	57.02	-2.49	0.86
4.60	65.45	66.88	55.59	-2.37	0.86
5.20	64.85	66.33	54.66	-1.57	0.84
5.80	65.63	66.77	54.27	-0.34	0.81
6.40	67.68	68.07	54.72	2.19	0.76
7.00	68.68	69.02	54.60	1.05	0.77
7.60	69.01	69.43	54.29	-0.80	0.78
8.20	68.66	69.05	53.90	0.69	0.76
8.80	68.72	68.78	53.91	1.51	0.75
9.40	69.23	68.73	54.32	0.93	0.77
10.00	71.09	70.82	55.91	-0.36	0.79
10.60	72.54	72.24	57.44	-0.52	0.79
11.20	73.36	72.29	58.12	2.58	0.76
11.80	72.79	71.81	58.12	3.16	0.75
12.40	72.18	71.56	57.65	1.36	0.77
13.00	73.12	72.47	57.58	0.79	0.77
13.60	73.66	73.61	57.90	1.31	0.76
14.20	73.52	74.60	58.73	3.15	0.72
14.80	72.36	73.98	58.38	2.03	0.75
15.40	70.77	72.86	57.50	0.76	0.77
16.00	68.27	71.10	56.28	1.52	0.75
16.60	67.99	70.56	55.46	2.40	0.74
17.20	68.77	70.69	55.03	3.10	0.72
17.80	70.12	71.36	55.59	0.61	0.76
18.40	70.16	70.90	55.60	-0.13	0.77
19.00	69.00	69.51	54.71	2.33	0.74
19.60	67.60	68.45	53.61	2.32	0.74
20.20	66.69	67.81	52.70	1.82	0.74
20.80	66.16	67.35	52.09	3.16	0.72
21.40	68.37	68.54	52.63	1.04	0.75
22.00	70.63	70.03	53.95	-2.53	0.80
22.60	71.18	71.07	54.98	2.41	0.73
23.20	71.14	70.95	55.70	5.06	0.70
23.80	70.99	70.37	56.13	4.02	0.73
24.40	70.87	69.63	56.34	1.80	0.77
25.00	71.23	69.66	56.64	0.30	0.80
25.60	71.98	70.34	57.13	0.62	0.79
26.20	72.52	71.87	58.32	1.82	0.77
26.80	72.40	72.10	58.91	2.79	0.76
27.40	71.50	70.54	58.04	2.81	0.77
28.00	70.32	69.02	57.09	3.12	0.77
28.60	69.11	67.77	56.18	3.57	0.77
29.20	67.52	66.60	54.80	3.00	0.77
29.80	67.36	66.88	54.10	2.15	0.77
30.40	68.63	68.47	55.06	1.13	0.78
31.00	68.99	68.52	55.13	1.03	0.78
31.60	68.71	68.19	54.79	1.18	0.78
32.20	67.86	67.99	54.35	1.17	0.77
32.80	67.36	67.77	54.03	0.65	0.78
33.40	67.33	67.73	53.92	-0.38	0.79
34.00	66.88	67.65	53.43	-1.37	0.80
34.60	67.64	68.74	53.70	-1.62	0.80
35.20	69.91	71.27	55.47	-0.62	0.78
35.80	71.63	72.39	56.82	0.10	0.78
36.40	72.14	72.42	57.43	0.94	0.77
37.00	70.74	71.29	57.07	3.09	0.75
37.60	68.95	69.83	56.43	2.76	0.76
38.20	67.30	68.45	55.67	-0.10	0.81
38.80	65.32	65.84	53.80	-1.21	0.83
39.40	65.07	65.55	52.83	-0.97	0.82
40.00	66.83	68.21	53.94	0.51	0.78
40.60	68.76	70.65	55.34	1.51	0.75
41.20	69.69	71.63	56.51	2.43	0.74
41.80	69.47	70.77	57.32	3.62	0.74
42.40	68.39	69.35	57.48	4.26	0.76
43.00	67.16	67.81	57.13	4.14	0.78
43.60	66.46	66.45	56.51	2.61	0.80
44.20	65.31	65.05	55.36	1.17	0.82
44.80	63.16	63.35	53.13	0.59	0.81
45.40	64.99	64.49	52.85	0.19	0.80
46.00	67.32	66.06	53.36	0.11	0.78
46.60	68.33	67.00	53.43	0.83	0.77
47.20	67.18	66.12	52.93	0.93	0.77
47.80	65.45	64.52	52.00	0.64	0.77
48.40	64.37	62.90	51.02	1.51	0.76
49.00	63.74	61.80	50.18	2.62	0.75
49.60	63.48	61.29	49.86	3.40	0.74
50.20	61.72	59.78	48.53	4.99	0.71
50.80	61.86	60.15	48.05	4.74	0.71
51.40	65.65	63.87	49.88	-0.22	0.78
52.00	68.41	66.90	52.18	1.48	0.75
52.60	69.67	68.58	53.86	4.20	0.71
53.20	69.34	68.74	54.28	2.63	0.74
53.80	67.81	67.66	53.83	2.00	0.76
54.40	66.11	66.71	53.27	1.54	0.77
55.00	64.62	66.61	53.52	-0.77	0.81
55.60	64.09	66.77	53.72	-0.81	0.81
56.20	63.77	66.63	53.77	1.52	0.77
56.80	63.07	65.94	53.97	3.83	0.75
57.40	61.73	64.33	54.07	5.18	0.75
58.00	60.59	63.06	54.16	5.49	0.76
58.60	60.05	62.90	54.41	4.34	0.77
59.20	61.44	64.50	55.29	3.20	0.79
59.80	63.19	65.98	56.52	2.44	0.81
60.40	64.44	66.10	57.29	3.21	0.81
61.00	63.37	65.30	57.06	3.12	0.81
61.60	61.87	64.34	55.95	2.06	0.83
62.20	61.94	63.62	55.12	1.88	0.81
62.80	62.41	63.40	54.51	1.95	0.81
63.40	62.95	63.51	53.72	1.89	0.89
64.00	65.86	66.81	54.83	2.23	0.83
64.60	67.94	69.13	56.12	2.11	0.76
65.20	68.65	69.75	56.55	0.17	0.79
65.80	67.32	69.14	56.17	-0.17	0.80
66.40	66.46	67.83	55.41	0.22	0.79
67.00	67.32	65.67	54.28	1.19	0.79
67.60	68.35	66.84	54.05	0.68	0.79
68.20	69.27	68.71	54.60	-1.17	0.80
68.80	70.26	68.75	54.94	0.50	0.78
69.40	69.78	68.27	54.55	1.05	0.77
70.00	68.20	67.55	53.18	-1.01	0.79
70.60	67.46	66.70	52.14	-0.87	0.78
71.20	67.92	66.55	51.72	-0.12	0.77
71.80	70.03	67.44	51.98	-0.18	0.76
72.40	71.67	70.03	53.48	1.11	0.74
73.00	72.61	71.77	54.96	2.56	0.72
73.60	72.88	70.45	55.28	2.85	0.73
74.20	71.73	69.58	55.15	2.84	0.74
74.80	70.15	69.01	54.72	2.78	0.74
75.40	68.99	68.57	54.16	4.38	0.71
76.00	68.25	68.27	53.75	4.83	0.70
76.60	67.91	68.18	53.44	0.95	0.76
77.20	68.41	69.57	54.21	1.08	0.76
77.80	68.51	70.46	54.86	2.27	0.74
78.40	67.07	69.59	54.30	2.18	0.74
79.00	66.27	68.58	53.79	2.14	0.74
79.60	65.96	67.79	53.51	2.34	0.75
80.20	66.15	68.21	53.53	3.04	0.73
80.80	66.57	68.48	53.93	3.99	0.72
81.40	67.43	68.36	54.86	5.51	0.71
82.00	66.46	67.75	54.98	3.76	0.75
82.60	66.49	68.55	55.27	0.35	0.81
83.20	69.31	71.99	59.02	-0.06	0.75
83.80	70.42	73.56	62.37	-0.24	0.74
84.40	70.12	73.40	64.71	-0.30	0.78
85.00	68.71	71.58	65.70	1.41	0.85
85.60	67.48	69.69	66.19	3.33	0.89
86.20	66.57	68.09	66.40	5.45	0.89
86.80	65.46	66.78	65.37	2.25	0.94
87.40	64.89	66.57	64.41	0.14	0.95
88.00	65.25	68.17	64.51	3.88	0.88
88.60	64.65	67.04	63.54	4.68	0.86
89.20	63.55	64.99	61.51	2.53	0.88
89.80	61.82	63.66	59.41	2.56	0.87
90.40	60.31	62.50	57.35	2.79	0.86
91.00	59.12	61.20	55.15	0.78	0.88
91.60	58.86	60.97	53.44	-0.33	0.87
92.20	59.50	61.77	52.25	0.09	0.84
92.80	61.02	63.29	52.27	1.15	0.80
93.40	62.22	64.57	52.51	1.82	0.78
94.00	62.51	65.16	52.08	0.24	0.79
94.60	62.90	65.80	51.76	0.27	0.77
95.20	63.52	66.57	51.69	2.72	0.72
95.80	64.56	66.87	51.55	1.56	0.73
96.40	65.75	67.70	51.77	0.96	0.74
97.00	67.07	69.23	52.46	3.42	0.71
97.60	70.19	72.52	54.77	3.33	0.70
98.20	72.00	74.61	56.84	2.04	0.73
98.80	70.96	74.19	57.43	0.12	0.76
99.40	70.08	73.10	57.34	1.60	0.75
100.00	69.07	71.74	56.96	3.95	0.72
100.60	67.49	70.09	56.34	2.67	0.76
101.20	67.19	70.08	56.07	2.34	0.76
101.80	67.70	71.01	56.23	3.68	0.73
102.40	67.48	70.21	55.76	3.77	0.73
103.00	66.87	69.21	54.95	3.20	0.74
103.60	65.87	68.56	53.86	2.00	0.75
104.20	64.84	67.03	52.95	1.85	0.75
104.80	64.44	66.13	52.33	2.76	0.74
105.40	65.11	67.72	52.27	3.18	0.72
106.00	67.45	70.83	53.28	3.20	0.70
106.60	71.03	74.89	56.24	2.40	0.71
107.20	72.57	74.89	57.63	3.58	0.71
107.80	73.14	74.17	58.47	4.25	0.72
108.40	73.01	73.34	59.40	2.25	0.77
109.00	72.94	72.69	60.07	2.69	0.78
109.60	73.01	72.28	60.54	5.10	0.76
110.20	73.35	72.30	61.23	2.08	0.81
110.80	73.84	72.19	62.02	1.28	0.83
111.40	74.23	71.85	62.91	4.07	0.81
112.00	72.81	69.57	62.70	4.56	0.82
112.60	71.46	67.97	62.00	4.26	0.83
113.20	70.62	67.78	61.23	4.42	0.81
113.80	69.31	67.08	60.05	4.14	0.80
114.40	67.94	65.96	58.28	3.39	0.82
115.00	68.45	67.52	58.03	1.39	0.84
115.60	68.77	68.44	58.03	0.13	0.84
116.20	68.03	67.39	57.30	1.75	0.81
116.80	67.37	66.61	56.47	2.89	0.79
117.40	67.06	66.27	55.68	3.09	0.78
118.00	66.57	66.44	55.41	1.72	0.79
118.60	67.64	67.94	56.14	0.61	0.80
119.20	70.44	70.75	58.26	0.82	0.80
119.80	70.61	70.80	58.80	1.21	0.80
120.40	69.72	69.79	58.49	1.72	0.80
121.00	68.57	68.58	58.19	2.94	0.79
121.60	67.29	67.60	57.37	2.87	0.79
122.20	66.50	67.24	56.15	1.50	0.80
122.80	67.77	68.69	56.62	0.17	0.82
123.40	68.18	69.38	56.84	0.27	0.81
124.00	67.11	68.70	55.85	2.74	0.76
124.60	66.48	68.92	54.81	2.94	0.74
125.20	66.34	69.60	53.92	1.10	0.75
125.80	66.61	70.21	53.25	-1.07	0.77
126.40	67.83	71.40	53.18	-1.76	0.76
127.00	69.89	73.14	54.21	0.75	0.72
127.60	71.21	74.58	54.79	2.26	0.70
128.20	72.01	75.60	55.35	2.83	0.69
128.80	72.22	76.16	56.32	2.23	0.71
129.40	72.37	75.85	56.83	1.81	0.70
130.00	73.16	76.28	57.32	1.89	0.67
130.60	75.71	79.36	59.18	3.17	0.68
131.20	76.22	79.96	60.30	3.26	0.70
131.80	75.63	79.37	60.64	2.73	0.72
132.40	74.33	78.22	60.23	2.07	0.73
133.00	73.88	77.61	59.64	2.09	0.73
133.60	73.75	77.22	59.02	2.85	0.72
134.20	73.19	76.23	58.53	4.71	0.69
134.80	73.34	76.95	58.70	4.79	0.69
135.40	73.59	77.64	59.56	2.49	0.73
136.00	71.75	75.67	59.12	2.97	0.73
136.60	69.82	73.92	58.22	3.72	0.73
137.20	68.14	72.87	57.21	3.44	0.73
137.80	66.77	71.23	55.93	3.06	0.73
138.40	66.27	70.71	54.96	2.64	0.73
139.00	67.23	72.92	55.39	1.80	0.73
139.60	67.85	73.39	55.67	1.87	0.72
140.20	68.19	73.11	55.57	2.98	0.71
140.80	68.79	73.63	55.54	1.04	0.73
141.40	69.70	74.45	55.66	-0.32	0.75
142.00	70.91	75.51	56.03	1.05	0.71
142.60	72.43	76.52	56.66	1.69	0.71
143.20	73.74	77.65	57.88	2.24	0.71
143.80	74.66	79.20	60.19	3.76	0.71
144.40	74.55	80.30	62.31	4.86	0.71
145.00	73.80	80.61	63.85	5.30	0.73
145.60	72.09	79.13	64.13	4.62	0.74
146.20	71.04	78.11	63.82	3.64	0.76
146.80	70.76	77.94	63.15	2.71	0.76
147.40	72.33	78.23	62.96	1.80	0.77
148.00	73.67	78.34	63.01	0.99	0.78
148.60	73.05	77.74	61.56	1.11	0.76
149.20	71.76	76.71	59.78	1.12	0.75
149.80	70.02	75.28	57.86	0.78	0.74
150.40	68.46	74.74	56.06	0.60	0.75
151.00	67.43	74.56	54.51	0.60	0.76
151.60	67.83	74.84	53.81	0.70	0.72
152.20	67.43	74.14	53.21	0.77	0.70
152.80	65.87	72.19	52.36	0.68	0.71
153.40	64.70	70.56	51.34	1.38	0.69
154.00	64.36	69.88	50.37	2.52	0.67
154.60	65.47	70.97	51.16	3.86	0.65
155.20	66.37	71.64	51.97	3.47	0.66
155.80	66.92	71.76	52.46	0.93	0.71
156.40	66.71	71.29	52.85	0.59	0.72
157.00	66.73	70.92	53.18	1.09	0.72
157.60	67.06	70.68	53.32	1.84	0.72
158.20	68.99	72.17	54.72	1.48	0.72
158.80	70.20	72.96	56.11	1.32	0.74
159.40	69.05	71.00	56.20	3.15	0.73
160.00	67.54	69.83	55.91	3.63	0.74
160.60	66.26	69.21	55.39	2.54	0.76
161.20	65.86	68.55	54.46	0.71	0.78
161.80	65.99	69.13	54.01	-0.39	0.78
162.40	66.45	70.91	55.04	0.53	0.77
163.00	66.46	71.15	54.93	0.80	0.75
163.60	65.84	70.32	54.21	0.78	0.75
164.20	64.21	68.21	52.71	0.80	0.75
164.80	63.79	67.92	51.84	0.57	0.75
165.40	64.46	69.12	51.80	0.06	0.74
166.00	66.28	71.12	52.90	0.52	0.73
166.60	67.13	71.54	53.65	0.96	0.72
167.20	66.69	70.20	53.04	0.23	0.74
167.80	64.86	68.91	52.39	1.62	0.72
168.40	63.27	67.67	51.71	2.74	0.70
169.00	62.59	66.16	50.60	0.45	0.75
169.60	63.92	68.15	50.80	0.09	0.75
170.20	64.98	70.30	51.96	1.57	0.71
170.80	63.63	69.70	51.94	2.11	0.70
171.40	62.46	68.68	51.59	2.45	0.70
172.00	61.73	67.67	50.97	2.78	0.70
172.60	60.74	66.81	50.68	2.79	0.71
173.20	60.26	66.62	50.50	2.65	0.71
173.80	60.45	67.20	49.84	2.27	0.70
174.40	62.67	69.71	50.71	2.49	0.69
175.00	64.98	72.23	52.74	3.12	0.68
175.60	65.84	73.31	53.77	3.09	0.68
176.20	65.99	73.22	54.34	2.67	0.69
176.80	65.69	72.41	54.54	1.69	0.72
177.40	65.40	72.41	54.73	2.00	0.72
178.00	65.18	72.37	54.74	2.41	0.72
178.60	64.69	71.21	54.01	2.13	0.72
179.20	66.23	73.43	54.79	1.20	0.72
179.80	68.14	76.05	56.15	0.89	0.72
180.40	70.05	77.72	57.28	2.92	0.69
181.00	69.11	76.51	57.26	3.06	0.70
181.60	67.26	74.42	56.32	1.82	0.72
182.20	65.67	72.76	55.23	2.81	0.71
182.80	64.77	71.63	54.37	3.38	0.70
183.40	64.68	71.14	53.99	2.36	0.72
184.00	66.55	72.69	53.67	0.26	0.73
184.60	68.31	74.71	54.18	-1.62	0.73
185.20	69.19	76.49	55.95	-2.43	0.75
185.80	70.89	78.94	57.75	-0.42	0.74
186.40	70.62	78.92	59.52	1.02	0.71
187.00	69.62	77.83	61.21	1.03	0.69
187.60	69.01	76.95	62.32	1.53	0.76
188.20	70.10	76.92	63.45	1.54	0.79
188.80	70.89	76.95	64.24	1.23	0.80
189.40	70.40	76.69	64.48	0.62	0.81
190.00	68.30	74.96	63.32	1.15	0.81
190.60	66.24	73.01	61.44	1.75	0.80
191.20	65.19	71.57	59.44	0.21	0.81
191.80	64.18	70.37	57.29	-0.56	0.80
192.40	63.32	69.61	54.73	0.24	0.75
193.00	63.82	70.38	53.56	0.72	0.76
193.60	64.70	71.51	52.98	0.56	0.78
194.20	65.75	72.78	52.32	-1.06	0.74
194.80	66.03	73.16	52.00	-1.32	0.71
195.40	66.18	73.26	52.05	-0.19	0.70
196.00	66.81	73.56	52.09	-1.17	0.71
196.60	67.60	74.12	52.45	-1.90	0.72
197.20	68.39	74.82	53.06	-0.82	0.71
197.80	72.30	78.13	55.38	-0.99	0.74
198.40	74.73	79.88	57.38	-0.38	0.75
199.00	74.59	79.18	57.84	2.43	0.70
199.60	74.42	78.34	57.94	3.32	0.68
200.20	73.99	77.64	57.93	2.65	0.69
200.80	72.90	77.10	57.27	3.63	0.68
201.40	72.89	77.93	57.55	2.91	0.69
202.00	73.40	79.45	58.96	0.03	0.73
202.60	72.75	79.91	58.82	-0.47	0.73
203.20	70.70	79.29	58.03	0.57	0.71
203.80	66.66	77.20	56.95	3.25	0.68
204.40	64.28	76.31	55.79	3.37	0.67
205.00	63.71	76.75	54.78	1.49	0.69
205.60	65.87	79.51	56.45	1.18	0.69
206.20	67.48	80.56	58.03	1.94	0.68
206.80	68.23	79.98	58.95	3.82	0.68
207.40	69.82	79.98	60.06	3.67	0.69
208.00	70.26	79.63	60.85	3.12	0.71
208.60	69.06	78.69	60.83	3.15	0.73
209.20	70.41	79.19	61.97	2.91	0.72
209.80	71.08	79.11	62.88	2.99	0.71
210.40	69.40	77.42	61.95	5.18	0.70
211.00	68.27	75.96	60.77	4.54	0.72
211.60	67.63	75.03	59.61	0.71	0.78
212.20	67.07	74.83	58.80	-0.07	0.78
212.80	66.95	75.18	58.26	0.10	0.77
213.40	67.19	75.90	58.12	0.14	0.75
214.00	66.49	75.74	57.48	0.50	0.74
214.60	65.55	75.40	56.77	1.13	0.73
215.20	64.55	75.19	56.15	3.18	0.69
215.80	64.67	75.18	56.11	2.92	0.70
216.40	65.30	75.30	56.64	0.12	0.74
217.00	65.93	75.94	57.33	0.84	0.73
217.60	66.15	75.87	57.67	1.67	0.72
218.20	65.97	75.00	57.53	0.81	0.74
218.80	64.57	73.54	56.59	1.39	0.73
219.40	63.93	73.18	55.92	1.98	0.72
220.00	66.02	76.10	56.80	0.70	0.72
220.60	66.98	76.90	57.45	-0.22	0.74
221.20	67.30	76.78	57.68	-0.43	0.74
221.80	67.32	76.59	57.59	1.20	0.72
222.40	66.33	75.82	57.13	2.56	0.70
223.00	65.02	74.86	56.27	3.33	0.69
223.60	67.00	75.85	56.97	2.00	0.72
224.20	67.95	76.17	57.46	1.52	0.73
224.80	67.13	75.40	56.80	3.67	0.69
225.40	67.15	74.75	56.54	3.31	0.70
226.00	67.09	74.30	56.44	1.86	0.73
226.60	65.87	73.83	55.64	1.25	0.72
227.20	67.14	75.13	55.86	0.39	0.73
227.80	68.74	76.61	57.01	-0.73	0.74
228.40	67.80	76.54	56.73	-0.90	0.74
229.00	66.91	76.02	56.00	-0.77	0.74
229.60	66.44	75.35	55.15	-0.67	0.73
230.20	65.57	74.95	54.44	-0.30	0.72
230.80	66.00	75.89	54.42	0.49	0.70
231.40	68.30	78.41	55.44	1.98	0.68
232.00	68.33	78.43	55.71	0.48	0.70
232.60	67.63	77.66	55.43	-0.99	0.72
233.20	66.50	76.76	54.79	-0.43	0.71
233.80	65.95	77.11	54.28	-0.26	0.70
234.40	65.68	77.57	53.81	-0.55	0.70
235.00	65.10	77.07	52.86	-1.62	0.70
235.60	66.92	78.38	53.44	-1.15	0.69
236.20	68.53	79.45	54.35	-0.28	0.68
236.80	68.43	79.12	54.13	-0.35	0.68
237.40	68.52	79.25	53.66	-0.89	0.68
238.00	68.78	79.57	53.19	-1.54	0.68
238.60	68.92	79.74	52.87	1.11	0.64
239.20	69.72	80.28	52.99	2.26	0.62
239.80	71.36	82.39	53.73	1.47	0.63
240.40	73.85	86.77	56.37	-1.08	0.65
241.00	75.60	87.58	57.73	-1.69	0.66
241.60	76.10	86.93	58.16	-0.82	0.66
242.20	74.69	86.13	58.28	0.67	0.66
242.80	73.31	85.92	58.45	3.07	0.64
243.40	72.65	85.94	58.98	4.48	0.62
244.00	74.17	86.38	60.45	2.31	0.66
244.60	73.12	85.32	60.98	1.74	0.68
245.20	71.35	83.53	60.61	2.53	0.68
245.80	70.06	81.37	59.77	2.33	0.70
246.40	69.07	79.46	58.85	2.12	0.69
247.00	68.50	78.06	57.89	2.13	0.65
247.60	69.22	78.39	58.04	1.96	0.68
248.20	70.04	78.27	58.35	2.49	0.70
248.80	70.66	77.53	58.39	4.33	0.68
249.40	69.88	76.20	58.27	4.92	0.68
250.00	69.49	75.18	58.15	4.63	0.70
250.60	69.58	74.45	57.84	3.47	0.71
251.20	71.40	77.12	58.94	1.91	0.74
251.80	71.60	78.19	59.79	0.96	0.75
252.40	69.87	77.07	59.16	1.95	0.73
253.00	68.89	76.96	58.28	1.46	0.73
253.60	68.06	76.94	57.33	0.55	0.72
254.20	66.92	76.39	56.20	-0.10	0.72
254.80	67.75	77.76	55.89	-0.04	0.71
255.40	68.94	79.24	56.25	0.58	0.69
256.00	68.99	79.25	56.56	1.39	0.68
256.60	69.48	78.66	56.59	1.83	0.68
257.20	70.40	77.84	56.30	1.80	0.69
257.80	69.17	76.58	55.71	1.91	0.69
258.40	69.09	76.58	55.60	2.09	0.69
259.00	70.96	78.39	56.61	2.30	0.69
259.60	70.56	77.07	56.50	2.60	0.69
260.20	69.43	75.25	55.82	2.67	0.70
260.80	68.29	74.44	55.06	2.37	0.70
261.40	67.67	74.15	54.43	1.37	0.71
262.00	67.62	74.38	53.71	-0.79	0.72
262.60	70.25	77.37	54.97	-0.71	0.71
263.20	72.27	80.02	57.06	0.97	0.69
263.80	73.08	81.80	59.37	4.46	0.66
264.40	73.03	82.11	61.05	3.67	0.69
265.00	72.83	82.52	62.18	1.01	0.73
265.60	72.57	83.70	62.41	-1.12	0.74
266.20	75.50	86.40	63.73	-2.20	0.76
266.80	78.09	88.04	65.59	-2.26	0.78
267.40	77.58	86.50	64.96	-0.49	0.74
268.00	75.92	84.99	64.05	0.62	0.75
268.60	73.89	83.83	63.25	0.66	0.82
269.20	73.96	83.01	62.50	0.35	0.81
269.80	74.02	82.31	61.99	0.85	0.78
270.40	73.81	81.79	61.89	2.94	0.72
271.00	71.46	79.73	61.12	2.81	0.72
271.60	68.88	77.42	59.93	1.15	0.74
272.20	66.98	75.35	57.77	1.67	0.73
272.80	67.69	75.60	57.01	1.89	0.72
273.40	69.86	77.41	58.16	1.24	0.72
274.00	67.95	77.83	58.43	2.10	0.71
274.60	66.32	77.58	58.25	2.13	0.71
275.20	65.78	76.83	57.80	-0.26	0.74
275.80	65.96	77.07	57.54	0.20	0.73
276.40	66.67	77.65	57.78	1.34	0.72
277.00	68.28	78.03	59.08	0.40	0.73
277.60	68.86	79.09	60.14	0.61	0.74
278.20	68.76	79.84	60.77	1.93	0.72
278.80	68.17	78.94	61.03	2.60	0.73
279.40	67.28	77.82	61.00	2.32	0.74
280.00	66.18	76.81	60.18	-0.54	0.78
280.60	66.60	78.48	61.10	0.57	0.76
281.20	66.91	79.73	62.09	2.08	0.74
281.80	66.34	78.36	61.79	0.82	0.77
282.40	64.85	77.64	60.69	-0.48	0.77
283.00	63.91	78.41	59.28	-1.31	0.76
283.60	64.65	81.99	60.74	-2.13	0.76
284.20	66.75	82.41	61.29	-1.06	0.74
284.80	67.08	80.70	60.64	1.01	0.72
285.40	62.60	77.60	59.51	1.11	0.74
286.00	59.75	74.84	58.45	3.56	0.72
286.60	58.61	73.31	57.42	5.32	0.69
287.20	59.62	73.34	56.12	2.23	0.72
287.80	61.74	75.29	55.78	0.42	0.73
288.40	62.65	76.82	56.06	0.26	0.71
289.00	58.89	76.15	55.36	1.83	0.69
289.60	57.49	74.29	54.61	2.64	0.68
290.20	58.99	72.39	54.00	2.29	0.70
290.80	60.21	73.87	54.10	0.92	0.71
291.40	63.07	76.01	54.73	-0.26	0.71
292.00	67.33	78.31	55.84	-0.91	0.72
292.60	70.89	80.97	57.14	0.94	0.68
293.20	72.20	82.70	58.01	3.24	0.65
293.80	69.63	82.53	57.95	4.97	0.63
294.40	70.00	83.54	57.55	3.92	0.63
295.00	70.90	84.74	57.28	1.29	0.65
295.60	70.90	85.59	58.66	-0.31	0.67
296.20	69.41	85.12	59.04	-0.43	0.68
296.80	66.91	84.00	58.29	0.77	0.67
297.40	63.79	82.83	57.50	2.36	0.65
298.00	60.04	81.60	56.66	4.35	0.62