TIEMPO	VFSCd	VFSCi	PAMn	PCC	RAP
0.40	71.44	76.64	118.00	54.83	0.80
1.00	68.93	72.66	114.67	52.33	0.84
1.60	66.84	69.59	111.69	50.73	0.86
2.20	65.14	67.49	109.01	50.36	0.86
2.80	64.11	65.99	106.60	50.24	0.84
3.40	64.31	66.14	104.63	50.14	0.82
4.00	66.48	69.38	105.15	50.04	0.79
4.60	67.80	70.88	105.57	49.83	0.78
5.20	68.08	70.65	105.29	49.64	0.78
5.80	66.90	68.14	103.60	50.03	0.77
6.40	66.72	69.10	103.32	49.02	0.78
7.00	67.99	71.85	104.43	48.12	0.78
7.60	70.41	75.17	106.62	48.28	0.78
8.20	72.87	77.82	109.75	49.78	0.76
8.80	72.52	77.81	111.00	51.56	0.74
9.40	71.20	76.22	110.94	51.93	0.76
10.00	69.82	73.99	110.26	49.73	0.80
10.60	67.60	71.65	108.72	49.48	0.81
11.20	68.02	71.89	108.13	48.54	0.82
11.80	68.71	72.71	108.17	47.26	0.83
12.40	67.79	72.59	107.25	47.82	0.81
13.00	66.25	71.58	105.65	49.83	0.76
13.60	64.86	70.50	103.95	50.76	0.74
14.20	63.62	69.53	102.29	47.66	0.77
14.80	65.67	71.39	102.78	48.46	0.75
15.40	67.17	72.52	103.48	50.46	0.71
16.00	66.77	71.82	102.82	51.30	0.70
16.60	66.69	70.46	102.32	51.72	0.70
17.20	65.94	69.74	101.84	51.45	0.71
17.80	65.82	70.63	101.46	50.58	0.72
18.40	69.55	74.61	104.83	49.87	0.66
19.00	72.08	77.92	107.37	51.76	0.67
19.60	72.79	78.62	108.76	52.43	0.72
20.20	71.90	76.77	109.31	48.31	0.79
20.80	69.90	74.65	109.35	52.27	0.76
21.40	69.15	73.98	109.70	50.61	0.80
22.00	69.40	74.42	110.56	47.95	0.84
22.60	70.20	75.47	112.46	50.51	0.81
23.20	69.97	75.11	112.56	49.41	0.83
23.80	68.92	73.98	111.73	48.86	0.84
24.40	67.41	72.50	110.37	50.66	0.81
25.00	65.75	71.39	109.21	49.96	0.82
25.60	65.66	71.00	108.50	49.13	0.83
26.20	65.73	70.58	108.12	48.95	0.83
26.80	64.37	69.52	106.66	51.83	0.77
27.40	63.62	67.76	105.17	51.09	0.79
28.00	63.33	66.48	104.05	48.09	0.83
28.60	63.27	66.42	103.34	48.51	0.82
29.20	66.86	69.54	105.49	50.82	0.78
29.80	69.87	72.49	108.24	52.19	0.77
30.40	70.56	73.60	110.09	51.10	0.80
31.00	69.06	72.40	110.21	51.01	0.74
31.60	67.98	70.54	110.04	50.85	0.79
32.20	69.11	71.04	111.14	51.27	0.85
32.80	71.52	73.39	114.03	52.54	0.84
33.40	71.54	73.93	115.01	52.89	0.83
34.00	71.20	73.12	114.42	51.04	0.85
34.60	70.14	72.18	113.09	48.70	0.88
35.20	68.40	71.60	111.09	46.77	0.89
35.80	69.60	72.77	111.56	47.33	0.87
36.40	70.22	72.76	111.73	49.49	0.83
37.00	69.72	71.65	110.63	52.39	0.80
37.60	68.21	70.55	109.40	49.86	0.83
38.20	65.89	68.26	107.45	49.04	0.84
38.80	64.77	67.02	105.79	49.81	0.82
39.40	66.60	68.93	106.65	49.87	0.81
40.00	67.51	68.38	106.45	48.42	0.83
40.60	68.35	68.29	106.24	48.75	0.83
41.20	68.94	68.75	106.67	51.48	0.79
41.80	69.08	69.26	106.69	48.82	0.83
42.40	72.77	72.65	109.40	47.76	0.85
43.00	74.80	74.99	112.33	48.78	0.83
43.60	74.26	75.35	114.00	50.67	0.82
44.20	72.90	74.25	114.21	49.34	0.87
44.80	71.61	73.51	114.07	47.09	0.90
45.40	72.36	74.79	115.05	48.26	0.89
46.00	74.09	77.07	117.41	53.26	0.83
46.60	73.32	77.31	118.77	46.95	0.92
47.20	71.12	75.44	118.26	48.11	0.91
47.80	69.33	73.14	116.86	51.41	0.88
48.40	68.55	71.24	115.18	51.78	0.88
49.00	67.19	69.51	113.57	48.36	0.92
49.60	67.54	70.07	112.76	47.75	0.92
50.20	67.67	70.08	112.47	50.87	0.86
50.80	66.02	67.33	110.57	51.63	0.86
51.40	63.67	65.09	108.14	51.56	0.86
52.00	61.97	63.88	105.92	50.10	0.87
52.60	61.30	63.60	104.19	46.65	0.90
53.20	62.99	65.28	103.89	48.20	0.85
53.80	63.65	66.01	103.51	49.82	0.80
54.40	63.43	65.72	102.32	48.66	0.81
55.00	64.16	65.33	102.02	50.90	0.77
55.60	65.12	66.43	102.02	49.52	0.78
56.20	67.52	68.94	102.84	47.53	0.80
56.80	71.38	72.17	105.45	48.80	0.77
57.40	71.85	72.19	106.86	49.03	0.79
58.00	72.64	72.27	107.77	50.44	0.78
58.60	72.91	72.13	108.40	51.17	0.78
59.20	72.11	71.52	108.84	49.67	0.82
59.80	71.61	70.48	109.46	48.09	0.86
60.40	71.90	71.81	110.52	47.05	0.87
61.00	71.76	72.40	111.32	47.30	0.87
61.60	70.28	69.78	110.43	50.26	0.84
62.20	67.90	68.39	109.07	50.56	0.85
62.80	67.10	68.31	108.40	50.43	0.84
63.40	68.17	69.32	108.88	51.53	0.82
64.00	69.33	71.13	110.20	51.38	0.81
64.60	69.41	70.80	110.23	49.02	0.85
65.20	68.23	68.96	108.96	45.89	0.90
65.80	65.85	66.39	107.22	45.20	0.92
66.40	64.71	64.68	105.14	48.44	0.86
67.00	65.43	65.14	104.01	50.04	0.82
67.60	68.68	68.67	104.81	45.42	0.86
68.20	69.10	68.80	105.29	46.39	0.84
68.80	69.13	67.91	105.13	49.14	0.80
69.40	69.23	67.19	104.47	51.04	0.79
70.00	69.34	68.05	104.48	51.99	0.87
70.60	70.72	69.69	105.12	49.60	0.86
71.20	72.80	72.25	106.66	49.08	0.81
71.80	74.46	74.58	109.01	53.10	0.75
72.40	73.84	73.76	109.39	51.86	0.77
73.00	72.52	73.59	108.92	48.95	0.81
73.60	72.14	74.43	108.99	47.55	0.83
74.20	72.77	75.71	110.07	48.64	0.81
74.80	73.13	76.28	111.10	47.64	0.82
75.40	71.10	74.74	110.25	47.40	0.83
76.00	68.79	72.23	108.65	46.76	0.85
76.60	67.02	69.55	107.17	44.56	0.89
77.20	64.59	66.94	104.26	48.57	0.84
77.80	65.66	67.17	104.04	49.04	0.82
78.40	66.78	67.70	104.40	48.85	0.81
79.00	65.47	66.89	103.11	51.90	0.76
79.60	64.19	65.92	101.84	48.90	0.79
80.20	64.15	66.02	101.05	46.00	0.83
80.80	65.52	67.70	101.23	46.39	0.81
81.40	68.88	71.90	103.53	49.93	0.75
82.00	71.16	73.61	105.46	48.35	0.78
82.60	71.16	74.25	106.43	47.48	0.79
83.20	70.67	74.32	106.86	48.11	0.79
83.80	70.89	74.10	107.64	46.94	0.82
84.40	73.82	77.22	110.87	50.23	0.79
85.00	74.24	78.78	113.15	51.20	0.79
85.60	73.49	78.17	114.19	52.20	0.79
86.20	72.36	76.41	114.28	53.57	0.79
86.80	70.04	75.36	113.66	47.32	0.88
87.40	68.76	73.48	113.13	49.32	0.86
88.00	69.98	73.32	113.36	49.54	0.86
88.60	70.56	72.82	113.55	46.77	0.90
89.20	68.10	70.17	111.63	48.96	0.88
89.80	65.06	68.54	108.98	47.96	0.88
90.40	62.70	66.65	106.05	47.43	0.87
91.00	61.69	65.38	103.24	48.94	0.83
91.60	62.93	66.84	103.57	49.31	0.80
92.20	63.83	66.91	103.54	48.19	0.82
92.80	64.22	67.11	103.23	47.71	0.82
93.40	64.28	68.45	103.15	49.25	0.78
94.00	65.13	69.17	103.40	49.93	0.78
94.60	68.02	71.87	105.69	49.01	0.79
95.20	70.48	74.68	108.87	48.53	0.79
95.80	71.29	76.01	111.79	50.33	0.80
96.40	71.36	74.87	113.26	49.32	0.85
97.00	70.06	74.05	114.05	51.81	0.84
97.60	68.81	73.09	114.31	52.83	0.84
98.20	68.50	72.30	114.46	50.29	0.88
98.80	70.14	73.16	116.13	47.68	0.93
99.40	70.93	73.27	116.53	46.81	0.95
100.00	70.00	71.71	115.70	47.57	0.94
100.60	67.90	69.03	114.03	49.48	0.91
101.20	65.86	66.27	112.11	54.19	0.86
101.80	66.01	66.13	110.94	51.20	0.89
102.40	66.79	66.89	110.52	47.32	0.93
103.00	67.12	67.31	110.97	48.33	0.91
103.60	65.71	66.22	109.61	50.60	0.87
104.20	64.07	65.09	107.55	50.19	0.86
104.80	62.79	63.93	105.31	48.10	0.88
105.40	62.02	62.47	103.38	47.07	0.89
106.00	62.62	63.87	102.95	47.37	0.86
106.60	64.31	64.95	103.05	47.64	0.84
107.20	65.23	65.26	102.99	48.22	0.83
107.80	64.53	64.99	102.46	50.37	0.79
108.40	65.51	65.65	102.19	50.13	0.78
109.00	65.64	66.07	102.26	46.76	0.82
109.60	67.24	67.63	103.23	46.36	0.83
110.20	70.16	70.24	105.32	50.77	0.78
110.80	72.24	72.82	107.98	52.73	0.75
111.40	70.99	72.03	108.97	48.05	0.83
112.00	69.56	71.69	109.35	49.50	0.83
112.60	68.65	71.17	109.65	51.31	0.82
113.20	68.77	71.24	110.60	50.01	0.86
113.80	70.31	73.45	113.38	49.23	0.86
114.40	70.53	73.25	115.07	47.46	0.92
115.00	68.21	72.27	114.72	49.70	0.90
115.60	66.35	69.86	113.64	51.60	0.88
116.20	65.04	67.21	112.41	51.66	0.89
116.80	62.72	64.89	110.47	53.46	0.87
117.40	64.72	66.63	110.89	53.55	0.86
118.00	65.55	67.53	111.22	52.85	0.86
118.60	65.28	66.97	110.49	52.33	0.86
119.20	64.67	65.13	109.09	52.62	0.86
119.80	63.09	64.18	106.89	49.33	0.88
120.40	64.79	65.30	106.60	50.93	0.84
121.00	67.59	68.12	107.85	52.52	0.81
121.60	69.63	71.37	109.78	47.87	0.86
122.20	69.83	71.79	110.24	47.21	0.87
122.80	68.92	70.00	109.36	48.38	0.86
123.40	67.52	68.54	108.05	48.28	0.87
124.00	66.83	68.41	107.17	46.56	0.89
124.60	68.15	69.79	108.68	48.56	0.85
125.20	69.16	72.26	110.63	52.22	0.80
125.80	69.25	72.26	111.43	50.70	0.83
126.40	68.28	71.13	110.83	46.22	0.89
127.00	66.35	70.18	109.73	47.89	0.87
127.60	65.65	69.97	109.32	47.98	0.88
128.20	68.62	73.15	111.50	49.67	0.85
128.80	71.09	75.60	113.73	50.22	0.84
129.40	71.38	75.82	114.45	47.97	0.87
130.00	70.77	75.23	114.89	45.41	0.92
130.60	71.23	75.50	116.08	47.42	0.91
131.20	71.42	75.51	116.77	47.62	0.92
131.80	72.22	76.05	117.39	46.93	0.93
132.40	74.22	77.62	119.74	52.70	0.86
133.00	73.72	75.96	120.30	46.53	0.97
133.60	72.40	74.95	119.49	48.33	0.95
134.20	70.83	73.72	117.98	51.72	0.89
134.80	69.29	71.92	115.93	49.36	0.93
135.40	69.29	72.37	114.98	45.79	0.95
136.00	69.97	73.65	115.23	44.94	0.94
136.60	70.19	74.03	115.28	47.39	0.90
137.20	69.49	72.81	114.09	52.81	0.83
137.80	67.76	70.37	112.04	51.98	0.84
138.40	66.37	68.83	110.05	49.54	0.86
139.00	66.22	68.53	108.73	47.89	0.87
139.60	67.58	70.01	108.98	46.77	0.89
140.20	67.67	70.32	108.64	47.31	0.86
140.80	66.13	69.21	107.43	49.75	0.81
141.40	63.85	67.28	105.58	52.90	0.76
142.00	62.16	65.51	103.74	48.40	0.82
142.60	65.16	67.83	104.48	49.05	0.81
143.20	67.04	69.57	105.41	50.49	0.78
143.80	67.60	70.06	105.59	50.37	0.78
144.40	67.49	69.59	106.00	50.42	0.78
145.00	68.27	70.26	106.42	49.89	0.80
145.60	69.74	71.69	108.31	51.82	0.79
146.20	71.30	73.78	110.86	53.56	0.77
146.80	72.24	75.29	112.99	53.01	0.79
147.40	71.72	74.33	113.18	49.35	0.85
148.00	70.82	72.80	112.82	48.44	0.88
148.60	68.79	71.86	112.11	49.53	0.87
149.20	67.44	71.79	111.64	51.23	0.84
149.80	69.25	73.25	113.27	51.39	0.79
150.40	68.58	72.39	113.07	51.41	0.82
151.00	66.03	69.49	111.33	52.06	0.84
151.60	63.80	66.92	108.90	53.38	0.83
152.20	65.50	68.80	109.32	53.70	0.80
152.80	66.86	70.93	110.12	53.94	0.78
153.40	67.06	71.09	110.31	52.98	0.79
154.00	66.35	69.52	109.53	50.66	0.83
154.60	65.12	67.97	107.72	49.34	0.85
155.20	64.11	65.07	106.04	50.24	0.85
155.80	62.29	62.90	104.09	51.15	0.83
156.40	61.25	62.29	102.12	51.19	0.81
157.00	63.44	63.68	102.81	51.28	0.80
157.60	64.25	63.96	103.07	50.53	0.81
158.20	64.51	63.98	102.82	49.48	0.82
158.80	64.53	64.00	102.32	48.48	0.83
159.40	63.92	63.71	101.75	45.72	0.87
160.00	64.79	65.57	102.11	46.12	0.85
160.60	67.19	69.20	103.71	46.61	0.83
161.20	69.46	72.93	106.29	45.51	0.83
161.80	68.75	74.14	106.88	48.55	0.77
162.40	68.33	74.59	107.05	49.79	0.79
163.00	68.11	74.83	107.02	49.37	0.82
163.60	68.69	75.75	107.03	48.16	0.79
164.20	71.57	78.54	110.01	49.99	0.76
164.80	72.98	79.42	112.11	49.10	0.78
165.40	72.84	78.16	112.76	49.75	0.79
166.00	71.85	75.69	112.22	52.97	0.78
166.60	70.94	73.36	111.39	48.15	0.86
167.20	70.91	73.10	112.06	46.82	0.89
167.80	71.19	72.58	112.69	48.07	0.88
168.40	71.35	70.79	112.12	50.87	0.85
169.00	68.96	68.44	110.65	50.71	0.86
169.60	67.18	65.95	108.87	48.78	0.90
170.20	66.27	64.13	107.17	46.03	0.95
170.80	65.50	64.26	105.79	48.41	0.89
171.40	66.60	66.71	106.49	50.89	0.83
172.00	67.91	68.80	107.79	51.98	0.80
172.60	68.46	69.06	108.33	51.24	0.82
173.20	67.38	68.95	107.97	48.97	0.85
173.80	67.67	69.14	107.61	47.71	0.86
174.40	68.48	69.82	107.63	48.41	0.85
175.00	67.84	70.70	107.93	50.97	0.80
175.60	72.87	74.31	112.04	46.41	0.89
176.20	74.76	76.10	114.37	48.97	0.86
176.80	74.18	75.97	114.79	52.86	0.81
177.40	72.51	74.54	114.71	50.34	0.85
178.00	70.46	72.59	114.29	53.03	0.83
178.60	69.22	69.96	113.12	49.94	0.89
179.20	68.61	68.62	112.48	46.30	0.96
179.80	68.85	68.84	112.98	45.75	0.97
180.40	70.23	70.69	114.46	48.80	0.92
181.00	71.27	70.13	114.54	46.92	0.95
181.60	70.69	69.32	113.82	45.31	0.98
182.20	69.05	68.60	112.81	46.33	0.96
182.80	68.01	67.91	111.10	47.10	0.91
183.40	69.94	69.53	112.02	47.01	0.98
184.00	71.43	70.76	113.08	47.48	1.00
184.60	71.28	70.71	112.69	49.12	0.89
185.20	70.14	69.98	112.19	52.17	0.84
185.80	69.08	68.62	110.76	49.11	0.88
186.40	69.36	68.90	110.08	45.91	0.92
187.00	70.47	70.44	111.56	46.89	0.90
187.60	68.81	68.98	110.32	52.06	0.84
188.20	65.98	66.44	108.51	51.64	0.85
188.80	63.90	64.16	106.76	48.90	0.89
189.40	63.40	63.03	104.82	46.87	0.91
190.00	65.19	65.82	105.94	46.98	0.94
190.60	65.75	66.18	106.25	46.04	0.94
191.20	65.43	65.02	105.59	45.17	0.92
191.80	64.80	63.54	104.24	45.97	0.92
192.40	64.74	62.98	102.84	45.55	0.90
193.00	65.45	64.22	103.00	48.01	0.85
193.60	67.20	66.53	103.99	49.73	0.82
194.20	69.77	69.09	105.46	45.09	0.86
194.80	68.91	68.44	104.60	48.13	0.81
195.40	68.56	68.24	103.79	48.06	0.81
196.00	68.48	68.60	103.38	46.86	0.82
196.60	67.97	69.03	103.23	50.48	0.75
197.20	72.03	73.14	105.82	50.78	0.75
197.80	73.12	74.12	107.65	49.10	0.78
198.40	72.72	73.58	108.24	48.29	0.81
199.00	72.38	73.09	109.07	52.78	0.76
199.60	71.49	71.91	109.77	54.96	0.77
200.20	72.62	73.20	112.15	52.55	0.82
200.80	73.00	74.47	114.83	50.46	0.86
201.40	71.87	74.09	116.70	51.26	0.87
202.00	70.75	71.64	117.03	51.10	0.91
202.60	67.64	68.28	115.88	51.08	0.93
203.20	64.65	65.50	113.98	49.65	0.96
203.80	62.66	63.72	111.81	45.89	1.02
204.40	63.61	64.93	111.07	44.26	1.04
205.00	63.48	65.02	110.02	45.56	0.99
205.60	61.97	63.75	107.87	50.03	0.90
206.20	60.14	62.27	105.37	48.52	0.91
206.80	58.02	60.55	102.71	49.51	0.87
207.40	57.24	60.05	100.50	52.23	0.79
208.00	59.43	62.40	100.25	50.27	0.80
208.60	61.26	63.51	100.88	51.96	0.76
209.20	61.34	63.88	100.91	51.80	0.77
209.80	61.16	63.61	100.29	49.31	0.80
210.40	61.52	63.04	100.03	49.32	0.80
211.00	60.74	63.53	99.68	48.36	0.80
211.60	65.38	67.65	103.01	51.14	0.76
212.20	68.63	70.98	106.78	48.70	0.81
212.80	68.73	71.19	108.62	47.52	0.85
213.40	66.96	69.20	108.49	51.93	0.81
214.00	65.72	67.50	108.13	54.23	0.79
214.60	64.82	66.82	107.63	46.85	0.90
215.20	66.59	68.63	108.99	47.01	0.90
215.80	68.02	70.46	110.48	47.41	0.90
216.40	67.99	70.29	110.76	45.31	0.92
217.00	66.57	67.15	109.16	46.99	0.90
217.60	64.87	66.45	107.50	46.18	0.92
218.20	62.81	64.94	105.49	48.23	0.88
218.80	62.01	64.29	103.93	50.98	0.83
219.40	63.36	65.78	104.39	47.40	0.86
220.00	63.51	65.70	104.13	47.70	0.85
220.60	62.93	65.18	103.48	49.05	0.83
221.20	62.43	64.76	102.80	49.10	0.82
221.80	62.39	64.65	102.37	46.75	0.86
222.40	64.00	65.08	102.66	46.22	0.87
223.00	65.14	67.38	104.25	47.99	0.84
223.60	65.84	68.91	106.04	50.50	0.80
224.20	66.38	68.14	106.22	51.24	0.81
224.80	65.37	66.26	106.26	46.79	0.90
225.40	65.66	65.51	106.55	47.04	0.90
226.00	66.48	66.40	107.59	50.61	0.86
226.60	67.05	68.82	109.87	50.22	0.86
227.20	66.12	67.94	109.82	48.51	0.90
227.80	65.84	67.34	110.55	51.70	0.87
228.40	66.26	67.45	111.40	53.75	0.85
229.00	66.82	67.76	111.55	48.53	0.93
229.60	65.17	66.30	110.54	51.40	0.89
230.20	63.20	65.32	108.96	52.26	0.87
230.80	62.63	64.76	107.47	51.21	0.87
231.40	63.71	64.98	106.47	49.46	0.88
232.00	65.38	66.94	107.51	50.12	0.85
232.60	67.02	67.56	108.51	50.05	0.86
233.20	66.46	67.16	108.31	49.70	0.87
233.80	64.83	66.43	106.94	50.02	0.85
234.40	65.52	65.98	106.20	52.97	0.80
235.00	65.15	65.80	106.41	51.86	0.82
235.60	66.50	67.29	108.10	50.59	0.86
236.20	67.84	68.62	110.27	50.43	0.86
236.80	67.84	68.45	111.24	50.36	0.81
237.40	66.53	66.29	110.66	51.14	0.87
238.00	64.54	64.52	109.73	52.17	0.89
238.60	64.60	64.79	110.30	51.36	0.91
239.20	67.65	67.60	113.15	47.77	0.97