Time	ABP	LCBFV	RCBFV
-78.0	0.06741172682284972	0.0006930536894165229	0.010770674549868353
-77.6	0.15612652045881448	0.011281884592707847	0.020261325270517272
-77.2	0.2975677181095899	0.028043597916815433	0.03163308445481938
-76.8	0.4541929961230602	0.06101061584997458	0.049294141804162805
-76.4	0.6022759326594176	0.1231904803610333	0.07902782603142589
-76.0	0.728842978426972	0.21701797566316516	0.12631022451688745
-75.6	0.8286774149961178	0.32180061088713163	0.19204752897491284
-75.2	0.9016965055123313	0.4064795086860702	0.26801890604839596
-74.8	0.9508399671791976	0.45019787490398766	0.34034849458394323
-74.4	0.9804938551142541	0.4517668919189477	0.401023338497267
-74.0	0.9954043304929681	0.4265544731925228	0.4522888102142173
-73.6	1.0	0.3953733605502001	0.5000956892293598
-73.2	0.9980295716085953	0.37357757707906636	0.5474134077018102
-72.8	0.9924249549652986	0.36577455999555886	0.5923134092335873
-72.4	0.9853119355764359	0.36835975712100577	0.6297257862947814
-72.0	0.9781062734164401	0.37566371289268474	0.6549653213342506
-71.6	0.9716492296567552	0.38354054739488097	0.6664062310954888
-71.2	0.9663511315561246	0.3900305272217812	0.6657517474811692
-70.8	0.9623236563673749	0.39481655496730195	0.6566411057771573
-70.4	0.9594907526201965	0.39837268926919966	0.6429661004533855
-70.0	0.9576746622991714	0.4013101066047837	0.627759994970758
-69.6	0.9566577430203744	0.4040732989575506	0.6129015573118615
-69.2	0.9562231973496089	0.4068868935263028	0.5993433632703598
-68.8	0.9561788834733969	0.40981438916582613	0.5874535066865558
-68.4	0.9563685425469809	0.41283435501263144	0.5772713501965514
-68.0	0.9566743894794315	0.41589460294544	0.5686624225245831
-67.6	0.9570143460368283	0.41893957146631644	0.5614186336268245
-67.2	0.9573364377578013	0.42192580354651676	0.5553163611760188
-66.8	0.9576121506577112	0.4248207560229629	0.55015432380053
-66.4	0.9578299177351507	0.42760319646608647	0.5457650707186725
-66.0	0.957989407519589	0.43026042510493	0.542014981738705
-65.6	0.958096919831518	0.43278529831833046	0.5387985224416743
-65.2	0.9581619444793907	0.43517503803139146	0.5360305844251982
-64.8	0.9581947860024498	0.437429842678033	0.5336426554253588
-64.4	0.9582050787931264	0.43955229189923184	0.5315772872705482
-64.0	0.9582009902739096	0.4415449653359631	0.5297866064844259
-63.6	0.958188916704134	0.4434120301005722	0.5282316759729024
-63.2	0.9581735020197326	0.4451572564375619	0.5268780268330127
-62.8	0.9581578441679759	0.4467852083271202	0.5256969349789538
-62.4	0.958143788492917	0.44829985444767084	0.5246645700580572
-62.0	0.9581322395178903	0.4497061556472439	0.5237592294277165
-61.6	0.9581234487809865	0.451008080604264	0.5229638914074539
-61.2	0.9581172565393483	0.45220999486499736	0.5222632364848425
-60.8	0.9581132794628786	0.45331626397570934	0.5216438600865057
-60.4	0.9581110457117459	0.45433145191658975	0.52109491089114
-60.0	0.9581100840793987	0.4552595273660609	0.5206066014324722
-59.6	0.9581099762417915	0.4561046574364691	0.5201716974962989
-59.2	0.9581103815302958	0.4568721998436862	0.5197827520974121
-58.8	0.9581110428175537	0.45756532953045204	0.5194333821056332
-58.4	0.9581117806622393	0.458188213609112	0.5191193321008427
-58.0	0.9581124812152524	0.45874521762593146	0.5188361338919156
-57.6	0.9581130818120823	0.4592401118254146	0.5185801703717514
-57.2	0.9581135568127304	0.45967646801814244	0.5183478244332478
-56.8	0.9581139051649005	0.46005825488253915	0.5181365428243336
-56.4	0.9581141403645693	0.46038904422918625	0.5179441978349497
-56.0	0.9581142829423992	0.4606716141329805	0.5177684489840306
-55.6	0.9581143552699152	0.4609101317062678	0.5176078068745342
-55.2	0.9581143783060494	0.46110677972218106	0.5174607821094188
-54.8	0.9581143698449829	0.4612651299913022	0.5173254597496313
-54.4	0.9581143438404887	0.46138736528676416	0.5172012014821532
-54.0	0.9581143104373315	0.46147666055130543	0.5170871562229613
-53.6	0.9581142764141715	0.46153500012413984	0.5169816218040073
-53.2	0.9581142458186219	0.46156516208016285	0.5168845982252912
-52.8	0.9581142206443499	0.4615695276264291	0.516795021631784
-52.4	0.9581142014573277	0.46154968423430853	0.5167120409394612
-52.0	0.9581141879225274	0.4615080131108562	0.516635443377317
-51.6	0.958114179213424	0.46144630016136157	0.5165641650903221
-51.2	0.958114174307155	0.46136633129111626	0.5164986316204878
-50.8	0.958114172179592	0.4612698924054115	0.5164375663417786
-50.4	0.9581141719200008	0.4611583725416941	0.5163811820252002
-50.0	0.9581141727856862	0.46103316073741496	0.5163286275867294
-49.6	0.958114174215348	0.46089544759609913	0.5162801157973713
-49.2	0.958114175816698	0.46074721745695957	0.5162350083441085
-48.8	0.9581141773403621	0.4605894624896023	0.516193305226941
-48.4	0.9581141786486354	0.4604227779957908	0.5161545809038577
-48.0	0.9581141796846981	0.4602485530129736	0.5161184098328455
-47.6	0.9581141804455386	0.460067581276836	0.5160850047849102
-47.2	0.9581141809600576	0.45988125182482475	0.5160537274470349
-46.8	0.9581141812726701	0.4596901599587051	0.5160250033612308
-46.4	0.9581141814319384	0.4594950994141622	0.5159981942144802
-46.0	0.9581141814834578	0.45929646705903693	0.5159733000067832
-45.6	0.9581141814660036	0.459095453496857	0.5159501079671345
-45.2	0.9581141814100037	0.4588922571615437	0.5159286180955327
-44.8	0.9581141813376217	0.4586880686566248	0.5159088303919792
-44.4	0.9581141812637005	0.4584826895481786	0.5158905320854665
-44.0	0.9581141811970996	0.4582769135718898	0.5158735104049903
-43.6	0.9581141811422268	0.4580715344634436	0.5158575525795435
-43.2	0.9581141811003462	0.4578661553549974	0.5158428713801326
-42.8	0.9581141810707701	0.45766176841615724	0.515829041264745
-42.4	0.9581141810516962	0.4574587705147657	0.5158162750043882
-42.0	0.9581141810409202	0.457256963216901	0.5158043598280546
-41.6	0.9581141810362146	0.45705714025824884	0.5157935085067504
-41.2	0.9581141810355953	0.4568593016388083	0.5157835082694708
-40.8	0.9581141810374432	0.45666384422642237	0.5157741463452088
-40.4	0.9581141810405337	0.45647056958716936	0.5157652099629586
-40.0	0.9581141810440088	0.4562800730228136	0.5157571246647326
-39.6	0.9581141810473229	0.4560923545333546	0.5157498904505302
-39.2	0.9581141810501724	0.4559076125527133	0.5157426562363274
-38.8	0.958114181052432	0.4557258470808905	0.5157364858771549
-38.4	0.958114181054094	0.45554725655180706	0.5157303155179815
-38.0	0.9581141810552191	0.45537203939938387	0.515724783471827
-37.6	0.958114181055909	0.4552001956236209	0.5157196769676844
-37.2	0.958114181056257	0.4550317252245186	0.5157152087765597
-36.8	0.9581141810563671	0.4548664297681557	0.5157109533564399
-36.4	0.9581141810563303	0.45470470612237435	0.5157069107073275
-36.0	0.9581141810562113	0.45454675272109624	0.5157030808292196
-35.6	0.9581141810560556	0.4543921726964779	0.5156996764931248
-35.2	0.9581141810558998	0.45424136291636286	0.5156966976990414
-34.8	0.9581141810557531	0.4540939265129085	0.5156935061339518
-34.4	0.9581141810556342	0.4539498634861139	0.5156909528818807
-34.0	0.9581141810555424	0.453809570703823	0.5156886124008149
-33.6	0.9581141810554785	0.4536726512981919	0.5156860591487429
-33.2	0.9581141810554344	0.45353930370314277	0.5156839314386836
-32.8	0.9581141810554105	0.453409131050833	0.5156820164996301
-32.4	0.9581141810554005	0.4532825302091048	0.5156801015605765
-32.0	0.9581141810553986	0.4531595011779581	0.515678824934541
-31.6	0.9581141810554022	0.4530398455234721	0.5156773355374993
-31.2	0.9581141810554096	0.45292356324564675	0.5156758461404571
-30.8	0.9581141810554169	0.45281025747663906	0.5156745695144216
-30.4	0.9581141810554241	0.45270012665037074	0.5156735056593917
-30.0	0.9581141810554298	0.4525933692007631	0.51567201626235
-29.6	0.9581141810554351	0.45248958825997354	0.5156709524073211
-29.2	0.9581141810554389	0.45238878382800163	0.5156698885522908
-28.8	0.9581141810554417	0.45229095590484825	0.5156692502392728
-28.4	0.9581141810554417	0.45219590605659166	0.5156681863842429
-28.0	0.9581141810554417	0.45210383271715315	0.5156677608422311
-27.6	0.9581141810554417	0.45201473588653185	0.5156671225292131
-27.2	0.9581141810554417	0.45192821869688693	0.5156662714451894
-26.8	0.9581141810554417	0.4518444795821388	0.5156660586741837
-26.4	0.9581141810554417	0.4517631216744453	0.5156654203611657
-26.0	0.9581141810554417	0.45168454184164863	0.5156652075901595
-25.6	0.9581141810554417	0.4516081447819844	0.5156647820481477
-25.2	0.9581141810554417	0.4515345257972183	0.5156641437351301
-24.8	0.9581141810554417	0.45146328801950597	0.515663930964124
-24.4	0.9581141810554417	0.45139403458100613	0.5156635054221121
-24.0	0.9581141810554417	0.45132736078348135	0.515663292651106
-23.6	0.9581141810554417	0.4512626713251686	0.5156630798801003
-23.2	0.9581141810554417	0.45120016463998924	0.5156628671090941
-22.8	0.9581141810554417	0.4511396422940219	0.5156624415670823
-22.4	0.9581141810554417	0.45108130272118796	0.5156622287960766
-22.0	0.9581141810554417	0.45102474905364476	0.5156620160250704
-21.6	0.9581141810554417	0.45097037815923446	0.5156620160250704
-21.2	0.9581141810554417	0.4509173963022737	0.5156618032540643
-20.8	0.9581141810554417	0.45086679565236665	0.5156615904830586
-20.4	0.9581141810554417	0.45081758403990735	0.5156613777120524
-20.0	0.9581141810554417	0.4507699598988184	0.5156613777120524
-19.6	0.9581141810554417	0.4507241216630202	0.5156611649410463
-19.2	0.9581141810554417	0.4506798708985924	0.5156611649410463
-18.8	0.9581141810554417	0.45063700917161276	0.5156609521700406
-18.4	0.9581141810554417	0.450595933349923	0.5156609521700406
-18.0	0.9581141810554417	0.450556048131761	0.5156609521700406
-17.6	0.9581141810554417	0.4505177503849689	0.5156611649410463
-17.2	0.9581141810554417	0.4504804448077824	0.5156609521700406
-16.8	0.9581141810554417	0.45044492513588663	0.5156609521700406
-16.4	0.9581141810554417	0.4504103976335969	0.5156609521700406
-16.0	0.9581141810554417	0.45037725916875626	0.5156609521700406
-15.6	0.9581141810554417	0.4503451128735212	0.5156609521700406
-15.2	0.9581141810554417	0.4503143556157343	0.5156607393990349
-14.8	0.9581141810554417	0.4502843920936326	0.5156607393990349
-14.4	0.9581141810554417	0.45025581760897904	0.5156607393990349
-14.0	0.9581141810554417	0.45022823529393197	0.5156607393990349
-13.6	0.9581141810554417	0.4502014467145692	0.5156607393990349
-13.2	0.9581141810554417	0.45017584873873373	0.5156603138570226
-12.8	0.9581141810554417	0.4501512429325052	0.5156603138570226
-12.4	0.9581141810554417	0.45012743086196005	0.5156607393990349
-12.0	0.9581141810554417	0.45010441252710054	0.5156607393990349
-11.6	0.9581141810554417	0.4500823863618466	0.5156607393990349
-11.2	0.9581141810554417	0.45006115393227786	0.5156607393990349
-10.8	0.9581141810554417	0.45004051680447255	0.5156603138570226
-10.4	0.9581141810554417	0.4500208718462737	0.5156603138570226
-10.0	0.9581141810554417	0.4500020206237596	0.5156603138570226
-9.6	0.9581141810554417	0.4499835662690872	0.5156603138570226
-9.2	0.9581141810554417	0.4499659056501	0.5156603138570226
-8.8	0.9581141810554417	0.4499490387667979	0.5156603138570226
-8.4	0.9581141810554417	0.4499327671852589	0.5156603138570226
-8.0	0.9581141810554417	0.4499170909054837	0.5156607393990349
-7.6	0.9581141810554417	0.4499020099274724	0.5156607393990349
-7.2	0.9581141810554417	0.4498875242512246	0.5156607393990349
-6.8	0.9581141810554417	0.4498736338767402	0.5156607393990349
-6.4	0.9581141810554417	0.44986014037009836	0.5156607393990349
-6.0	0.9581141810554417	0.44984724216522	0.5156607393990349
-5.6	0.9581141810554417	0.4498347408281842	0.5156607393990349
-5.2	0.9581141810554417	0.44982283479291185	0.5156607393990349
-4.8	0.9581141810554417	0.44981152405940383	0.5156607393990349
-4.4	0.9581141810554417	0.4498002133258949	0.5156607393990349
-4.0	0.9581141810554417	0.44978969632807075	0.5156607393990349
-3.6	0.9581141810554417	0.4497795761980896	0.5156603138570226
-3.2	0.9581141810554417	0.4497696545020293	0.5156603138570226
-2.8	0.9581141810554417	0.4497601296738112	0.5156603138570226
-2.4	0.9581141810554417	0.4497512001473569	0.5156603138570226
-2.0	0.9581141810554417	0.4497422706209031	0.5156603138570226
-1.6	0.9581141810554417	0.4497339363962123	0.5156603138570226
-1.2	0.9581141810554417	0.44972619747328535	0.5156603138570226
-0.8	0.9581141810554417	0.4497184585503584	0.5156603138570226
-0.4	0.9581141810554417	0.44971091806135277	0.5156607393990349
0.0	0.9581141810554417	0.4497037744401893	0.5156607393990349
0.4	0.9581141810554417	0.4496968292529475	0.5156607393990349
0.8	0.9581141810554417	0.44969028093354746	0.5156607393990349
1.2	0.9581141810554417	0.44968412948199	0.5156607393990349
1.6	0.9325882731771457	0.4400374628365755	0.5116087283616166
2.0	0.843873479541181	0.4003756812698338	0.4943478932744756
2.4	0.7024322818904056	0.32223776081554334	0.46030580894761775
2.8	0.5458070038769351	0.22062510748281294	0.417732883907977
3.2	0.39772406734057786	0.12446482300300588	0.3799541151745274
3.6	0.2711570215730236	0.06067804059803672	0.3573359189284311
4.0	0.17132258500387848	0.04143590325887825	0.3542094617669198
4.4	0.0983034944876641	0.06246771613337643	0.36969812714545647
4.8	0.04916003282079817	0.10887426668184474	0.39942755595260016
5.2	0.01950614488574446	0.16415914773282525	0.4369935536800944
5.6	0.004595669507025765	0.2172408169566773	0.4755453194781807
6.0	0.0	0.2639946268672526	0.5093818670132855
6.4	0.001970428391404537	0.3048208186836203	0.5349726869835871
6.8	0.007575045034696991	0.3414977572076108	0.5511337087409438
7.2	0.014688064423555941	0.3752485891295261	0.5585760129872579
7.6	0.02189372658355987	0.4062790904256546	0.5591873040873683
8.0	0.028350770343242414	0.4341304818701728	0.5553065737097445
8.4	0.03364886844387128	0.45819515879635375	0.5491349379109969
8.8	0.03767634363262206	0.47807545962610476	0.542369458234627
9.2	0.04050924737979743	0.4937271335949971	0.5360869687417766
9.6	0.04232533770082475	0.5054418785672001	0.5308134393591679
10.0	0.04334225697962158	0.5137469334713543	0.5266882350957007
10.4	0.0437768026503866	0.5192808586658932	0.5236290135720711
10.8	0.04382111652659886	0.5226889612625731	0.5214576854562947
11.2	0.0436314574530143	0.5245484855381766	0.519975097086796
11.6	0.04332561052056362	0.5253334901304596	0.5189995420244897
12.0	0.042985653963167406	0.5254039341724872	0.5183822933362121
12.4	0.042663562242194204	0.5250171864600603	0.5180076035947248
12.8	0.0423878493422843	0.5243480672777605	0.517791853794686
13.2	0.0421700822648452	0.5235092870928306	0.5176765319094576
13.6	0.04201059248040673	0.5225734727204325	0.5176220625319332
14.0	0.04190308016847743	0.5215868592642057	0.5176052536224627
14.4	0.04183805552060373	0.5205796086801739	0.5176120622946532
14.8	0.04180521399754266	0.5195729533979057	0.5176352543343028
15.2	0.04179492120687013	0.5185829665650186	0.5176718509473268
15.6	0.04179900972608181	0.5176219510846276	0.5177210010497024
16.0	0.041811083295859995	0.5167002255206343	0.5177822790994178
16.4	0.041826497980267635	0.5158249334942036	0.5178554723254662
16.8	0.04184215583202051	0.515001234287285	0.5179405807278488
17.2	0.0418562115070811	0.5142326997104618	0.5180356893675109
17.6	0.04186776048210639	0.5135195281976541	0.5181399471604289
18.0	0.04187655121900773	0.5128621166167053	0.5182520774805677
18.4	0.04188274346064996	0.5122586790623238	0.518369739846861
18.8	0.04188672053711745	0.5117068343274553	0.5184914448622675
19.2	0.041888954288249444	0.5112028121675967	0.518615703129746
19.6	0.04188991592059674	0.5107436360739306	0.5187405997102417
20.0	0.04189002375820357	0.5103251389341112	0.5188652835197316
20.4	0.04188961846969933	0.5099439473714784	0.5189882651611737
20.8	0.041888957182442156	0.5095960927076075	0.5191089063215508
21.2	0.041888219337756126	0.5092782015658388	0.5192263559168384
21.6	0.04188751878474316	0.508987495871275	0.5193404011760308
22.0	0.041886918187912965	0.508720602247255	0.5194506165571156
22.4	0.041886443187265275	0.5084751394867255	0.5195563637470753
22.8	0.04188609483509504	0.5082485279487106	0.5196576427459103
23.2	0.04188585963542684	0.5080387832939981	0.5197544535536203
23.6	0.04188571705760046	0.5078441196172969	0.5198470089412108
24.0	0.0418856447300795	0.5076629494472376	0.5199353089086824
24.4	0.04188562169394452	0.507494280614214	0.5200189279140228
24.8	0.041885630155010865	0.5073359303450933	0.5200980787282381
25.2	0.04188565615950581	0.507187898639875	0.5201733996643472
25.6	0.041885689562664655	0.5070483995932684	0.5202446779513417
26.0	0.041885723585826894	0.5069172347713526	0.5203121263602295
26.4	0.04188575418137185	0.5067934120045212	0.5203755321200045
26.8	0.04188577935564246	0.5066767328588533	0.52043574631469
27.2	0.04188579854266422	0.5065662051647424	0.5204923434022741
27.6	0.04188581207746908	0.5064618289221894	0.5205455361537634
28.0	0.04188582078657159	0.5063626119615874	0.5205957501111684
28.4	0.04188582569284101	0.506268951150779	0.5206425597324786
28.8	0.04188582782040343	0.5061800527540794	0.5206866033307116
29.2	0.04188582807999494	0.5060957183375678	0.520728093676873
29.6	0.04188582721430925	0.5060155510334012	0.5207668179999567
30.0	0.04188582578464762	0.5059395508415805	0.5208029890709693
30.4	0.041885824183297664	0.5058673208942617	0.5208372452029284
30.8	0.04188582265963342	0.5057988611914466	0.5208691608538212
31.2	0.04188582135136015	0.5057339732992125	0.5208989487946551
31.6	0.0418858203152968	0.5056722603497183	0.5209268217964356
32.0	0.041885819554456694	0.5056137223429631	0.520952779859162
32.4	0.04188581903993779	0.5055581608450264	0.5209768229828353
32.8	0.0418858187273271	0.5055055758559068	0.5209998022514779
33.2	0.04188581856805733	0.5054557689416845	0.5210208665810678
33.6	0.04188581851653521	0.5054085416684382	0.5210406542846218
34.0	0.04188581853399386	0.505363695602246	0.5210587398201278
34.4	0.0418858185899931	0.5053212307431081	0.5210757615006041
34.8	0.04188581866237206	0.5052811470910252	0.5210917193260509
35.2	0.041885818736298756	0.5052432462120748	0.5211066132964679
35.6	0.04188581880289552	0.505207329672337	0.521120443411855
36.0	0.04188581885776873	0.5051731990378898	0.5211329969012057
36.4	0.04188581889964613	0.5051412511765765	0.5211451248485464
36.8	0.04188581892922926	0.5051108907866322	0.5211561889408554
37.2	0.04188581894829994	0.5050821178680573	0.5211664019491411
37.6	0.041885818959075415	0.5050549324208524	0.5211759766444093
38.0	0.04188581896378148	0.5050295328789383	0.5211851257976652
38.4	0.04188581896440085	0.5050053239405514	0.5211934238668978
38.8	0.04188581896255263	0.504982702473534	0.5212010836231125
39.2	0.041885818959462105	0.504961271610044	0.5212081050663087
39.6	0.041885818955986844	0.5049410313500813	0.5212149137384992
40.0	0.041885818952673064	0.5049219816936454	0.5212212968686778
40.4	0.041885818949823336	0.5049037257728948	0.5212268289148332
40.8	0.04188581894756354	0.5048870573235136	0.5212321481899811
41.2	0.04188581894590182	0.5048711826098176	0.5212370419231189
41.6	0.041885818944776304	0.5048561016318058	0.5212417228852497
42.0	0.04188581894409092	0.5048420128234006	0.521245765534363
42.4	0.04188581894374024	0.5048287177506796	0.5212495954124701
42.8	0.04188581894362508	0.5048162164136438	0.5212534252905772
43.2	0.04188581894366099	0.5048047072462145	0.5212568296266724
43.6	0.04188581894378156	0.5047933965127056	0.5212598084207558
44.0	0.04188581894393838	0.5047828795148814	0.5212627872148397
44.4	0.041885818944099	0.5047731562527424	0.5212655532379165
44.8	0.04188581894424396	0.5047640282923673	0.5212683192609942
45.2	0.041885818944363565	0.5047554956337557	0.5212704469710534
45.6	0.041885818944454964	0.5047473598429861	0.5212727874521192
46.0	0.04188581894451962	0.5047398193539805	0.5212747023911728
46.4	0.04188581894456138	0.504732675732817	0.5212764045592206
46.8	0.04188581894458505	0.5047259289794961	0.521278106727268
47.2	0.04188581894459545	0.5047197775279386	0.5212795961243097
47.6	0.04188581894459692	0.5047138245103024	0.5212810855213514
48.0	0.04188581894459297	0.5047082683605089	0.5212825749183931
48.4	0.041885818944586296	0.5047031090785579	0.5212840643154348
48.8	0.041885818944578754	0.5046983466644486	0.5212851281704647
49.2	0.041885818944571544	0.5046935842503402	0.5212864047965002
49.6	0.04188581894456534	0.5046892187040735	0.5212872558805239
50.0	0.04188581894456041	0.5046854484595706	0.5212881069645481
50.4	0.04188581894455678	0.5046816782150674	0.5212889580485718
50.8	0.041885818944554315	0.5046781064044858	0.5212900219036021
51.2	0.041885818944552816	0.5046747330278252	0.5212906602166192
51.6	0.041885818944552046	0.5046715580850862	0.5212912985296372
52.0	0.04188581894455179	0.5046687800101894	0.5212919368426552
52.4	0.04188581894455186	0.5046660019352922	0.5212925751556732
52.8	0.04188581894455212	0.5046634222943167	0.5212930006976855
53.2	0.04188581894455246	0.5046610410872625	0.5212938517817087
53.6	0.04188581894455281	0.5046586598802083	0.5212940645527144
54.0	0.04188581894455312	0.5046564771070745	0.5212944900947267
54.4	0.041885818944553385	0.5046546912017837	0.5212949156367381
54.8	0.041885818944553586	0.504652905296493	0.5212953411787504
55.2	0.041885818944553725	0.5046513178251235	0.5212959794917684
55.6	0.041885818944553815	0.5046497303537536	0.5212959794917684
56.0	0.04188581894455387	0.5046481428823841	0.5212961922627741
56.4	0.04188581894455389	0.5046467538449355	0.521296617804786
56.8	0.04188581894455389	0.5046453648074873	0.5212968305757926
57.2	0.041885818944553885	0.5046441742039605	0.5212970433467978
57.6	0.04188581894455387	0.5046429836004327	0.521297256117804
58.0	0.04188581894455386	0.5046417929969054	0.5212974688888101
58.4	0.04188581894455384	0.5046408008272993	0.5212974688888101
58.8	0.04188581894455383	0.5046398086576933	0.521297894430822
59.2	0.041885818944553815	0.5046388164880873	0.521297894430822
59.6	0.04188581894455381	0.5046382211863238	0.5212981072018277
60.0	0.0418858189445538	0.5046374274506391	0.5212983199728343
60.4	0.0418858189445538	0.5046368321488752	0.5212985327438395
60.8	0.041885818944553795	0.5046360384131909	0.5212985327438395
61.2	0.041885818944553795	0.5046352446775058	0.5212987455148457
61.6	0.041885818944553795	0.5046348478096632	0.5212987455148457
62.0	0.041885818944553795	0.5046340540739784	0.5212989582858518
62.4	0.0418858189445538	0.5046336572061363	0.5212989582858518
62.8	0.0418858189445538	0.5046332603382941	0.5212989582858518
63.2	0.0418858189445538	0.5046326650365303	0.5212991710568575
63.6	0.0418858189445538	0.504632466602609	0.5212991710568575
64.0	0.0418858189445538	0.5046320697347664	0.5212991710568575
64.4	0.0418858189445538	0.5046316728669242	0.5212993838278637
64.8	0.0418858189445538	0.5046312759990816	0.5212993838278637
65.2	0.0418858189445538	0.5046310775651603	0.5212993838278637
65.6	0.0418858189445538	0.5046304822633969	0.5212991710568575
66.0	0.0418858189445538	0.5046302838294756	0.5212993838278637
66.4	0.0418858189445538	0.5046300853955548	0.5212993838278637
66.8	0.0418858189445538	0.5046298869616335	0.5212993838278637
67.2	0.0418858189445538	0.5046296885277117	0.5212993838278637
67.6	0.0418858189445538	0.5046292916598696	0.5212993838278637
68.0	0.0418858189445538	0.5046292916598696	0.521299809369876
68.4	0.0418858189445538	0.5046288947920274	0.521299809369876
68.8	0.0418858189445538	0.5046288947920274	0.521299809369876
69.2	0.0418858189445538	0.5046286963581061	0.521299809369876
69.6	0.0418858189445538	0.5046284979241848	0.5213000221408812
70.0	0.0418858189445538	0.5046284979241848	0.521299809369876
70.4	0.0418858189445538	0.5046281010563423	0.521299809369876
70.8	0.0418858189445538	0.5046281010563423	0.521299809369876
71.2	0.0418858189445538	0.5046279026224214	0.521299809369876
71.6	0.0418858189445538	0.5046279026224214	0.5213000221408812
72.0	0.0418858189445538	0.5046277041885001	0.5213000221408812
72.4	0.0418858189445538	0.5046277041885001	0.5213000221408812
72.8	0.0418858189445538	0.5046277041885001	0.5213000221408812
73.2	0.0418858189445538	0.5046275057545788	0.5213000221408812
73.6	0.0418858189445538	0.5046275057545788	0.5213002349118878
74.0	0.0418858189445538	0.5046275057545788	0.5213002349118878
74.4	0.0418858189445538	0.5046273073206575	0.5213000221408812
74.8	0.0418858189445538	0.5046273073206575	0.5213000221408812
75.2	0.0418858189445538	0.5046273073206575	0.5213000221408812
75.6	0.0418858189445538	0.5046273073206575	0.5213000221408812
76.0	0.0418858189445538	0.5046269104528154	0.5213000221408812
76.4	0.0418858189445538	0.5046269104528154	0.5213000221408812
76.8	0.0418858189445538	0.5046269104528154	0.5213000221408812
77.2	0.0418858189445538	0.5046269104528154	0.5213000221408812
77.6	0.0418858189445538	0.5046269104528154	0.5213000221408812
78.0	0.0418858189445538	0.5046269104528154	0.5213000221408812
78.4	0.0418858189445538	0.5046269104528154	0.521299809369876
78.8	0.0418858189445538	0.5046267120188941	0.5213000221408812
79.2	0.0418858189445538	0.5046267120188941	0.5213002349118878
79.6	0.0418858189445538	0.5046267120188941	0.5213002349118878
80.0	0.0418858189445538	0.5046267120188941	0.5213002349118878
80.4	0.0418858189445538	0.5046267120188941	0.5213002349118878
80.8	0.0418858189445538	0.5046265135849732	0.5213000221408812
