Time	ABP	LCBFV	RCBFV
-78.0	0.06741172682284972	0.4439480134234981	0.34035862056431565
-77.6	0.15612652045881448	0.5450878578267555	0.5969592380958786
-77.2	0.2975677181095899	0.6150438815889512	0.876525182355095
-76.8	0.4541929961230602	0.692587168237476	0.965709728016316
-76.4	0.6022759326594176	0.7560636551639464	0.9747219124963689
-76.0	0.728842978426972	0.7890025509585628	0.9500505748530514
-75.6	0.8286774149961178	0.8103946286307808	0.8504765209055116
-75.2	0.9016965055123313	0.8296919464074257	0.6422466633598836
-74.8	0.9508399671791976	0.8432929951318533	0.4762425314572032
-74.4	0.9804938551142541	0.8485246327801885	0.4783236617372122
-74.0	0.9954043304929681	0.846159826873492	0.5632327786184708
-73.6	1.0	0.8383701414381943	0.6297460685000411
-73.2	0.9980295716085953	0.8275949473243638	0.6580018430862489
-72.8	0.9924249549652986	0.8162106942136376	0.661362273523189
-72.4	0.9853119355764359	0.8061558467148848	0.6543039050757082
-72.0	0.9781062734164401	0.7984778967352684	0.6461692735717848
-71.6	0.9716492296567552	0.7932211801870612	0.6409979851918783
-71.2	0.9663511315561246	0.7898061953482167	0.6390859415463743
-70.8	0.9623236563673749	0.7875390180160222	0.6391433577756107
-70.4	0.9594907526201965	0.7858791083307324	0.6398658037208742
-70.0	0.9576746622991714	0.784478048719123	0.640524509330493
-69.6	0.9566577430203744	0.7831627499883274	0.6409079498874815
-69.2	0.9562231973496089	0.7819020874322531	0.6410700467201664
-68.8	0.9561788834733969	0.7807381577756853	0.6411252994393157
-68.4	0.9563685425469809	0.7797148490934007	0.6411554221566833
-68.0	0.9566743894794315	0.7788491792103129	0.6411917025566072
-67.6	0.9570143460368283	0.7781319674577185	0.6412349727583502
-67.2	0.9573364377578013	0.7775423893919737	0.6412757466023007
-66.8	0.9576121506577112	0.7770569335444475	0.6413060357435212
-66.4	0.9578299177351507	0.7766538797965024	0.6413235102480717
-66.0	0.957989407519589	0.776315986404474	0.6413303336260388
-65.6	0.958096919831518	0.7760282508121907	0.6413296679306275
-65.2	0.9581619444793907	0.7757817162696972	0.6413256737581587
-64.8	0.9581947860024498	0.7755678738645377	0.6413198489233087
-64.4	0.9582050787931264	0.775380677790491	0.6413143569361641
-64.0	0.9582009902739096	0.7752160975100799	0.6413093642205783
-63.6	0.958188916704134	0.775070550323322	0.64130537004811
-63.2	0.9581735020197326	0.7749420209614768	0.6413022079949053
-62.8	0.9581578441679759	0.7748278223995588	0.6413002109086712
-62.4	0.958143788492917	0.774726163287577	0.6412987130939953
-62.0	0.9581322395178903	0.7746352522755404	0.6412977145508783
-61.6	0.9581234487809865	0.7745544176072028	0.6412972152793199
-61.2	0.9581172565393483	0.7744818679325722	0.6412972152793199
-60.8	0.9581132794628786	0.7744173793329008	0.6412972152793199
-60.4	0.9581110457117459	0.7743591604581979	0.6412975481270253
-60.0	0.9581100840793987	0.7743074352272115	0.6412977145508783
-59.6	0.9581099762417915	0.7742606362087003	0.6412980473985841
-59.2	0.9581103815302958	0.774218987321412	0.641298213822437
-58.8	0.9581110428175537	0.7741820407278506	0.641298213822437
-58.4	0.9581117806622393	0.7741493485905173	0.6412983802462899
-58.0	0.9581124812152524	0.7741197913156679	0.6412983802462899
-57.6	0.9581130818120823	0.7740940406595489	0.6412987130939953
-57.2	0.9581135568127304	0.7740712009471653	0.6412983802462899
-56.8	0.9581139051649005	0.774051496097266	0.6412983802462899
-56.4	0.9581141403645693	0.774034030434855	0.6412983802462899
-56.0	0.9581142829423992	0.7740188039599323	0.6412983802462899
-55.6	0.9581143552699152	0.774005368835001	0.6412983802462899
-55.2	0.9581143783060494	0.7739939489788092	0.6412983802462899
-54.8	0.9581143698449829	0.7739843204726085	0.6412983802462899
-54.4	0.9581143438404887	0.7739758115601516	0.6412983802462899
-54.0	0.9581143104373315	0.773968646160188	0.6412983802462899
-53.6	0.9581142764141715	0.7739628242727181	0.6412983802462899
-53.2	0.9581142458186219	0.7739576741414935	0.641298213822437
-52.8	0.9581142206443499	0.7739531957665169	0.641298213822437
-52.4	0.9581142014573277	0.7739496130665353	0.641298213822437
-52.0	0.9581141879225274	0.7739467021227999	0.641298213822437
-51.6	0.958114179213424	0.7739440150978139	0.641298213822437
-51.2	0.958114174307155	0.7739417759103255	0.641298213822437
-50.8	0.958114172179592	0.7739399845603341	0.641298213822437
-50.4	0.9581141719200008	0.7739384171290924	0.641298213822437
-50.0	0.9581141727856862	0.7739370736165991	0.6412983802462899
-49.6	0.958114174215348	0.7739361779416041	0.6412983802462899
-49.2	0.958114175816698	0.7739352822666081	0.6412983802462899
-48.8	0.9581141773403621	0.7739343865916126	0.641298213822437
-48.4	0.9581141786486354	0.773933714835366	0.641298213822437
-48.0	0.9581141796846981	0.7739328191603709	0.641298213822437
-47.6	0.9581141804455386	0.7739323713228732	0.641298213822437
-47.2	0.9581141809600576	0.7739321474041243	0.6412983802462899
-46.8	0.9581141812726701	0.7739316995666266	0.641298213822437
-46.4	0.9581141814319384	0.7739312517291288	0.641298213822437
-46.0	0.9581141814834578	0.7739310278103804	0.641298213822437
-45.6	0.9581141814660036	0.7739305799728817	0.641298213822437
-45.2	0.9581141814100037	0.7739303560541333	0.641298213822437
-44.8	0.9581141813376217	0.7739301321353844	0.641298213822437
-44.4	0.9581141812637005	0.7739296842978867	0.641298213822437
-44.0	0.9581141811970996	0.7739292364603889	0.641298213822437
-43.6	0.9581141811422268	0.7739290125416396	0.641298213822437
-43.2	0.9581141811003462	0.7739290125416396	0.641298213822437
-42.8	0.9581141810707701	0.7739287886228912	0.641298213822437
-42.4	0.9581141810516962	0.7739285647041423	0.6412983802462899
-42.0	0.9581141810409202	0.7739283407853934	0.641298213822437
-41.6	0.9581141810362146	0.7739281168666445	0.641298213822437
-41.2	0.9581141810355953	0.7739278929478957	0.641298213822437
-40.8	0.9581141810374432	0.7739276690291468	0.641298213822437
-40.4	0.9581141810405337	0.7739276690291468	0.641298213822437
-40.0	0.9581141810440088	0.7739274451103983	0.641298213822437
-39.6	0.9581141810473229	0.7739274451103983	0.641298213822437
-39.2	0.9581141810501724	0.7739272211916495	0.641298213822437
-38.8	0.958114181052432	0.7739272211916495	0.641298213822437
-38.4	0.958114181054094	0.7739269972729006	0.641298213822437
-38.0	0.9581141810552191	0.7739269972729006	0.641298213822437
-37.6	0.958114181055909	0.7739267733541517	0.641298213822437
-37.2	0.958114181056257	0.7739267733541517	0.641298213822437
-36.8	0.9581141810563671	0.7739265494354028	0.641298213822437
-36.4	0.9581141810563303	0.7739265494354028	0.641298213822437
-36.0	0.9581141810562113	0.7739265494354028	0.6412983802462899
-35.6	0.9581141810560556	0.7739265494354028	0.641298213822437
-35.2	0.9581141810558998	0.773926325516654	0.641298213822437
-34.8	0.9581141810557531	0.773926325516654	0.641298213822437
-34.4	0.9581141810556342	0.773926325516654	0.641298213822437
-34.0	0.9581141810555424	0.773926325516654	0.641298213822437
-33.6	0.9581141810554785	0.7739258776791562	0.641298213822437
-33.2	0.9581141810554344	0.773926325516654	0.641298213822437
-32.8	0.9581141810554105	0.7739258776791562	0.641298213822437
-32.4	0.9581141810554005	0.7739258776791562	0.641298213822437
-32.0	0.9581141810553986	0.7739258776791562	0.641298213822437
-31.6	0.9581141810554022	0.7739258776791562	0.641298213822437
-31.2	0.9581141810554096	0.7739256537604073	0.641298213822437
-30.8	0.9581141810554169	0.7739258776791562	0.641298213822437
-30.4	0.9581141810554241	0.7739256537604073	0.641298213822437
-30.0	0.9581141810554298	0.7739256537604073	0.641298213822437
-29.6	0.9581141810554351	0.7739254298416589	0.6412983802462899
-29.2	0.9581141810554389	0.7739254298416589	0.6412983802462899
-28.8	0.9581141810554417	0.7739254298416589	0.641298213822437
-28.4	0.9581141810554417	0.7739254298416589	0.641298213822437
-28.0	0.9581141810554417	0.7739254298416589	0.641298213822437
-27.6	0.9581141810554417	0.7739254298416589	0.641298213822437
-27.2	0.9581141810554417	0.7739254298416589	0.641298213822437
-26.8	0.9581141810554417	0.7739254298416589	0.6412983802462899
-26.4	0.9581141810554417	0.7739254298416589	0.641298213822437
-26.0	0.9581141810554417	0.7739254298416589	0.641298213822437
-25.6	0.9581141810554417	0.7739254298416589	0.641298213822437
-25.2	0.9581141810554417	0.7739254298416589	0.641298213822437
-24.8	0.9581141810554417	0.7739254298416589	0.641298213822437
-24.4	0.9581141810554417	0.7739254298416589	0.641298213822437
-24.0	0.9581141810554417	0.7739252059229096	0.641298213822437
-23.6	0.9581141810554417	0.7739252059229096	0.641298213822437
-23.2	0.9581141810554417	0.7739252059229096	0.641298213822437
-22.8	0.9581141810554417	0.7739254298416589	0.641298213822437
-22.4	0.9581141810554417	0.7739252059229096	0.641298213822437
-22.0	0.9581141810554417	0.7739254298416589	0.641298213822437
-21.6	0.9581141810554417	0.7739254298416589	0.641298213822437
-21.2	0.9581141810554417	0.7739254298416589	0.641298213822437
-20.8	0.9581141810554417	0.7739254298416589	0.641298213822437
-20.4	0.9581141810554417	0.7739252059229096	0.641298213822437
-20.0	0.9581141810554417	0.7739252059229096	0.641298213822437
-19.6	0.9581141810554417	0.7739252059229096	0.641298213822437
-19.2	0.9581141810554417	0.7739252059229096	0.641298213822437
-18.8	0.9581141810554417	0.7739252059229096	0.641298213822437
-18.4	0.9581141810554417	0.7739252059229096	0.6412983802462899
-18.0	0.9581141810554417	0.7739252059229096	0.641298213822437
-17.6	0.9581141810554417	0.7739252059229096	0.641298213822437
-17.2	0.9581141810554417	0.7739252059229096	0.641298213822437
-16.8	0.9581141810554417	0.7739252059229096	0.641298213822437
-16.4	0.9581141810554417	0.7739252059229096	0.641298213822437
-16.0	0.9581141810554417	0.7739252059229096	0.641298213822437
-15.6	0.9581141810554417	0.7739252059229096	0.641298213822437
-15.2	0.9581141810554417	0.7739252059229096	0.641298213822437
-14.8	0.9581141810554417	0.7739252059229096	0.641298213822437
-14.4	0.9581141810554417	0.7739252059229096	0.641298213822437
-14.0	0.9581141810554417	0.7739252059229096	0.641298213822437
-13.6	0.9581141810554417	0.7739252059229096	0.641298213822437
-13.2	0.9581141810554417	0.7739252059229096	0.641298213822437
-12.8	0.9581141810554417	0.7739252059229096	0.641298213822437
-12.4	0.9581141810554417	0.7739252059229096	0.641298213822437
-12.0	0.9581141810554417	0.7739249820041612	0.641298213822437
-11.6	0.9581141810554417	0.7739252059229096	0.641298213822437
-11.2	0.9581141810554417	0.7739249820041612	0.641298213822437
-10.8	0.9581141810554417	0.7739252059229096	0.641298213822437
-10.4	0.9581141810554417	0.7739252059229096	0.641298213822437
-10.0	0.9581141810554417	0.7739252059229096	0.641298213822437
-9.6	0.9581141810554417	0.7739252059229096	0.641298213822437
-9.2	0.9581141810554417	0.7739249820041612	0.6412983802462899
-8.8	0.9581141810554417	0.7739249820041612	0.641298213822437
-8.4	0.9581141810554417	0.7739249820041612	0.641298213822437
-8.0	0.9581141810554417	0.7739252059229096	0.641298213822437
-7.6	0.9581141810554417	0.7739249820041612	0.641298213822437
-7.2	0.9581141810554417	0.7739249820041612	0.641298213822437
-6.8	0.9581141810554417	0.7739249820041612	0.641298213822437
-6.4	0.9581141810554417	0.7739252059229096	0.641298213822437
-6.0	0.9581141810554417	0.7739252059229096	0.641298213822437
-5.6	0.9581141810554417	0.7739249820041612	0.641298213822437
-5.2	0.9581141810554417	0.7739252059229096	0.641298213822437
-4.8	0.9581141810554417	0.7739252059229096	0.641298213822437
-4.4	0.9581141810554417	0.7739252059229096	0.641298213822437
-4.0	0.9581141810554417	0.7739252059229096	0.641298213822437
-3.6	0.9581141810554417	0.7739252059229096	0.641298213822437
-3.2	0.9581141810554417	0.7739252059229096	0.641298213822437
-2.8	0.9581141810554417	0.7739252059229096	0.641298213822437
-2.4	0.9581141810554417	0.7739252059229096	0.641298213822437
-2.0	0.9581141810554417	0.7739252059229096	0.641298213822437
-1.6	0.9581141810554417	0.7739252059229096	0.641298213822437
-1.2	0.9581141810554417	0.7739252059229096	0.641298213822437
-0.8	0.9581141810554417	0.7739252059229096	0.641298213822437
-0.4	0.9581141810554417	0.7739252059229096	0.641298213822437
0.0	0.9581141810554417	0.7739252059229096	0.641298213822437
0.4	0.9581141810554417	0.7739252059229096	0.641298213822437
0.8	0.9581141810554417	0.7739252059229096	0.641298213822437
1.2	0.9581141810554417	0.7739252059229096	0.641298213822437
1.6	0.9325882731771457	0.7700635031800922	0.6320076022365502
2.0	0.843873479541181	0.7543388090414886	0.5967239147679351
2.4	0.7024322818904056	0.7232022352564362	0.5364034228751229
2.8	0.5458070038769351	0.680208491963068	0.47678457394596707
3.2	0.39772406734057786	0.6314526475053186	0.44553583278993303
3.6	0.2711570215730236	0.5857481438382663	0.4513203930676264
4.0	0.17132258500387848	0.5567067777862857	0.48355269919406085
4.4	0.0983034944876641	0.5560133014210709	0.5255357788595387
4.8	0.04916003282079817	0.5813255246295581	0.5644799589718006
5.2	0.01950614488574446	0.6173139698648811	0.5940777755074675
5.6	0.004595669507025765	0.6506787591198262	0.6128570430641438
6.0	0.0	0.6785669436151847	0.6219744074192035
6.4	0.001970428391404537	0.7036942099371153	0.6237474871475701
6.8	0.007575045034696991	0.7276394091838205	0.6208245850197969
7.2	0.014688064423555941	0.749806693564588	0.6156476382288933
7.6	0.02189372658355987	0.7692804593153331	0.6100882494241189
8.0	0.028350770343242414	0.785697510225408	0.6052790993480355
8.4	0.03364886844387128	0.7990811338446941	0.601676189357478
8.8	0.03767634363262206	0.8095983735598398	0.5992738610414494
9.2	0.04050924737979743	0.8174693415009724	0.5978481078940021
9.6	0.04232533770082475	0.8229390047793443	0.597134315989087
10.0	0.04334225697962158	0.8262628546874033	0.5969129722647835
10.4	0.0437768026503866	0.827696606436346	0.5970276382994038
10.8	0.04382111652659886	0.8274930642936331	0.5973698057408834
11.2	0.0436314574530143	0.8259039129329828	0.5978612553783775
11.6	0.04332561052056362	0.8231770304093811	0.5984424074725632
12.0	0.042985653963167406	0.8195580555903264	0.5990664969207868
12.4	0.042663562242194204	0.8152865815370975	0.5996982418662418
12.8	0.0423878493422843	0.8105916771297768	0.6003138436979696
13.2	0.0421700822648452	0.8056847216672867	0.6008991563884765
13.6	0.04201059248040673	0.800753135142422	0.6014485215267662
14.0	0.04190308016847743	0.7959525410856401	0.6019599420266037
14.4	0.04183805552060373	0.7914038556213234	0.6024357478219295
14.8	0.04180521399754266	0.7871917200365424	0.6028797666613586
15.2	0.04179492120687013	0.7833667399685376	0.6032948277503904
15.6	0.04179900972608181	0.7799495159422043	0.6036840931422289
16.0	0.041811083295859995	0.7769378087700547	0.6040505584662257
16.4	0.041826497980267635	0.7743123614396867	0.6043962208086153
16.8	0.04184215583202051	0.7720427210012542	0.6047222451363674
17.2	0.0418562115070811	0.7700928365361923	0.6050297964164515
17.6	0.04186776048210639	0.7684244179384465	0.6053193739204272
18.0	0.04187655121900773	0.7670002946957046	0.6055919761914113
18.4	0.04188274346064996	0.7657859833206437	0.6058476032294036
18.8	0.04188672053711745	0.7647492395134279	0.6060869207298158
19.2	0.041888954288249444	0.7638629691054453	0.6063102615403535
19.6	0.04188991592059674	0.7631034367093164	0.6065184577802807
20.0	0.04189002375820357	0.7624504896376441	0.6067118422973037
20.4	0.04188961846969933	0.7618866622280178	0.6068912472106862
20.8	0.041888957182442156	0.7613980715180082	0.60705733821584
21.2	0.041888219337756126	0.7609728498139257	0.6072102817366178
21.6	0.04188751878474316	0.7606018164470667	0.6073517420115486
22.0	0.041886918187912965	0.7602755668299794	0.6074818854644848
22.4	0.041886443187265275	0.7599887269126917	0.6076015442146909
22.8	0.04188609483509504	0.7597350269702345	0.6077115503814312
23.2	0.04188585963542684	0.7595106603838784	0.6078125696601169
23.6	0.04188571705760046	0.7593109248598959	0.6079051013223071
24.0	0.0418856447300795	0.7591331333733025	0.6079899774872652
24.4	0.04188562169394452	0.7589743749803617	0.6080678638504038
24.8	0.041885630155010865	0.758832186574836	0.6081392596832802
25.2	0.04188565615950581	0.7587050007254845	0.6082048306813066
25.6	0.041885689562664655	0.7585908021635666	0.6082645768444834
26.0	0.041885723585826894	0.7584884712953381	0.6083194967159273
26.4	0.04188575418137185	0.7583964406895576	0.6083695902956379
26.8	0.04188577935564246	0.758313814671228	0.6084153568551742
27.2	0.04188579854266422	0.7582392497278581	0.6084569628183893
27.6	0.04188581207746908	0.7581722980219499	0.6084954067284003
28.0	0.04188582078657159	0.7581118399597577	0.6085301893136474
28.4	0.04188582569284101	0.7580572037850364	0.6085621426933967
28.8	0.04188582782040343	0.7580083894977849	0.6085914332914997
29.2	0.04188582807999494	0.757964053585511	0.6086182275318102
29.6	0.04188582721430925	0.7579241960482141	0.6086426918381806
30.0	0.04188582578464762	0.7578883690483966	0.6086651590583165
30.4	0.041885824183297664	0.7578556769110634	0.6086854627683653
30.8	0.04188582265963342	0.7578263435549633	0.6087039358160329
31.2	0.04188582135136015	0.7577994733050999	0.6087207446251717
31.6	0.0418858203152968	0.7577755139989719	0.608736222043488
32.0	0.041885819554456694	0.7577537938803327	0.6087505344948334
32.4	0.04188581903993779	0.7577340890304329	0.6087633491315039
32.8	0.0418858187273271	0.757716399449273	0.6087753316489097
33.2	0.04188581856805733	0.7577000533806064	0.6087859827754927
33.6	0.04188581851653521	0.7576852747431819	0.6087958017828115
34.0	0.04188581853399386	0.7576722874557476	0.6088046222470127
34.4	0.0418858185899931	0.7576601958433096	0.6088129434396561
34.8	0.04188581866237206	0.7576492238246151	0.6088205989368873
35.2	0.041885818736298756	0.757639147480917	0.608827255891002
35.6	0.04188581880289552	0.7576299668122135	0.6088334135735578
36.0	0.04188581885776873	0.757621681818506	0.6088392384084078
36.4	0.04188581889964613	0.7576142924997935	0.6088443975478461
36.8	0.04188581892922926	0.7576073510185788	0.6088492238395795
37.2	0.04188581894829994	0.7576013052123596	0.6088537172836066
37.6	0.041885818959075415	0.7575954833248897	0.6088575450322224
38.0	0.04188581896378148	0.7575905571124144	0.6088608735092795
38.4	0.04188581896440085	0.7575854069811907	0.6088642019863366
38.8	0.04188581896255263	0.7575811525249629	0.6088670311918349
39.2	0.041885818959462105	0.757577345906232	0.6088700268211866
39.6	0.041885818955986844	0.75757376320625	0.6088723567551266
40.0	0.041885818952673064	0.7575701805062685	0.6088746866890671
40.4	0.041885818949823336	0.7575672695625331	0.6088768501991542
40.8	0.04188581894756354	0.757564582537547	0.6088788472853888
41.2	0.04188581894590182	0.7575621194313094	0.6088805115239171
41.6	0.041885818944776304	0.7575596563250726	0.6088821757624454
42.0	0.04188581894409092	0.7575574171375834	0.6088835071532683
42.4	0.04188581894374024	0.7575554018688435	0.6088846721202383
42.8	0.04188581894362508	0.757553610518853	0.6088860035110613
43.2	0.04188581894366099	0.7575520430876108	0.6088871684780313
43.6	0.04188581894378156	0.7575504756563691	0.6088883334450008
44.0	0.04188581894393838	0.757548908225127	0.6088893319881183
44.4	0.041885818944099	0.7575477886313826	0.60888999768353
44.8	0.04188581894424396	0.7575464451188894	0.6088906633789417
45.2	0.041885818944363565	0.7575453255251454	0.6088914954982054
45.6	0.041885818944454964	0.7575442059314006	0.6088918283459117
46.0	0.04188581894451962	0.7575433102564051	0.6088926604651754
46.4	0.04188581894456138	0.7575426385001589	0.6088931597367342
46.8	0.04188581894458505	0.7575415189064145	0.6088938254321459
47.2	0.04188581894459545	0.7575408471501679	0.6088943247037042
47.6	0.04188581894459692	0.7575403993126701	0.6088948239752625
48.0	0.04188581894459297	0.757539727556424	0.6088949903991159
48.4	0.041885818944586296	0.7575392797189258	0.6088951568229684
48.8	0.041885818944578754	0.7575386079626791	0.6088954896706742
49.2	0.041885818944571544	0.7575379362064325	0.6088956560945271
49.6	0.04188581894456534	0.7575374883689352	0.6088961553660859
50.0	0.04188581894456041	0.7575370405314374	0.6088964882137913
50.4	0.04188581894455678	0.7575365926939401	0.6088966546376442
50.8	0.041885818944554315	0.7575363687751908	0.6088968210614971
51.2	0.041885818944552816	0.7575361448564415	0.6088968210614971
51.6	0.041885818944552046	0.7575356970189442	0.6088971539092025
52.0	0.04188581894455179	0.7575354731001953	0.6088971539092025
52.4	0.04188581894455186	0.7575352491814464	0.6088976531807613
52.8	0.04188581894455212	0.7575348013439487	0.6088976531807613
53.2	0.04188581894455246	0.7575343535064509	0.6088978196046142
53.6	0.04188581894455281	0.757534129587702	0.60889815245232
54.0	0.04188581894455312	0.7575339056689532	0.60889815245232
54.4	0.041885818944553385	0.7575339056689532	0.60889815245232
54.8	0.041885818944553586	0.7575336817502043	0.60889815245232
55.2	0.041885818944553725	0.7575334578314554	0.60889815245232
55.6	0.041885818944553815	0.7575334578314554	0.60889815245232
56.0	0.04188581894455387	0.7575332339127065	0.60889815245232
56.4	0.04188581894455389	0.7575330099939581	0.6088984853000259
56.8	0.04188581894455389	0.7575330099939581	0.6088984853000259
57.2	0.041885818944553885	0.7575327860752088	0.6088984853000259
57.6	0.04188581894455387	0.7575327860752088	0.6088984853000259
58.0	0.04188581894455386	0.7575327860752088	0.6088984853000259
58.4	0.04188581894455384	0.7575325621564604	0.6088988181477313
58.8	0.04188581894455383	0.7575325621564604	0.6088988181477313
59.2	0.041885818944553815	0.757532338237711	0.6088988181477313
59.6	0.04188581894455381	0.757532338237711	0.6088988181477313
60.0	0.0418858189445538	0.757532338237711	0.6088988181477313
60.4	0.0418858189445538	0.757532338237711	0.6088988181477313
60.8	0.041885818944553795	0.757532338237711	0.6088989845715842
61.2	0.041885818944553795	0.7575321143189622	0.6088989845715842
61.6	0.041885818944553795	0.7575321143189622	0.6088989845715842
62.0	0.041885818944553795	0.7575321143189622	0.6088989845715842
62.4	0.0418858189445538	0.7575318904002137	0.6088989845715842
62.8	0.0418858189445538	0.7575318904002137	0.6088988181477313
63.2	0.0418858189445538	0.7575318904002137	0.6088988181477313
63.6	0.0418858189445538	0.7575318904002137	0.6088988181477313
64.0	0.0418858189445538	0.7575316664814649	0.6088988181477313
64.4	0.0418858189445538	0.7575316664814649	0.6088988181477313
64.8	0.0418858189445538	0.7575316664814649	0.6088988181477313
65.2	0.0418858189445538	0.7575316664814649	0.6088989845715842
65.6	0.0418858189445538	0.7575316664814649	0.6088989845715842
66.0	0.0418858189445538	0.7575316664814649	0.6088989845715842
66.4	0.0418858189445538	0.7575316664814649	0.6088989845715842
66.8	0.0418858189445538	0.7575316664814649	0.6088989845715842
67.2	0.0418858189445538	0.7575316664814649	0.6088988181477313
67.6	0.0418858189445538	0.757531442562716	0.6088988181477313
68.0	0.0418858189445538	0.757531442562716	0.6088989845715842
68.4	0.0418858189445538	0.757531442562716	0.6088989845715842
68.8	0.0418858189445538	0.757531442562716	0.6088989845715842
69.2	0.0418858189445538	0.757531442562716	0.6088989845715842
69.6	0.0418858189445538	0.757531442562716	0.6088989845715842
70.0	0.0418858189445538	0.757531442562716	0.6088989845715842
70.4	0.0418858189445538	0.757531442562716	0.6088988181477313
70.8	0.0418858189445538	0.757531442562716	0.6088989845715842
71.2	0.0418858189445538	0.757531442562716	0.6088988181477313
71.6	0.0418858189445538	0.7575312186439671	0.6088988181477313
72.0	0.0418858189445538	0.7575312186439671	0.6088989845715842
72.4	0.0418858189445538	0.7575312186439671	0.6088989845715842
72.8	0.0418858189445538	0.7575312186439671	0.6088989845715842
73.2	0.0418858189445538	0.7575312186439671	0.6088989845715842
73.6	0.0418858189445538	0.7575312186439671	0.6088989845715842
74.0	0.0418858189445538	0.7575312186439671	0.6088989845715842
74.4	0.0418858189445538	0.7575312186439671	0.6088989845715842
74.8	0.0418858189445538	0.7575312186439671	0.6088989845715842
75.2	0.0418858189445538	0.7575312186439671	0.6088989845715842
75.6	0.0418858189445538	0.7575312186439671	0.6088989845715842
76.0	0.0418858189445538	0.7575312186439671	0.6088989845715842
76.4	0.0418858189445538	0.7575312186439671	0.6088989845715842
76.8	0.0418858189445538	0.7575312186439671	0.6088989845715842
77.2	0.0418858189445538	0.7575312186439671	0.6088989845715842
77.6	0.0418858189445538	0.7575312186439671	0.6088989845715842
78.0	0.0418858189445538	0.7575312186439671	0.6088989845715842
78.4	0.0418858189445538	0.7575312186439671	0.6088988181477313
78.8	0.0418858189445538	0.7575312186439671	0.6088989845715842
79.2	0.0418858189445538	0.7575312186439671	0.6088989845715842
79.6	0.0418858189445538	0.7575312186439671	0.6088989845715842
80.0	0.0418858189445538	0.7575312186439671	0.6088989845715842
80.4	0.0418858189445538	0.7575312186439671	0.6088989845715842
80.8	0.0418858189445538	0.7575312186439671	0.6088989845715842
