Time	ABP	LCBFV	RCBFV
-78.0	0.06741172682284972	0.15127976164247992	0.13988439777689554
-77.6	0.15612652045881448	0.19014195011074797	0.1761216847787923
-77.2	0.2975677181095899	0.2719495794495921	0.25413998597023313
-76.8	0.4541929961230602	0.46999232576508554	0.43979636862152494
-76.4	0.6022759326594176	0.7606742085137399	0.7055528740663692
-76.0	0.728842978426972	0.8948423151905827	0.8444019460098826
-75.6	0.8286774149961178	0.900958407583341	0.8599516853748266
-75.2	0.9016965055123313	0.8604637634098626	0.8165165465628375
-74.8	0.9508399671791976	0.8179965593244347	0.7628747550762534
-74.4	0.9804938551142541	0.7930546202753974	0.7270698029750664
-74.0	0.9954043304929681	0.7781107217002359	0.70642177849135
-73.6	1.0	0.7656692249078256	0.6948429061342318
-73.2	0.9980295716085953	0.7540269396358967	0.6874040840786411
-72.8	0.9924249549652986	0.7433462439556866	0.6815933739579061
-72.4	0.9853119355764359	0.7339274260811255	0.6767509810914667
-72.0	0.9781062734164401	0.7258812589977959	0.6728252834016255
-71.6	0.9716492296567552	0.7191608087700394	0.669855199095396
-71.2	0.9663511315561246	0.7136375075551515	0.6678070528330309
-70.8	0.9623236563673749	0.7091489772818949	0.6665546125026636
-70.4	0.9594907526201965	0.705524164886187	0.6659218387533967
-70.0	0.9576746622991714	0.7025984679396515	0.6657258361771421
-69.6	0.9566577430203744	0.7002244115638914	0.6658050841323562
-69.2	0.9562231973496089	0.6982754298376275	0.6660321406147249
-68.8	0.9561788834733969	0.6966494247681245	0.6663176752319846
-68.4	0.9563685425469809	0.6952665419340476	0.6666019999567989
-68.0	0.9566743894794315	0.6940669461283253	0.6668528509906062
-67.6	0.9570143460368283	0.693006817515295	0.6670551046778324
-67.2	0.9573364377578013	0.6920559048378498	0.6672051313411378
-66.8	0.9576121506577112	0.6911924093960149	0.6673079721990491
-66.4	0.9578299177351507	0.6904025401755209	0.6673710882549833
-66.0	0.957989407519589	0.6896767324406667	0.6674035537022849
-65.6	0.958096919831518	0.689007423377173	0.6674142410855579
-65.2	0.9581619444793907	0.6883903867064753	0.6674108130569609
-64.8	0.9581947860024498	0.6878213961500066	0.6673991174299825
-64.4	0.9582050787931264	0.6872977824791979	0.6673835904769254
-64.0	0.9582009902739096	0.6868153194154836	0.6673678618751271
-63.6	0.958188916704134	0.6863720050374371	0.6673535448145158
-63.2	0.9581735020197326	0.68596405793792	0.6673414458900557
-62.8	0.9581578441679759	0.6855888088883648	0.6673317667504877
-62.4	0.958143788492917	0.6852438110959156	0.6673247090445529
-62.0	0.9581322395178903	0.6849255055891499	0.6673200711235097
-61.6	0.9581234487809865	0.6846318904466409	0.6673170463923943
-61.2	0.9581172565393483	0.684361186182675	0.6673154332024664
-60.8	0.9581132794628786	0.6841102786972577	0.6673146266075018
-60.4	0.9581110457117459	0.6838778333761044	0.6673146266075018
-60.0	0.9581100840793987	0.6836618482977892	0.6673152315537256
-59.6	0.9581099762417915	0.6834609888480272	0.6673154332024664
-59.2	0.9581103815302958	0.6832741428482478	0.6673156348512073
-58.8	0.9581110428175537	0.6830995308127408	0.6673160381486893
-58.4	0.9581117806622393	0.6829367078700761	0.6673162397974306
-58.0	0.9581124812152524	0.6827847842773993	0.6673166430949122
-57.6	0.9581130818120823	0.6826422029847108	0.6673166430949122
-57.2	0.9581135568127304	0.6825087415562976	0.6673166430949122
-56.8	0.9581139051649005	0.6823839551207307	0.6673166430949122
-56.4	0.9581141403645693	0.6822662866280131	0.6673166430949122
-56.0	0.9581142829423992	0.6821564033852865	0.6673166430949122
-55.6	0.9581143552699152	0.6820529707782654	0.6673162397974306
-55.2	0.9581143783060494	0.6819557663712379	0.6673160381486893
-54.8	0.9581143698449829	0.6818643452927744	0.6673160381486893
-54.4	0.9581143438404887	0.681778485107162	0.6673160381486893
-54.0	0.9581143104373315	0.6816975185072578	0.6673160381486893
-53.6	0.9581142764141715	0.681621223057348	0.6673158364999485
-53.2	0.9581142458186219	0.6815493763217186	0.6673158364999485
-52.8	0.9581142206443499	0.6814817558646555	0.6673158364999485
-52.4	0.9581142014573277	0.6814179168147318	0.6673158364999485
-52.0	0.9581141879225274	0.6813574143005177	0.6673158364999485
-51.6	0.958114179213424	0.6813004707577281	0.6673158364999485
-51.2	0.958114174307155	0.6812470861863624	0.6673156348512073
-50.8	0.958114172179592	0.6811961484078517	0.6673158364999485
-50.4	0.9581141719200008	0.6811481022936228	0.6673158364999485
-50.0	0.9581141727856862	0.6811029478436765	0.6673158364999485
-49.6	0.958114174215348	0.6810602401865844	0.6673158364999485
-49.2	0.958114175816698	0.6810197568866316	0.6673158364999485
-48.8	0.9581141773403621	0.6809812755081057	0.6673158364999485
-48.4	0.9581141786486354	0.6809450184867205	0.6673158364999485
-48.0	0.9581141796846981	0.6809107633867613	0.6673158364999485
-47.6	0.9581141804455386	0.6808780653367994	0.6673158364999485
-47.2	0.9581141809600576	0.6808473692082644	0.6673158364999485
-46.8	0.9581141812726701	0.6808182301297281	0.6673158364999485
-46.4	0.9581141814319384	0.6807902032297601	0.6673158364999485
-46.0	0.9581141814834578	0.6807641782512204	0.6673158364999485
-45.6	0.9581141814660036	0.6807392654512499	0.6673158364999485
-45.2	0.9581141814100037	0.6807159097012772	0.6673158364999485
-44.8	0.9581141813376217	0.6806934436941612	0.6673158364999485
-44.4	0.9581141812637005	0.6806723123013292	0.6673158364999485
-44.0	0.9581141811970996	0.6806522930870669	0.6673158364999485
-43.6	0.9581141811422268	0.6806333860513751	0.6673158364999485
-43.2	0.9581141811003462	0.6806153687585397	0.6673158364999485
-42.8	0.9581141810707701	0.6805982412085596	0.6673158364999485
-42.4	0.9581141810516962	0.6805820034014358	0.6673156348512073
-42.0	0.9581141810409202	0.6805664329014545	0.6673156348512073
-41.6	0.9581141810362146	0.6805519745800428	0.6673158364999485
-41.2	0.9581141810355953	0.6805377386943454	0.6673158364999485
-40.8	0.9581141810374432	0.6805246149872182	0.6673158364999485
-40.4	0.9581141810405337	0.6805121585872334	0.6673156348512073
-40.0	0.9581141810440088	0.6805001470586758	0.6673156348512073
-39.6	0.9581141810473229	0.6804890252729745	0.6673158364999485
-39.2	0.9581141810501724	0.6804781259229871	0.6673158364999485
-38.8	0.958114181052432	0.680467893880143	0.6673158364999485
-38.4	0.958114181054094	0.6804583291444395	0.6673156348512073
-38.0	0.9581141810552191	0.6804492092801646	0.6673158364999485
-37.6	0.958114181055909	0.6804403118516036	0.6673158364999485
-37.2	0.958114181056257	0.6804323041658993	0.6673156348512073
-36.8	0.9581141810563671	0.6804240740444802	0.6673158364999485
-36.4	0.9581141810563303	0.6804167336659175	0.6673158364999485
-36.0	0.9581141810562113	0.6804096157230686	0.6673156348512073
-35.6	0.9581141810560556	0.6804029426516478	0.6673156348512073
-35.2	0.9581141810558998	0.6803964920159413	0.6673156348512073
-34.8	0.9581141810557531	0.6803902638159487	0.6673156348512073
-34.4	0.9581141810556342	0.6803844804873842	0.6673156348512073
-34.0	0.9581141810555424	0.6803791420302474	0.6673156348512073
-33.6	0.9581141810554785	0.6803738035731111	0.6673156348512073
-33.2	0.9581141810554344	0.6803686875516886	0.6673156348512073
-32.8	0.9581141810554105	0.6803640164016942	0.6673156348512073
-32.4	0.9581141810554005	0.6803595676874137	0.6673158364999485
-32.0	0.9581141810553986	0.6803551189731332	0.6673158364999485
-31.6	0.9581141810554022	0.6803511151302808	0.6673158364999485
-31.2	0.9581141810554096	0.6803473337231423	0.6673156348512073
-30.8	0.9581141810554169	0.680343774751718	0.6673156348512073
-30.4	0.9581141810554241	0.6803402157802938	0.6673156348512073
-30.0	0.9581141810554298	0.6803368792445834	0.6673158364999485
-29.6	0.9581141810554351	0.680333542708873	0.6673156348512073
-29.2	0.9581141810554389	0.6803306510445912	0.6673156348512073
-28.8	0.9581141810554417	0.6803277593803085	0.6673156348512073
-28.4	0.9581141810554417	0.6803250901517397	0.6673156348512073
-28.0	0.9581141810554417	0.6803224209231717	0.6673158364999485
-27.6	0.9581141810554417	0.6803199741303181	0.6673158364999485
-27.2	0.9581141810554417	0.6803177497731774	0.6673156348512073
-26.8	0.9581141810554417	0.6803153029803233	0.6673156348512073
-26.4	0.9581141810554417	0.6803133010588969	0.6673156348512073
-26.0	0.9581141810554417	0.6803112991374709	0.6673158364999485
-25.6	0.9581141810554417	0.6803095196517583	0.6673156348512073
-25.2	0.9581141810554417	0.6803075177303324	0.6673156348512073
-24.8	0.9581141810554417	0.680306183116048	0.6673156348512073
-24.4	0.9581141810554417	0.6803041811946224	0.6673156348512073
-24.0	0.9581141810554417	0.680302846580338	0.6673158364999485
-23.6	0.9581141810554417	0.6803012895303397	0.6673156348512073
-23.2	0.9581141810554417	0.6802999549160558	0.6673156348512073
-22.8	0.9581141810554417	0.6802983978660575	0.6673156348512073
-22.4	0.9581141810554417	0.6802972856874874	0.6673156348512073
-22.0	0.9581141810554417	0.6802961735089172	0.6673158364999485
-21.6	0.9581141810554417	0.6802948388946333	0.6673156348512073
-21.2	0.9581141810554417	0.6802937267160631	0.6673156348512073
-20.8	0.9581141810554417	0.680292614537493	0.6673156348512073
-20.4	0.9581141810554417	0.6802915023589233	0.6673156348512073
-20.0	0.9581141810554417	0.6802908350517805	0.6673158364999485
-19.6	0.9581141810554417	0.6802899453089251	0.6673156348512073
-19.2	0.9581141810554417	0.6802888331303545	0.6673156348512073
-18.8	0.9581141810554417	0.6802881658232125	0.6673156348512073
-18.4	0.9581141810554417	0.6802874985160705	0.6673156348512073
-18.0	0.9581141810554417	0.6802868312089281	0.6673156348512073
-17.6	0.9581141810554417	0.680285719030358	0.6673158364999485
-17.2	0.9581141810554417	0.6802852741589303	0.6673156348512073
-16.8	0.9581141810554417	0.6802846068517878	0.6673156348512073
-16.4	0.9581141810554417	0.6802841619803601	0.6673156348512073
-16.0	0.9581141810554417	0.6802834946732177	0.6673158364999485
-15.6	0.9581141810554417	0.68028304980179	0.6673156348512073
-15.2	0.9581141810554417	0.680282382494648	0.6673156348512073
-14.8	0.9581141810554417	0.6802817151875056	0.6673156348512073
-14.4	0.9581141810554417	0.6802814927517917	0.6673158364999485
-14.0	0.9581141810554417	0.6802810478803636	0.6673156348512073
-13.6	0.9581141810554417	0.6802808254446502	0.6673156348512073
-13.2	0.9581141810554417	0.6802801581375078	0.6673156348512073
-12.8	0.9581141810554417	0.6802797132660796	0.6673156348512073
-12.4	0.9581141810554417	0.6802792683946519	0.6673158364999485
-12.0	0.9581141810554417	0.6802790459589376	0.6673156348512073
-11.6	0.9581141810554417	0.6802788235232229	0.6673156348512073
-11.2	0.9581141810554417	0.6802783786517952	0.6673156348512073
-10.8	0.9581141810554417	0.6802781562160813	0.6673156348512073
-10.4	0.9581141810554417	0.6802779337803675	0.6673158364999485
-10.0	0.9581141810554417	0.6802774889089394	0.6673156348512073
-9.6	0.9581141810554417	0.6802772664732255	0.6673156348512073
-9.2	0.9581141810554417	0.6802770440375112	0.6673156348512073
-8.8	0.9581141810554417	0.6802768216017974	0.6673156348512073
-8.4	0.9581141810554417	0.6802765991660831	0.6673158364999485
-8.0	0.9581141810554417	0.6802765991660831	0.6673156348512073
-7.6	0.9581141810554417	0.6802763767303692	0.6673156348512073
-7.2	0.9581141810554417	0.6802759318589411	0.6673156348512073
-6.8	0.9581141810554417	0.6802757094232277	0.6673156348512073
-6.4	0.9581141810554417	0.680275486987513	0.6673158364999485
-6.0	0.9581141810554417	0.680275486987513	0.6673156348512073
-5.6	0.9581141810554417	0.6802752645517987	0.6673156348512073
-5.2	0.9581141810554417	0.6802750421160852	0.6673156348512073
-4.8	0.9581141810554417	0.6802750421160852	0.6673158364999485
-4.4	0.9581141810554417	0.680274819680371	0.6673156348512073
-4.0	0.9581141810554417	0.680274819680371	0.6673156348512073
-3.6	0.9581141810554417	0.6802745972446571	0.6673156348512073
-3.2	0.9581141810554417	0.6802743748089428	0.6673156348512073
-2.8	0.9581141810554417	0.6802743748089428	0.6673158364999485
-2.4	0.9581141810554417	0.6802743748089428	0.6673156348512073
-2.0	0.9581141810554417	0.680274152373229	0.6673156348512073
-1.6	0.9581141810554417	0.680274152373229	0.6673156348512073
-1.2	0.9581141810554417	0.680274152373229	0.6673156348512073
-0.8	0.9581141810554417	0.6802739299375151	0.6673158364999485
-0.4	0.9581141810554417	0.6802739299375151	0.6673156348512073
0.0	0.9581141810554417	0.6802739299375151	0.6673156348512073
0.4	0.9581141810554417	0.6802739299375151	0.6673156348512073
0.8	0.9581141810554417	0.6802737075018013	0.6673156348512073
1.2	0.9581141810554417	0.6802737075018013	0.6673158364999485
1.6	0.9325882731771457	0.6722293199041838	0.6574388795168933
2.0	0.843873479541181	0.6391066401648335	0.6171424033586115
2.4	0.7024322818904056	0.5699649452538491	0.5345870054946091
2.8	0.5458070038769351	0.466468054312116	0.41490585627585186
3.2	0.39772406734057786	0.34231800732341	0.27821926543085174
3.6	0.2711570215730236	0.22570208040435524	0.15728486928676255
4.0	0.17132258500387848	0.14940907728755226	0.0842202710667952
4.4	0.0983034944876641	0.12934871241844892	0.07322799489725407
4.8	0.04916003282079817	0.1542297040818439	0.11433429239940307
5.2	0.01950614488574446	0.19750746390916918	0.18143956537651662
5.6	0.004595669507025765	0.23818094639672127	0.24741016088800794
6.0	0.0	0.26990984395200757	0.2963642240925013
6.4	0.001970428391404537	0.29570971755002873	0.3255740524704527
6.8	0.007575045034696991	0.3197416720930004	0.33992619996258155
7.2	0.014688064423555941	0.34353962426482054	0.3459617484295341
7.6	0.02189372658355987	0.3663842169663414	0.3486545657168849
8.0	0.028350770343242414	0.3869871025419451	0.35065592947133717
8.4	0.03364886844387128	0.4045873284139616	0.35285470734323066
8.8	0.03767634363262206	0.41913684846816146	0.3552650147444367
9.2	0.04050924737979743	0.4310186970040921	0.35768419469024626
9.6	0.04232533770082475	0.4407391377068679	0.3599850068250878
10.0	0.04334225697962158	0.4487543862259482	0.36215535222450046
10.4	0.0437768026503866	0.45542612303233376	0.36423959361150415
10.8	0.04382111652659886	0.4610306132828401	0.36627705249059583
11.2	0.0436314574530143	0.46578473179863966	0.36827418162148695
11.6	0.04332561052056362	0.46986042138667017	0.37020234688295584
12.0	0.042985653963167406	0.47339536975391283	0.3720117410359729
12.4	0.042663562242194204	0.47649834796452417	0.3736454991355769
12.8	0.0423878493422843	0.47925321428269063	0.3750524024015529
13.2	0.0421700822648452	0.4817258096797632	0.37619373427562874
13.6	0.04201059248040673	0.483966627062824	0.37704670845006993
14.0	0.04190308016847743	0.4860154824246834	0.3776058804088709
14.4	0.04183805552060373	0.48790084753673657	0.37788052599411626
14.8	0.04180521399754266	0.4896438537918155	0.3778928265673176
15.2	0.04179492120687013	0.49125806976847564	0.37767423933207067
15.6	0.04179900972608181	0.49275150315242167	0.37726227095420195
16.0	0.041811083295859995	0.49412882509364753	0.3766960412894662
16.4	0.041826497980267635	0.4953920375135805	0.37601426689613615
16.8	0.04184215583202051	0.4965424750265037	0.375254252791297
17.2	0.0418562115070811	0.4975825844252717	0.37444765782728573
17.6	0.04186776048210639	0.498515257374168	0.37362271282784376
18.0	0.04187655121900773	0.4993447201517571	0.37280220410070375
18.4	0.04188274346064996	0.5000767560866048	0.3720034734375919
18.8	0.04188672053711745	0.5007178158144168	0.37124103954786025
19.2	0.041888954288249444	0.5012754621494708	0.37052357332737285
19.6	0.04188991592059674	0.5017574803417575	0.36985813248206356
20.0	0.04189002375820357	0.502171878076981	0.3692489516354944
20.4	0.04188961846969933	0.5025264406051329	0.3686970390313695
20.8	0.041888957182442156	0.5028287307404886	0.3682029996159131
21.2	0.041888219337756126	0.5030854215544704	0.36776542184793715
21.6	0.04188751878474316	0.5033031861184982	0.36738188594255017
22.0	0.041886918187912965	0.5034871404539949	0.3670503754123413
22.4	0.041886443187265275	0.5036430678895245	0.3667668572824916
22.8	0.04188609483509504	0.5037747498322256	0.36652790352440356
23.2	0.04188585963542684	0.5038859676892371	0.3663302877582202
23.6	0.04188571705760046	0.5039796131248404	0.36616997700912335
24.0	0.0418856447300795	0.5040590226747463	0.3660439465459968
24.4	0.04188562169394452	0.5041259758246674	0.3659481633940207
24.8	0.041885630155010865	0.5041826969317427	0.3658794011733384
25.2	0.04188565615950581	0.5042309654816854	0.3658346351528359
25.6	0.041885689562664655	0.5042716712173516	0.3658110422501386
26.0	0.041885723585826894	0.5043061487530252	0.3658057993828725
26.4	0.04188575418137185	0.5043355102672766	0.3658162851174047
26.8	0.04188577935564246	0.5043604230672467	0.36584007966884324
27.2	0.04188579854266422	0.5043813320243649	0.3658753681985185
27.6	0.04188581207746908	0.5043986820100583	0.3659205375165031
28.0	0.04188582078657159	0.5044138076386115	0.36597296618916375
28.4	0.04188582569284101	0.5044258191671691	0.36603184762153673
28.8	0.04188582782040343	0.504436273645728	0.36609577027243456
29.2	0.04188582807999494	0.5044447262028608	0.36616332260067064
29.6	0.04188582721430925	0.5044513992742821	0.36623369801128036
30.0	0.04188582578464762	0.5044569601671327	0.3663054849630776
30.4	0.041885824183297664	0.5044611864456985	0.3663784818073206
30.8	0.04188582265963342	0.504464300545695	0.3664516803003044
31.2	0.04188582135136015	0.5044667473385491	0.3665248787932882
31.6	0.0418858203152968	0.5044680819528335	0.36659666574508587
32.0	0.041885819554456694	0.5044687492599755	0.36666764610191804
32.4	0.04188581903993779	0.5044687492599755	0.3667368116200824
32.8	0.0418858187273271	0.5044685268242612	0.36680416229957724
33.2	0.04188581856805733	0.5044678595171193	0.36686949649166256
33.6	0.04188581851653521	0.504466302467121	0.36693281419633705
34.0	0.04188581853399386	0.504464967852837	0.3669933088186379
34.4	0.0418858185899931	0.5044634108028387	0.367051585304788
34.8	0.04188581866237206	0.5044611864456985	0.36710724035730435
35.2	0.041885818736298756	0.5044587396528444	0.36716047562492915
35.6	0.04188581880289552	0.5044562928599903	0.36721108945892067
36.0	0.04188581885776873	0.5044538460671357	0.36725908185927936
36.4	0.04188581889964613	0.5044511768385678	0.36730465447474603
36.8	0.04188581892922926	0.504448285174286	0.3673478073053207
37.2	0.04188581894829994	0.5044453935100033	0.3673885403510029
37.6	0.041885818959075415	0.5044422794100063	0.36742705526053476
38.0	0.04188581896378148	0.5044393877457245	0.36746315038517463
38.4	0.04188581896440085	0.504436273645728	0.3674974306711445
38.8	0.04188581896255263	0.504432937110018	0.36752929117222277
39.2	0.041885818959462105	0.5044300454457353	0.36755913518589156
39.6	0.041885818955986844	0.5044269313457392	0.36758716436089034
40.0	0.041885818952673064	0.5044235948100289	0.3676133786972213
40.4	0.041885818949823336	0.5044204807100328	0.3676381814923644
40.8	0.04188581894756354	0.5044171441743224	0.36766096780009794
41.2	0.04188581894590182	0.5044142525100406	0.367682342566644
41.6	0.041885818944776304	0.5044111384100436	0.36770230579200347
42.0	0.04188581894409092	0.5044080243100475	0.3677210591249167
42.4	0.04188581894374024	0.504404910210051	0.36773819926790163
42.8	0.04188581894362508	0.5044017961100549	0.36775433116718204
43.2	0.04188581894366099	0.5043989044457726	0.3677690515252754
43.6	0.04188581894378156	0.5043960127814899	0.3677829652884046
44.0	0.04188581894393838	0.5043928986814938	0.36779587080782883
44.4	0.041885818944099	0.5043902294529254	0.36780776808354765
44.8	0.04188581894424396	0.5043875602243575	0.367819060413044
45.2	0.041885818944363565	0.5043848909957891	0.3678291428500937
45.6	0.041885818944454964	0.5043822217672211	0.36783841869218015
46.0	0.04188581894451962	0.5043795525386523	0.3678472912367845
46.4	0.04188581894456138	0.5043771057457986	0.36785535718642426
46.8	0.04188581894458505	0.5043746589529445	0.36786281818984157
47.2	0.04188581894459545	0.5043722121600895	0.367869674247036
47.6	0.04188581894459692	0.5043697653672354	0.3678761270067479
48.0	0.04188581894459297	0.5043675410100952	0.3678821764689777
48.4	0.041885818944586296	0.5043655390886692	0.36788762098498506
48.8	0.041885818944578754	0.504363314731529	0.3678926622035099
49.2	0.041885818944571544	0.5043613128101025	0.36789709847581187
49.6	0.04188581894456534	0.5043593108886766	0.36790153474811427
50.0	0.04188581894456041	0.5043573089672506	0.3679053660741929
50.4	0.04188581894455678	0.5043553070458247	0.36790899575153113
50.8	0.041885818944554315	0.5043539724315398	0.3679124237801281
51.2	0.041885818944552816	0.5043519705101138	0.367915448511243
51.6	0.041885818944552046	0.5043504134601156	0.3679184732423584
52.0	0.04188581894455179	0.5043486339744039	0.36792069137850913
52.4	0.04188581894455186	0.5043468544886913	0.3679231111634016
52.8	0.04188581894455212	0.5043455198744069	0.36792532929955235
53.2	0.04188581894455246	0.5043441852601229	0.3679271441382215
53.6	0.04188581894455281	0.504342850645839	0.36792936227437223
54.0	0.04188581894455312	0.5043415160315545	0.367930975464301
54.4	0.041885818944553385	0.5043399589815567	0.36793238700548714
54.8	0.041885818944553586	0.5043388468029866	0.36793379854667463
55.2	0.041885818944553725	0.5043377346244164	0.3679350084391204
55.6	0.041885818944553815	0.504336400010132	0.36793641998030746
56.0	0.04188581894455387	0.5043355102672766	0.36793742822401243
56.4	0.04188581894455389	0.5043346205244199	0.3679384364677174
56.8	0.04188581894455389	0.5043332859101359	0.36793944471142237
57.2	0.041885818944553885	0.5043323961672801	0.3679402513063865
57.6	0.04188581894455387	0.5043315064244238	0.3679410579013507
58.0	0.04188581894455386	0.5043308391172814	0.36794166284757357
58.4	0.04188581894455384	0.5043297269387113	0.36794226779379646
58.8	0.04188581894455383	0.5043288371958559	0.3679428727400198
59.2	0.041885818944553815	0.5043281698887134	0.3679434776862427
59.6	0.04188581894455381	0.5043277250172853	0.3679440826324656
60.0	0.0418858189445538	0.5043266128387152	0.3679446875786885
60.4	0.0418858189445538	0.504326167967287	0.36794509087617056
60.8	0.041885818944553795	0.504325500660145	0.3679452925249118
61.2	0.041885818944553795	0.504324833353003	0.36794549417365263
61.6	0.041885818944553795	0.504324166045861	0.3679458974711347
62.0	0.041885818944553795	0.5043234987387186	0.3679463007686168
62.4	0.0418858189445538	0.5043228314315766	0.3679465024173576
62.8	0.0418858189445538	0.5043226089958628	0.36794670406609886
63.2	0.0418858189445538	0.5043221641244346	0.3679469057148397
63.6	0.0418858189445538	0.5043214968172927	0.36794730901232175
64.0	0.0418858189445538	0.5043210519458645	0.36794751066106257
64.4	0.0418858189445538	0.5043206070744364	0.36794751066106257
64.8	0.0418858189445538	0.5043201622030091	0.36794771230980383
65.2	0.0418858189445538	0.5043197173315801	0.36794771230980383
65.6	0.0418858189445538	0.5043194948958662	0.36794791395854465
66.0	0.0418858189445538	0.5043190500244386	0.36794811560728546
66.4	0.0418858189445538	0.5043188275887243	0.36794811560728546
66.8	0.0418858189445538	0.5043183827172961	0.36794811560728546
67.2	0.0418858189445538	0.5043181602815827	0.3679485189047671
67.6	0.0418858189445538	0.5043179378458684	0.3679485189047671
68.0	0.0418858189445538	0.5043174929744403	0.3679487205535088
68.4	0.0418858189445538	0.5043172705387264	0.3679487205535088
68.8	0.0418858189445538	0.5043168256672983	0.3679487205535088
69.2	0.0418858189445538	0.5043166032315844	0.3679487205535088
69.6	0.0418858189445538	0.5043163807958702	0.36794892220225006
70.0	0.0418858189445538	0.5043161583601563	0.36794892220225006
70.4	0.0418858189445538	0.504315935924442	0.36794892220225006
70.8	0.0418858189445538	0.5043157134887282	0.36794892220225006
71.2	0.0418858189445538	0.5043157134887282	0.36794892220225006
71.6	0.0418858189445538	0.5043152686173	0.36794892220225006
72.0	0.0418858189445538	0.5043152686173	0.36794892220225006
72.4	0.0418858189445538	0.5043150461815862	0.36794892220225006
72.8	0.0418858189445538	0.5043148237458719	0.36794892220225006
73.2	0.0418858189445538	0.5043146013101585	0.36794892220225006
73.6	0.0418858189445538	0.5043146013101585	0.3679491238509909
74.0	0.0418858189445538	0.5043143788744437	0.3679491238509909
74.4	0.0418858189445538	0.5043141564387299	0.3679491238509909
74.8	0.0418858189445538	0.5043141564387299	0.3679491238509909
75.2	0.0418858189445538	0.5043141564387299	0.3679491238509909
75.6	0.0418858189445538	0.504313934003016	0.3679491238509909
76.0	0.0418858189445538	0.5043134891315879	0.3679491238509909
76.4	0.0418858189445538	0.5043134891315879	0.3679491238509909
76.8	0.0418858189445538	0.5043134891315879	0.3679491238509909
77.2	0.0418858189445538	0.5043132666958736	0.3679491238509909
77.6	0.0418858189445538	0.5043130442601598	0.3679491238509909
78.0	0.0418858189445538	0.5043130442601598	0.3679491238509909
78.4	0.0418858189445538	0.5043130442601598	0.3679491238509909
78.8	0.0418858189445538	0.5043130442601598	0.3679491238509909
79.2	0.0418858189445538	0.5043128218244459	0.3679491238509909
79.6	0.0418858189445538	0.5043128218244459	0.3679491238509909
80.0	0.0418858189445538	0.5043128218244459	0.3679491238509909
80.4	0.0418858189445538	0.5043125993887312	0.3679491238509909
80.8	0.0418858189445538	0.5043125993887312	0.3679491238509909
