TIEMPO	VFSCd	VFSCi	PAMn	PCC	RAP
0.40	81.19	86.46	87.10	24.32	0.73
1.00	77.19	84.45	86.42	15.21	0.83
1.60	77.03	84.14	86.75	15.99	0.83
2.20	76.75	84.25	87.19	18.69	0.81
2.80	74.67	83.59	87.06	17.04	0.83
3.40	72.61	80.91	85.60	10.28	0.92
4.00	72.61	81.66	84.86	10.57	0.90
4.60	72.00	80.87	84.26	13.76	0.87
5.20	71.08	79.68	83.58	15.35	0.86
5.80	70.50	79.44	83.06	9.89	0.91
6.40	70.76	80.06	83.04	14.83	0.84
7.00	72.65	81.28	84.23	20.01	0.77
7.60	73.47	83.25	85.49	19.13	0.79
8.20	72.86	82.49	86.71	16.23	0.84
8.80	71.80	79.99	88.37	18.06	0.87
9.40	71.65	80.29	89.88	19.16	0.88
10.00	70.87	80.12	90.10	17.44	0.90
10.60	70.32	76.46	89.52	12.57	0.98
11.20	68.15	74.92	88.51	14.03	0.97
11.80	66.07	74.59	87.41	18.62	0.92
12.40	65.28	74.31	86.70	12.15	1.00
13.00	65.56	73.94	85.11	16.46	0.92
13.60	65.93	74.41	84.45	14.51	0.93
14.20	65.88	74.54	85.13	13.66	0.94
14.80	66.32	74.99	86.85	16.27	0.93
15.40	66.93	75.67	88.68	16.91	0.93
16.00	66.01	75.20	89.04	18.43	0.93
16.60	65.33	75.25	89.17	15.96	0.97
17.20	64.35	72.80	88.47	14.65	1.00
17.80	63.57	71.97	88.81	12.85	1.04
18.40	64.32	71.61	89.47	9.92	1.09
19.00	63.21	70.72	89.11	10.99	1.08
19.60	60.27	69.17	87.42	19.15	0.98
20.20	58.65	67.06	86.48	18.62	0.99
20.80	57.54	64.48	86.30	19.35	1.03
21.40	56.56	63.47	85.75	22.30	0.99
22.00	57.16	64.63	85.85	16.80	1.06
22.60	57.35	65.04	85.73	12.04	1.12
23.20	57.01	64.49	84.91	11.45	1.12
23.80	57.09	64.11	83.57	14.02	1.07
24.40	58.83	65.66	83.52	16.58	1.01
25.00	60.19	68.58	83.14	12.92	1.02
25.60	61.38	70.05	83.73	11.97	1.02
26.20	62.48	70.40	84.31	14.05	0.99
26.80	63.23	70.06	84.47	16.75	0.96
27.40	63.48	69.40	85.73	19.65	0.94
28.00	63.60	70.42	86.14	15.14	0.99
28.60	64.04	72.16	86.66	12.99	1.02
29.20	64.44	73.24	86.64	9.47	1.05
29.80	64.40	73.13	86.08	7.08	1.07
30.40	63.93	71.88	85.05	9.06	1.04
31.00	64.70	71.05	84.62	14.44	0.98
31.60	64.29	71.25	84.79	12.85	1.00
32.20	63.98	71.32	84.93	10.26	1.03
32.80	64.34	71.00	84.71	11.39	1.02
33.40	64.82	70.94	85.60	9.17	1.08
34.00	63.88	70.22	85.81	12.09	1.04
34.60	62.90	69.34	85.87	15.93	0.99
35.20	61.85	68.75	85.78	16.06	1.00
35.80	60.64	68.43	85.13	7.73	1.12
36.40	59.42	67.62	84.23	9.41	1.10
37.00	58.60	67.10	83.99	10.77	1.08
37.60	57.97	66.58	83.58	11.82	1.06
38.20	57.61	66.09	81.89	13.99	1.03
38.80	59.12	67.61	82.60	14.47	1.01
39.40	60.56	68.77	83.28	14.56	0.99
40.00	62.26	70.09	84.09	12.97	1.01
40.60	63.99	71.53	85.35	9.66	1.06
41.20	63.70	71.31	86.18	15.26	0.99
41.80	66.42	73.26	88.95	12.77	1.03
42.40	67.09	72.38	90.33	12.31	1.07
43.00	67.22	72.78	91.06	14.90	1.04
43.60	66.62	73.20	91.50	16.63	1.01
44.20	65.63	71.88	90.80	10.77	1.11
44.80	66.95	69.97	91.45	13.43	1.10
45.40	66.47	68.37	90.65	15.75	1.07
46.00	65.25	67.42	89.12	15.67	1.08
46.60	64.07	66.60	87.62	12.41	1.12
47.20	63.37	65.95	86.40	6.28	1.19
47.80	63.44	66.26	84.92	11.40	1.09
48.40	63.73	66.22	83.96	15.99	1.02
49.00	64.63	67.08	83.53	16.34	1.00
49.60	66.59	69.00	84.34	12.57	1.03
50.20	68.70	71.33	86.41	8.02	1.08
50.80	69.04	72.83	87.47	13.78	1.01
51.40	67.40	70.94	87.52	15.83	0.99
52.00	68.11	70.66	88.76	15.39	1.02
52.60	68.78	71.19	89.00	17.23	1.00
53.20	69.48	72.10	89.42	17.89	0.99
53.80	69.90	72.33	90.37	16.23	1.01
54.40	69.13	70.38	89.14	17.72	1.01
55.00	69.24	70.33	88.71	16.01	1.03
55.60	68.86	71.15	87.77	12.79	1.05
56.20	69.29	71.86	87.60	9.70	1.08
56.80	69.70	72.36	87.94	8.70	1.09
57.40	69.18	72.46	87.37	12.39	1.04
58.00	67.43	71.52	86.48	20.75	0.92
58.60	65.71	69.95	86.96	19.47	0.96
59.20	63.44	68.77	87.30	17.94	0.99
59.80	63.46	68.81	87.75	18.06	0.99
60.40	63.99	69.97	88.43	13.23	1.06
61.00	64.23	70.13	88.87	7.23	1.15
61.60	64.05	68.92	87.98	17.08	1.03
62.20	62.99	69.02	87.40	14.97	1.04
62.80	63.97	67.67	86.17	13.88	1.05
63.40	63.40	67.60	85.60	14.28	1.04
64.00	63.46	67.90	85.30	12.10	1.08
64.60	63.74	67.74	84.83	8.39	1.13
65.20	63.42	67.21	84.08	11.11	1.07
65.80	63.63	67.90	83.63	11.56	1.05
66.40	66.16	70.20	84.94	13.71	1.01
67.00	67.87	72.63	86.13	12.19	1.01
67.60	67.10	71.65	86.38	10.34	1.03
68.20	65.34	71.14	86.16	12.97	1.00
68.80	64.53	70.79	86.21	16.42	0.98
69.40	64.76	70.28	86.80	10.47	1.09
70.00	65.04	71.83	88.06	21.14	0.92
70.60	65.39	71.95	89.03	20.52	0.95
71.20	63.75	70.34	89.52	20.64	0.92
71.80	60.30	67.55	88.59	18.64	1.00
72.40	59.77	66.78	87.51	19.68	1.01
73.00	60.14	66.38	86.32	20.46	0.98
73.60	59.87	65.83	84.05	11.27	1.11
74.20	59.50	67.28	83.39	14.64	1.02
74.80	59.70	67.20	82.57	14.53	1.00
75.40	59.05	66.97	82.10	14.20	1.01
76.00	59.08	67.05	81.88	14.26	1.00
76.60	60.11	67.89	81.84	14.57	0.98
77.20	61.11	69.32	83.02	20.34	0.90
77.80	60.83	68.51	83.39	17.05	0.96
78.40	60.96	68.10	83.61	18.92	0.95
79.00	60.17	67.45	83.85	19.21	0.96
79.60	60.13	67.31	84.20	17.16	0.98
80.20	61.22	67.50	84.81	17.18	0.91
80.80	60.98	66.23	84.19	16.66	0.87
81.40	61.17	64.25	84.01	19.24	0.94
82.00	61.72	64.01	83.92	20.61	0.98
82.60	62.45	64.83	83.95	20.46	0.98
83.20	63.30	65.71	84.61	21.83	0.96
83.80	64.01	65.50	85.31	23.76	0.93
84.40	63.41	65.65	85.74	19.04	1.01
85.00	61.91	64.08	85.34	18.21	1.03
85.60	61.01	63.33	84.56	21.34	0.99
86.20	61.27	64.72	85.18	18.05	1.03
86.80	60.26	64.53	83.77	17.90	1.01
87.40	59.92	64.81	83.04	14.91	1.04
88.00	60.02	64.85	82.63	14.17	1.04
88.60	60.37	64.83	82.16	18.21	0.98
89.20	61.19	66.17	82.71	18.59	0.96
89.80	62.14	67.74	83.75	17.52	0.96
90.40	63.29	67.92	84.53	18.72	0.96
91.00	63.88	67.70	85.10	19.52	0.97
91.60	63.77	67.53	85.56	18.65	0.98
92.20	63.39	67.17	85.58	19.48	0.97
92.80	62.13	66.75	85.59	17.86	1.00
93.40	61.53	66.88	85.91	18.86	1.00
94.00	61.52	67.20	86.35	19.83	0.98
94.60	61.85	67.32	86.34	11.65	1.11
95.20	62.24	69.32	86.10	12.85	1.06
95.80	62.40	69.12	85.29	15.47	1.00
96.40	62.21	68.55	84.13	15.69	0.99
97.00	61.28	69.85	83.52	12.13	1.01
97.60	61.19	69.46	82.25	11.34	1.01
98.20	62.46	69.88	81.55	11.62	1.00
98.80	64.58	71.78	82.15	10.68	0.99
99.40	66.33	74.73	83.85	4.39	1.05
100.00	67.84	77.17	85.05	3.97	1.04
100.60	70.04	79.37	86.20	11.01	0.94
101.20	69.76	79.80	86.61	17.01	0.86
101.80	68.65	79.09	86.28	18.79	0.84
102.40	68.50	77.99	86.07	19.38	0.85
103.00	68.62	75.79	85.09	16.30	0.90
103.60	69.41	75.42	84.95	17.98	0.88
104.20	68.55	72.60	84.56	20.65	0.87
104.80	66.96	69.12	83.66	21.71	0.88
105.40	65.75	67.15	83.20	21.15	0.91
106.00	64.84	66.18	81.99	22.64	0.89
106.60	64.63	65.77	81.54	21.85	0.91
107.20	64.41	65.99	81.58	19.83	0.93
107.80	63.92	66.71	81.69	17.92	0.94
108.40	63.45	67.35	81.25	19.03	0.93
109.00	63.19	68.00	81.09	13.81	0.98
109.60	63.09	68.97	81.71	13.29	0.98
110.20	62.89	70.06	82.76	18.74	0.90
110.80	62.48	71.02	83.32	20.97	0.88
111.40	62.03	70.89	83.74	15.90	0.95
112.00	62.86	72.38	85.45	19.35	0.91
112.60	62.33	72.27	85.85	15.95	0.96
113.20	61.74	71.31	84.88	10.16	1.04
113.80	61.80	70.59	83.78	8.78	1.05
114.40	62.16	70.89	85.11	7.25	1.08
115.00	61.15	69.43	85.69	3.47	1.17
115.60	63.14	71.14	86.34	6.48	1.10
116.20	64.75	73.14	87.63	8.35	1.13
116.80	66.82	74.72	89.32	7.80	1.13
117.40	67.09	75.08	90.68	7.79	1.07
118.00	65.23	73.93	91.00	9.29	1.09
118.60	63.31	72.14	90.03	9.29	1.19
119.20	63.68	73.10	88.89	9.42	1.17
119.80	63.74	73.54	88.50	8.92	1.18
120.40	63.58	72.01	87.51	12.55	1.06
121.00	62.48	71.01	86.20	11.84	1.04
121.60	61.04	69.21	85.82	13.37	1.03
122.20	60.11	68.29	84.83	13.48	1.03
122.80	59.37	67.70	83.37	11.11	1.06
123.40	58.66	66.74	82.09	8.61	1.09
124.00	58.24	64.94	80.94	10.24	1.08
124.60	57.93	64.85	80.09	11.51	1.05
125.20	58.11	65.58	79.31	8.31	1.08
125.80	59.10	66.98	79.13	5.90	1.09
126.40	60.52	68.50	79.85	7.79	1.04
127.00	61.48	69.27	80.47	6.36	1.06
127.60	61.67	68.67	80.34	13.28	0.97
128.20	62.28	69.66	80.44	14.84	0.94
128.80	63.32	70.92	80.96	10.28	1.00
129.40	64.36	71.38	81.59	6.70	1.03
130.00	63.44	71.16	82.04	12.05	0.97
130.60	64.06	70.83	82.58	10.33	1.02
131.20	64.59	70.72	83.01	7.77	1.07
131.80	64.24	70.85	83.14	11.34	1.00
132.40	64.32	70.89	83.15	11.94	0.99
133.00	64.98	70.17	84.30	12.60	1.01
133.60	65.02	69.46	85.28	13.54	1.02
134.20	64.72	69.56	85.48	13.64	1.02
134.80	65.18	70.83	85.96	10.13	1.05
135.40	65.47	70.00	85.18	7.44	1.10
136.00	63.66	67.85	83.87	10.61	1.06
136.60	62.05	67.19	82.68	13.15	1.02
137.20	61.60	68.13	81.98	11.09	1.03
137.80	61.97	67.77	80.20	11.98	1.00
138.40	65.21	69.42	80.64	13.04	0.97
139.00	67.56	71.97	82.17	11.29	0.98
139.60	67.92	74.16	83.57	7.45	1.01
140.20	67.80	74.78	83.98	15.38	0.91
140.80	68.66	75.59	86.08	11.68	0.98
141.40	66.54	74.44	87.06	15.56	0.95
142.00	66.76	74.37	88.20	12.43	1.01
142.60	66.54	73.44	88.88	9.58	1.07
143.20	64.55	71.21	88.30	15.87	1.01
143.80	62.76	70.23	88.54	9.70	1.10
144.40	61.08	68.89	87.28	7.67	1.15
145.00	60.13	68.46	86.08	7.80	1.14
145.60	59.94	68.89	85.70	7.96	1.12
146.20	60.49	69.14	85.15	9.53	1.09
146.80	60.58	70.00	84.39	5.08	1.12
147.40	62.12	72.13	85.13	4.68	1.11
148.00	63.56	73.52	86.06	7.50	1.06
148.60	64.41	73.63	86.00	9.36	1.03
149.20	66.18	73.72	86.80	3.00	1.12
149.80	65.75	74.75	86.73	8.60	1.04
150.40	65.43	74.27	86.56	7.73	1.05
151.00	65.81	75.10	87.44	5.26	1.09
151.60	66.26	76.47	88.99	5.17	1.13
152.20	65.41	74.45	87.14	4.51	1.15
152.80	65.02	74.63	86.33	11.87	1.01
153.40	65.72	74.01	86.11	11.61	1.00
154.00	65.84	73.40	85.84	7.86	1.05
154.60	65.26	73.51	85.36	7.64	1.05
155.20	66.45	74.14	85.20	6.08	1.07
155.80	68.57	76.74	85.22	2.59	1.07
156.40	68.19	76.35	84.40	8.74	0.98
157.00	67.41	75.82	84.54	8.66	0.99
157.60	67.26	75.73	85.03	3.74	1.06
158.20	67.67	75.67	83.87	7.85	1.00
158.80	68.46	75.70	83.88	5.80	1.02
159.40	68.35	75.35	83.76	9.01	0.98
160.00	66.67	74.70	83.44	8.12	0.99
160.60	65.74	74.66	83.21	5.21	1.03
161.20	65.10	73.61	82.79	6.92	1.01
161.80	64.17	71.61	82.01	14.25	0.94
162.40	62.25	70.62	81.34	8.53	1.02
163.00	61.46	69.83	80.29	13.95	0.94
163.60	63.44	70.37	81.61	14.08	0.94
164.20	63.03	69.99	82.60	12.79	0.98
164.80	61.32	67.99	81.60	14.22	0.98
165.40	60.45	65.30	79.91	12.60	1.02
166.00	59.95	63.96	78.79	13.20	1.01
166.60	59.24	63.78	77.05	14.44	0.97
167.20	59.54	65.19	75.52	13.09	0.95
167.80	60.59	66.78	74.68	9.74	0.97
168.40	62.23	66.93	74.64	10.78	0.95
169.00	62.95	68.38	74.86	9.87	0.95
169.60	65.07	70.80	75.83	9.58	0.93
170.20	67.63	73.17	77.43	10.18	0.92
170.80	69.55	74.76	78.24	6.05	0.96
171.40	69.70	75.48	78.66	2.83	1.00
172.00	69.94	75.91	79.00	3.51	0.99
172.60	70.68	76.15	79.64	10.16	0.90
173.20	70.01	75.44	78.31	9.50	0.90
173.80	70.51	75.07	78.02	8.82	0.91
174.40	71.13	75.06	78.74	9.52	0.91
175.00	70.94	75.23	79.04	12.72	0.87
175.60	70.93	74.90	79.01	10.40	0.91
176.20	71.41	75.19	79.21	8.03	0.94
176.80	71.85	75.80	79.80	8.50	0.93
177.40	71.48	75.60	80.29	10.20	0.92
178.00	71.46	74.83	80.79	10.02	0.93
178.60	71.56	75.35	81.33	9.09	0.95
179.20	71.65	77.88	81.94	8.26	0.95