TIEMPO	VFSCd	VFSCi	PAMn	PCC	RAP
0.40	58.24	67.80	97.02	24.48	1.06
1.00	56.60	66.96	95.57	26.89	1.02
1.60	55.79	65.29	94.18	17.25	1.17
2.20	56.56	65.76	93.85	21.59	1.09
2.80	58.50	69.05	94.89	20.67	1.07
3.40	60.69	71.34	97.57	27.17	1.00
4.00	63.45	72.34	98.99	20.44	1.07
4.60	62.22	71.33	98.21	27.25	0.99
5.20	59.70	68.33	95.13	20.97	1.08
5.80	57.30	65.50	92.35	27.18	1.00
6.40	54.14	62.81	89.78	27.95	0.99
7.00	54.62	63.11	88.57	25.57	1.02
7.60	55.96	65.62	89.96	22.52	1.02
8.20	58.38	67.03	91.65	23.23	1.03
8.80	57.99	66.68	92.62	20.81	1.08
9.40	56.78	65.35	92.49	25.29	1.03
10.00	55.83	65.27	91.30	24.19	1.04
10.60	55.33	63.62	90.22	23.01	1.06
11.20	55.72	64.37	90.69	28.32	0.98
11.80	57.46	66.71	92.69	21.01	1.10
12.40	60.73	69.15	96.49	29.37	0.97
13.00	61.66	69.70	99.64	28.88	1.02
13.60	59.97	68.86	101.06	29.86	1.04
14.20	56.94	65.99	100.11	30.20	1.06
14.80	53.44	62.78	97.78	29.03	1.09
15.40	50.55	60.75	94.95	31.55	1.03
16.00	50.27	59.02	92.98	28.57	1.08
16.60	49.30	58.18	90.99	29.24	1.06
17.20	48.37	56.54	88.91	32.67	0.99
17.80	47.78	54.19	86.63	32.35	0.99
18.40	47.69	55.09	85.11	29.03	1.02
19.00	47.77	55.58	85.16	22.51	1.13
19.60	50.29	58.56	86.92	25.39	1.07
20.20	51.31	59.73	89.28	21.22	1.14
20.80	53.89	60.89	91.72	26.91	1.06
21.40	54.15	59.90	93.12	25.89	1.13
22.00	53.62	58.88	93.27	28.73	1.10
22.60	51.92	57.00	92.27	28.42	1.11
23.20	50.77	56.16	90.57	27.47	1.14
23.80	52.39	58.76	91.78	26.06	1.12
24.40	54.33	60.40	94.57	28.14	1.11
25.00	54.51	61.68	97.29	31.87	1.05
25.60	53.17	60.74	97.82	33.84	1.06
26.20	50.61	58.04	96.95	30.96	1.13
26.80	47.11	55.65	95.35	33.71	1.11
27.40	46.28	54.61	93.99	30.13	1.16
28.00	46.12	53.95	93.35	29.73	1.18
28.60	47.27	54.77	93.84	31.11	1.16
29.20	47.71	55.54	94.19	31.36	1.14
29.80	47.27	55.28	93.91	36.49	1.04
30.40	47.14	54.52	92.92	29.95	1.17
31.00	46.05	53.82	92.07	31.17	1.13
31.60	45.16	52.01	90.69	28.98	1.19
32.20	46.03	53.40	90.07	33.20	1.08
32.80	47.22	55.05	90.98	28.76	1.13
33.40	49.90	57.43	93.94	24.12	1.23
34.00	51.83	59.04	96.72	29.45	1.15
34.60	51.95	58.98	98.42	29.17	1.17
35.20	50.38	57.69	98.35	28.62	1.20
35.80	47.37	54.44	97.00	25.29	1.31
36.40	45.60	52.27	95.64	32.74	1.20
37.00	44.37	51.50	94.39	27.16	1.31
37.60	45.96	52.54	94.39	27.46	1.29
38.20	47.58	53.80	94.46	36.47	1.08
38.80	47.75	54.38	93.57	30.48	1.17
39.40	47.48	54.45	92.24	24.49	1.25
40.00	46.58	54.15	90.56	26.93	1.17
40.60	48.35	55.96	90.43	26.49	1.15
41.20	50.31	57.73	91.78	26.70	1.04
41.80	55.61	61.72	93.42	22.56	1.40
42.40	56.16	63.16	94.24	28.46	1.19
43.00	52.98	60.01	94.63	30.75	1.04
43.60	49.55	57.43	93.25	30.06	1.11
44.20	49.29	57.28	92.15	28.23	1.12
44.80	48.83	57.08	91.04	22.74	1.19
45.40	47.63	56.71	89.76	26.50	1.11
46.00	47.66	57.36	88.52	26.07	1.09
46.60	49.80	58.42	88.80	19.48	1.19
47.20	52.41	59.39	90.40	28.28	1.04
47.80	53.35	60.63	91.45	28.77	1.04
48.40	53.60	59.01	91.39	28.45	1.06
49.00	51.79	56.87	90.77	26.26	1.12
49.60	50.47	55.29	89.51	26.67	1.13
50.20	50.02	54.04	88.76	24.28	1.18
50.80	49.55	53.52	88.18	18.10	1.33
51.40	50.26	55.39	88.92	22.67	1.21
52.00	51.83	57.27	90.92	23.34	1.19
52.60	53.00	58.32	92.64	31.20	1.04
53.20	51.21	56.30	91.81	28.18	1.13
53.80	49.22	53.79	90.51	29.89	1.12
54.40	49.49	52.94	89.80	23.65	1.26
55.00	49.11	53.40	90.52	24.76	1.23
55.60	51.60	55.28	92.50	33.06	1.09
56.20	51.56	55.49	92.90	25.27	1.23
56.80	51.28	54.90	91.59	27.69	1.16
57.40	48.24	54.43	89.99	27.31	1.15
58.00	48.53	55.18	87.34	26.21	1.12
58.60	45.94	53.58	84.12	32.24	0.97
59.20	45.51	53.57	81.97	29.85	0.97
59.80	45.36	52.44	79.18	34.22	0.89
60.40	47.88	56.04	82.30	24.06	1.05
61.00	52.66	60.10	86.07	24.76	1.03
61.60	54.56	62.52	89.95	22.13	1.08
62.20	51.50	59.62	89.13	26.72	1.05
62.80	50.22	57.68	87.20	28.11	1.02
63.40	48.14	56.52	85.04	21.53	1.13
64.00	48.73	56.46	84.13	23.50	1.08
64.60	49.03	56.84	84.20	29.82	0.95
65.20	49.35	56.87	85.48	27.33	1.01
65.80	51.41	57.08	87.47	26.23	1.07
66.40	51.80	56.87	88.98	28.19	1.06
67.00	51.27	55.65	91.06	33.89	1.00
67.60	50.34	54.63	92.74	33.89	0.92
68.20	48.21	51.65	94.13	34.24	0.96
68.80	46.71	48.95	94.74	32.58	1.10
69.40	44.91	47.45	95.47	37.52	1.14
70.00	43.26	45.09	95.32	36.23	1.35
70.60	41.35	44.05	94.52	33.13	1.28
71.20	39.24	42.68	93.35	36.04	1.27
71.80	37.97	42.46	91.72	33.67	1.36
72.40	38.61	42.94	90.00	32.91	1.33
73.00	40.02	43.55	88.38	33.09	1.28
73.60	40.22	44.31	87.02	30.36	1.29
74.20	39.42	44.37	85.88	32.94	1.20
74.80	40.04	45.89	85.10	34.63	1.10
75.40	41.03	47.74	84.99	23.05	1.31
76.00	42.47	50.70	85.77	29.19	1.13
76.60	44.57	53.28	88.12	27.08	1.15
77.20	46.25	55.40	90.11	24.14	1.20
77.80	46.10	53.33	90.35	30.52	1.11
78.40	45.30	52.16	90.03	25.07	1.24
79.00	46.04	52.93	90.12	22.39	1.28
79.60	46.60	55.26	90.67	23.59	1.24
80.20	48.74	56.85	92.20	22.40	1.22
80.80	49.19	56.99	92.27	25.20	1.17
81.40	50.00	57.37	91.87	20.06	1.26
82.00	47.91	55.65	90.16	19.95	1.27
82.60	49.30	56.91	91.57	24.88	1.17
83.20	49.20	57.93	92.22	26.98	1.13
83.80	51.32	59.51	93.60	22.03	1.21
84.40	51.66	60.49	94.81	21.61	1.23
85.00	52.38	62.11	96.01	20.28	1.22
85.60	52.18	62.41	97.44	20.96	1.23
86.20	50.86	60.46	97.38	33.23	1.05
86.80	49.30	57.29	94.38	24.70	1.20
87.40	48.56	55.85	91.68	27.27	1.26
88.00	48.32	57.02	89.01	26.67	1.39
88.60	46.55	55.94	86.55	22.11	1.14
89.20	45.75	54.67	84.50	21.54	1.15
89.80	46.03	54.91	82.26	24.29	1.06
90.40	47.04	56.18	81.25	15.92	1.17
91.00	48.56	56.49	80.30	11.05	1.22
91.60	51.23	58.27	81.12	16.81	1.12
92.20	53.89	62.55	84.47	19.32	1.06
92.80	59.47	66.85	89.73	13.68	1.14
93.40	61.42	70.35	93.17	13.01	1.15
94.00	62.30	68.67	94.54	25.10	1.00
94.60	61.61	67.36	94.73	15.17	1.17
95.20	60.77	65.14	94.07	18.68	1.14
95.80	59.48	63.85	93.78	18.93	1.17
96.40	58.56	61.94	93.44	29.59	1.01
97.00	58.29	60.70	93.09	25.41	1.11
97.60	57.88	60.11	92.34	23.70	1.15
98.20	55.21	58.88	91.44	24.27	1.14
98.80	52.03	56.45	90.53	30.44	1.04
99.40	50.54	54.16	89.57	28.70	1.13
100.00	49.46	52.58	89.18	25.29	1.23
100.60	48.47	54.28	89.09	22.98	1.23
101.20	48.16	53.37	88.92	25.41	1.18
101.80	47.41	52.20	88.58	22.03	1.28
102.40	47.05	51.62	88.26	22.50	1.28
103.00	47.08	52.75	88.85	24.87	1.21
103.60	48.00	55.25	90.36	21.66	1.25
104.20	49.52	58.32	92.77	22.39	1.20
104.80	49.41	59.36	92.57	20.19	1.21
105.40	48.00	58.55	90.49	26.60	1.10
106.00	47.63	57.08	87.92	19.46	1.21
106.60	48.81	57.50	87.09	27.27	1.04
107.20	51.27	58.95	86.85	22.86	1.09
107.80	53.36	61.30	86.51	16.38	1.14
108.40	54.30	61.98	86.09	18.84	1.08
109.00	52.99	59.77	83.76	18.17	1.09
109.60	49.91	56.34	79.73	14.57	1.16
110.20	48.89	55.33	76.58	17.12	1.07
110.80	48.90	56.54	75.44	18.25	1.01
111.40	49.51	58.81	76.38	17.93	1.00
112.00	52.57	61.47	79.38	25.32	0.90
112.60	56.22	64.71	83.97	19.33	1.00
113.20	56.04	65.68	86.48	19.59	1.02
113.80	54.47	63.22	85.65	19.47	1.05
114.40	52.97	61.34	84.96	24.32	0.98
115.00	51.67	59.96	84.91	24.13	1.01
115.60	50.55	59.11	86.11	28.68	0.97
116.20	50.78	59.21	88.20	32.47	0.95
116.80	49.67	58.40	90.36	34.53	0.96
117.40	48.64	56.87	91.62	33.42	1.03
118.00	47.97	55.86	92.89	35.39	1.02
118.60	46.52	52.90	93.35	32.21	1.15
119.20	44.48	49.82	92.66	34.31	1.17
119.80	42.49	47.36	91.52	35.77	1.17
120.40	41.64	45.87	90.54	40.63	1.09
121.00	40.69	45.15	86.44	23.40	1.41
121.60	40.60	44.82	82.64	15.81	1.50
122.20	41.38	44.89	81.12	22.81	1.30
122.80	41.65	45.85	80.24	18.95	1.35
123.40	42.00	46.80	79.73	16.44	1.36
124.00	42.73	48.01	79.74	21.29	1.23
124.60	43.53	49.36	80.24	27.18	1.07
125.20	44.52	50.30	80.81	27.70	1.07
125.80	45.08	51.54	80.62	27.19	1.05
126.40	45.93	52.81	80.84	22.63	1.11
127.00	47.54	54.74	82.30	24.45	1.06
127.60	49.74	58.15	84.93	25.89	1.03
128.20	51.07	58.85	86.24	24.35	1.05
128.80	50.36	57.92	85.89	20.19	1.13
129.40	50.54	57.71	85.32	25.35	1.05
130.00	49.57	57.07	84.40	22.45	1.09
130.60	50.54	56.60	83.85	16.18	1.21
131.20	52.26	58.41	86.05	19.93	1.15
131.80	54.43	60.76	89.70	25.22	1.06
132.40	55.70	62.06	91.36	26.18	1.06
133.00	55.99	62.63	91.19	16.36	1.19
133.60	57.85	62.24	91.43	21.58	1.11
134.20	55.06	60.68	89.90	27.94	1.03
134.80	52.77	57.86	88.38	17.69	1.24
135.40	51.15	57.57	87.40	18.71	1.19
136.00	52.06	58.66	87.10	19.70	1.17
136.60	52.02	58.26	86.26	23.52	1.07
137.20	51.17	57.41	85.47	23.96	1.08
137.80	51.93	59.01	86.98	19.79	1.12
138.40	53.67	62.43	90.86	21.17	1.28
139.00	54.58	64.81	94.12	14.18	1.26
139.60	54.15	63.18	95.39	23.70	1.12
140.20	51.69	59.79	93.90	31.86	1.04
140.80	49.52	58.70	93.35	26.09	1.15
141.40	49.25	57.79	92.59	21.99	1.20
142.00	49.71	58.18	92.16	29.65	1.07
142.60	50.35	58.51	92.67	17.91	1.27
143.20	50.23	57.80	92.95	24.62	1.19
143.80	49.63	56.13	93.80	26.16	1.18
144.40	49.50	57.78	93.27	24.07	1.47
145.00	48.38	58.06	92.10	27.90	1.14
145.60	47.65	58.14	91.81	32.25	1.03
146.20	49.60	59.18	93.76	28.77	1.11
146.80	50.01	60.80	92.79	16.63	1.27
147.40	50.01	59.93	89.58	16.01	1.29
148.00	48.72	58.05	87.97	15.13	1.25
148.60	45.82	56.08	84.87	17.29	1.22
149.20	45.10	54.63	81.95	16.39	1.22
149.80	45.03	55.33	79.74	15.72	1.17
150.40	45.21	56.75	78.92	15.99	1.09
151.00	46.63	58.69	74.72	16.44	1.37
151.60	47.67	59.99	63.76	14.14	1.41
152.20	49.23	61.97	62.90	22.84	0.83
152.80	50.98	64.21	70.58	19.38	0.79
153.40	52.27	64.48	75.46	19.71	0.86
154.00	52.96	65.34	78.58	21.41	0.87
154.60	54.07	63.74	80.79	23.99	0.88
155.20	53.62	64.31	82.77	23.64	0.92
155.80	53.95	64.35	84.58	18.96	1.02
156.40	53.99	63.46	85.71	25.36	0.94
157.00	53.00	60.40	85.11	27.69	0.94
157.60	49.80	56.44	84.06	28.60	0.97
158.20	48.47	55.19	83.24	27.84	1.00
158.80	47.78	55.55	82.90	22.72	1.08
159.40	47.69	55.90	83.04	21.13	1.11
160.00	48.65	57.37	83.62	24.79	1.03
160.60	50.01	59.54	84.77	20.75	1.08
161.20	51.01	60.54	86.72	23.28	1.05
161.80	51.07	60.60	89.58	28.50	1.01
162.40	50.08	60.35	90.56	31.58	0.98
163.00	50.08	59.10	91.03	25.22	1.12
163.60	49.50	58.02	91.52	23.84	1.17
164.20	49.23	57.55	91.43	26.92	1.13
164.80	48.59	56.74	90.63	27.98	1.10
165.40	47.82	56.00	88.82	25.54	1.13
166.00	47.83	56.23	86.94	16.83	1.26
166.60	49.49	57.57	85.97	20.88	1.13
167.20	51.96	59.43	86.86	19.12	1.14
167.80	54.70	62.51	89.76	19.92	1.13
168.40	56.07	65.04	92.90	27.49	1.01
169.00	56.70	64.23	95.21	30.05	1.00
169.60	56.56	62.44	96.12	29.75	1.05
170.20	54.09	59.05	95.19	31.99	1.05
170.80	51.05	55.85	92.40	33.05	1.06
171.40	48.82	53.50	88.24	27.17	1.13
172.00	47.42	51.09	83.43	23.32	1.18
172.60	46.40	52.45	80.69	26.43	1.03
173.20	47.73	53.18	80.11	24.48	1.05
173.80	48.83	54.79	80.63	23.52	1.05
174.40	51.34	56.88	81.64	18.26	1.12
175.00	52.23	58.99	82.53	20.65	1.04
175.60	53.25	62.07	84.32	18.38	1.08
176.20	54.28	63.42	86.67	18.22	1.21
176.80	55.19	65.70	88.69	18.53	1.22
177.40	56.21	67.99	92.99	24.21	1.01
178.00	56.48	68.63	95.37	29.39	0.97
178.60	54.50	67.55	96.99	24.73	1.08