TIEMPO	VFSCd	VFSCi	PAMn	PCC	RAP
0.40	60.51	72.14	100.71	33.92	0.93
1.00	60.65	72.11	103.98	33.18	0.97
1.60	59.50	71.40	104.18	31.53	1.01
2.20	57.34	69.78	101.66	29.22	1.03
2.80	54.49	66.38	97.76	29.63	1.01
3.40	52.16	63.94	94.04	29.57	0.99
4.00	49.72	61.10	90.28	29.92	0.98
4.60	46.76	57.04	85.97	32.36	0.94
5.20	44.93	54.91	83.33	35.26	0.86
5.80	45.04	56.42	83.08	31.25	0.92
6.40	47.16	57.43	85.04	33.82	0.90
7.00	48.67	59.01	89.14	38.16	0.81
7.60	49.35	59.71	92.58	33.26	0.96
8.20	48.63	57.71	94.11	32.10	1.07
8.80	46.95	54.33	94.64	37.27	1.04
9.40	45.16	51.68	95.71	37.45	1.07
10.00	43.99	51.63	96.71	38.69	1.11
10.60	43.24	51.64	97.30	38.18	1.15
11.20	41.89	50.52	95.75	36.58	1.17
11.80	41.05	49.72	93.76	35.11	1.18
12.40	40.86	49.49	92.36	34.09	1.16
13.00	40.58	49.06	90.67	35.01	1.12
13.60	41.09	49.08	89.53	27.30	1.27
14.20	43.28	51.16	89.51	21.72	1.35
14.80	46.22	54.17	90.83	26.07	1.20
15.40	46.79	53.88	91.05	31.45	1.10
16.00	44.51	53.07	90.21	31.01	1.11
16.60	43.69	50.86	88.32	33.27	1.08
17.20	43.03	49.35	86.38	34.23	1.06
17.80	42.41	49.38	84.94	30.56	1.11
18.40	43.66	50.53	83.95	28.64	1.10
19.00	44.27	52.99	83.74	28.34	1.05
19.60	47.11	55.62	84.39	29.60	0.99
20.20	48.72	58.10	86.26	32.01	0.92
20.80	51.92	61.36	89.81	33.99	0.95
21.40	56.33	65.29	94.67	34.07	1.15
22.00	57.28	67.60	97.58	34.59	0.94
22.60	54.08	63.75	98.05	37.24	0.94
23.20	51.96	60.35	98.94	38.18	1.00
23.80	49.13	55.95	97.02	34.01	1.12
24.40	47.40	54.76	96.77	32.91	1.13
25.00	48.82	57.61	98.14	32.83	1.23
25.60	49.21	58.13	99.10	33.70	1.28
26.20	47.62	55.80	98.16	36.12	1.10
26.80	46.46	54.72	97.66	33.11	1.17
27.40	45.34	54.40	96.25	35.07	1.13
28.00	46.40	55.59	95.28	30.79	1.17
28.60	47.73	57.12	94.77	26.25	1.21
29.20	48.97	59.15	94.90	26.29	1.16
29.80	48.86	58.71	94.73	26.65	1.15
30.40	48.95	59.22	94.71	26.67	1.17
31.00	50.80	60.87	96.60	29.07	1.11
31.60	53.89	62.50	100.10	31.56	1.11
32.20	56.29	64.90	103.65	34.39	1.07
32.80	56.73	64.44	104.33	30.67	1.14
33.40	54.08	61.08	103.02	37.62	1.06
34.00	50.67	58.99	99.31	32.93	1.12
34.60	49.06	56.88	96.20	25.98	1.24
35.20	48.40	56.77	93.57	29.88	1.13
35.80	49.87	59.53	92.19	34.03	0.99
36.40	50.88	59.82	91.76	32.54	0.99
37.00	51.34	59.12	91.91	28.55	1.07
37.60	52.22	59.51	92.69	28.54	1.07
38.20	52.96	60.43	93.68	31.36	1.03
38.80	53.19	60.82	94.35	29.69	1.06
39.40	53.73	60.41	94.85	30.03	1.08
40.00	54.26	60.21	96.32	30.06	0.96
40.60	54.52	59.66	97.47	32.23	1.08
41.20	54.24	59.85	98.23	35.53	1.05
41.80	54.36	58.87	98.20	37.52	1.03
42.40	53.95	58.24	98.05	34.01	1.09
43.00	53.11	57.73	97.34	29.60	1.17
43.60	52.51	57.41	96.17	28.35	1.19
44.20	53.04	57.72	96.13	32.37	1.10
44.80	53.77	59.16	95.43	28.19	1.13
45.40	54.49	60.16	95.44	30.89	1.08
46.00	54.36	60.78	95.58	32.39	1.04
46.60	54.75	61.70	95.65	30.68	1.06
47.20	56.59	63.22	96.10	33.78	0.99
47.80	57.36	64.42	95.87	28.74	1.03
48.40	57.84	64.88	95.07	31.31	0.98
49.00	57.83	64.70	94.17	33.28	0.94
49.60	57.97	65.13	93.78	29.92	0.98
50.20	59.57	68.01	94.89	29.75	0.97
50.80	61.79	70.27	96.12	28.86	0.97
51.40	61.41	68.58	96.08	24.78	1.04
52.00	62.55	71.55	95.73	28.59	0.94
52.60	62.33	72.17	95.39	33.04	0.86
53.20	60.18	68.86	94.66	32.35	0.90
53.80	58.40	66.64	92.70	32.47	0.91
54.40	57.90	67.53	91.50	24.47	0.99
55.00	58.40	69.15	91.73	23.81	0.97
55.60	62.26	70.48	93.57	23.34	1.08
56.20	64.34	76.25	95.79	27.52	0.93
56.80	64.18	76.11	96.37	28.76	0.88
57.40	62.02	72.58	94.92	27.49	0.92
58.00	59.24	70.21	92.75	26.92	0.93
58.60	56.86	68.88	90.76	28.08	0.91
59.20	55.56	66.73	89.60	31.01	0.87
59.80	56.80	67.00	89.74	31.46	0.86
60.40	58.86	70.78	91.85	33.13	0.83
61.00	60.66	72.44	94.53	31.10	0.88
61.60	59.97	72.26	95.60	34.06	0.85
62.20	58.56	70.54	95.57	36.82	0.82
62.80	57.54	68.30	95.20	34.83	0.87
63.40	56.73	66.71	94.27	30.80	0.95
64.00	56.30	64.63	93.61	36.01	0.89
64.60	54.38	62.71	93.25	38.61	0.79
65.20	54.47	61.07	92.70	35.56	0.88
65.80	55.28	61.68	93.49	33.07	0.98
66.40	55.83	63.45	95.72	33.61	0.97
67.00	56.01	63.43	96.72	32.81	1.00
67.60	54.33	60.98	95.84	29.21	1.09
68.20	54.84	60.63	96.48	34.72	1.02
68.80	56.95	63.13	97.67	32.95	1.04
69.40	58.77	65.64	99.86	29.68	1.08
70.00	59.80	67.27	102.78	31.47	1.06
70.60	60.19	67.91	104.35	32.36	1.06
71.20	59.51	65.75	105.63	32.69	1.09
71.80	56.87	62.52	103.41	32.02	1.13
72.40	55.16	60.51	100.90	31.04	1.15
73.00	54.61	60.81	98.43	28.36	1.16
73.60	54.11	61.73	96.04	25.23	1.15
74.20	52.04	58.68	94.54	33.20	1.03
74.80	50.65	56.05	92.90	37.45	0.98
75.40	49.05	53.96	91.49	32.64	1.08
76.00	48.66	53.07	90.76	31.55	1.10
76.60	48.28	53.33	90.45	30.43	1.13
77.20	47.92	53.92	90.25	26.43	1.19
77.80	48.46	54.42	89.98	28.68	1.13
78.40	49.12	56.30	90.10	26.75	1.13
79.00	49.29	57.05	90.31	30.39	1.06
79.60	49.43	57.48	91.33	30.97	1.04
80.20	49.86	58.92	92.68	29.37	1.08
80.80	51.18	60.47	93.92	28.60	1.10
81.40	52.85	61.24	94.96	29.91	1.06
82.00	52.70	61.07	95.33	31.06	1.05
82.60	54.64	60.79	95.73	32.86	1.04
83.20	55.10	61.09	94.98	27.64	1.11
83.80	55.31	61.75	94.11	23.78	1.14
84.40	55.90	62.22	93.68	25.46	1.10
85.00	56.60	61.45	92.87	25.29	1.10
85.60	56.83	62.55	92.34	28.61	1.03
86.20	56.69	64.04	91.44	25.78	1.03
86.80	57.30	65.70	90.81	23.42	1.03
87.40	58.80	67.48	91.12	26.55	0.96
88.00	59.96	69.22	92.77	23.94	0.99
88.60	62.94	71.75	94.88	27.27	0.94
89.20	65.05	75.17	96.05	24.59	0.95
89.80	64.95	75.03	95.81	29.03	0.86
90.40	65.46	74.71	95.90	33.97	0.90
91.00	67.58	76.51	96.96	31.73	1.01
91.60	69.79	79.08	98.23	25.54	0.93
92.20	69.85	79.76	99.04	23.48	0.94
92.80	66.69	77.42	97.52	22.26	0.97
93.40	65.31	73.94	95.32	25.08	0.95
94.00	62.93	70.84	92.58	23.86	0.97
94.60	60.59	68.18	89.68	22.70	0.98
95.20	58.97	65.79	86.91	27.40	0.88
95.80	56.52	62.66	84.10	25.60	0.93
96.40	55.99	62.69	83.54	25.03	0.93
97.00	56.32	62.89	83.93	25.77	0.92
97.60	56.53	62.86	84.37	27.98	0.90
98.20	56.40	62.96	84.98	33.04	0.82
98.80	55.66	62.25	85.89	31.47	0.87
99.40	54.74	61.35	86.64	36.38	0.83
100.00	54.98	63.28	88.65	32.92	0.90
100.60	57.09	64.26	92.28	33.11	0.94
101.20	57.63	65.70	96.04	35.80	0.92
101.80	55.27	63.82	97.07	35.98	0.97
102.40	52.60	60.86	96.22	33.41	1.05
103.00	50.88	58.90	94.62	29.75	1.10
103.60	49.76	58.85	92.54	28.14	1.08
104.20	49.10	58.45	90.45	29.95	1.03
104.80	48.97	58.64	89.15	27.79	1.05
105.40	49.47	59.85	88.60	23.04	1.11
106.00	50.47	61.76	88.16	26.43	1.01
106.60	50.80	61.48	87.32	23.08	1.04
107.20	50.86	60.59	86.84	25.79	1.01
107.80	51.36	60.32	86.09	25.92	1.00
108.40	53.06	61.30	86.19	26.25	0.97
109.00	55.57	63.81	87.23	27.57	0.93
109.60	57.70	66.82	87.54	22.32	0.99
110.20	58.85	67.91	89.23	25.04	0.96
110.80	59.38	68.83	91.08	29.77	0.89
111.40	59.48	66.56	92.42	37.52	0.84
112.00	62.85	69.05	94.64	26.99	0.99
112.60	63.21	68.29	98.27	35.66	0.92
113.20	61.90	68.10	100.23	36.00	0.95
113.80	60.20	65.55	100.35	33.62	1.03
114.40	57.33	61.91	98.02	38.17	0.97
115.00	55.41	60.22	95.70	34.33	1.03
115.60	55.40	60.34	93.85	28.06	1.10
116.20	56.66	61.16	92.78	27.17	1.06
116.80	58.11	62.36	94.35	28.59	1.04
117.40	59.11	64.40	94.59	25.36	1.07
118.00	57.71	63.41	92.41	29.50	0.98
118.60	57.63	63.42	91.47	28.27	0.98
119.20	58.63	64.93	92.07	24.44	1.04
119.80	59.74	66.69	92.29	28.60	0.96
120.40	59.17	65.57	91.41	30.15	0.93
121.00	58.05	64.42	90.74	29.50	0.95
121.60	58.39	64.69	91.66	34.33	0.88
122.20	61.23	65.94	93.89	33.52	0.93
122.80	64.32	68.61	97.75	26.83	1.04
123.40	61.46	65.51	94.24	34.66	0.92
124.00	59.83	63.89	93.88	35.22	0.92
124.60	57.85	62.77	93.16	31.88	0.97
125.20	57.88	61.75	92.79	33.01	0.96
125.80	57.95	61.74	92.61	33.61	0.96
126.40	57.10	61.50	92.07	30.72	1.00
127.00	56.11	58.31	91.19	31.59	1.04
127.60	55.69	57.60	90.47	29.68	1.05
128.20	55.18	57.81	89.60	26.59	1.09
128.80	54.92	57.92	88.82	27.09	1.06
129.40	55.49	58.54	88.64	30.41	0.99
130.00	57.38	60.80	89.73	28.56	1.00
130.60	59.11	62.84	91.49	32.09	0.93
131.20	56.95	62.66	91.90	34.38	0.92
131.80	56.37	62.32	93.42	30.69	1.00
132.40	52.95	59.40	92.68	33.31	0.99
133.00	49.95	56.99	91.94	36.45	0.97
133.60	48.48	55.69	92.52	35.10	1.02
134.20	47.55	55.03	92.26	31.50	1.10
134.80	45.32	53.45	89.99	27.96	1.17
135.40	43.36	51.76	86.83	26.48	1.18
136.00	42.58	50.51	83.74	28.14	1.10
136.60	43.05	49.75	82.13	32.98	0.98
137.20	43.68	51.12	81.65	33.73	0.94
137.80	44.66	52.73	82.15	30.95	0.98
138.40	46.00	53.51	83.61	28.00	1.05
139.00	47.32	53.71	85.91	29.77	1.05
139.60	48.39	54.42	88.37	37.32	0.95
140.20	47.75	54.34	91.02	36.85	1.00
140.80	47.08	53.44	93.29	36.35	0.90
141.40	45.42	50.95	95.17	36.93	1.04
142.00	44.72	49.98	96.28	37.08	1.18
142.60	44.22	49.69	96.76	35.60	1.24
143.20	43.43	49.15	97.01	31.97	1.33
143.80	43.44	48.90	96.42	33.02	1.31
144.40	43.67	48.85	95.65	31.61	1.32
145.00	44.98	50.54	95.02	27.68	1.34
145.60	45.77	51.79	94.26	24.29	1.34
146.20	45.09	51.68	92.93	24.89	1.33
146.80	42.98	51.17	90.85	27.17	1.25
147.40	42.86	50.41	88.75	25.33	1.26
148.00	42.67	50.18	86.92	26.90	1.19
148.60	43.44	50.79	85.45	28.74	1.11
149.20	44.44	51.67	84.21	28.38	1.08
149.80	45.03	52.50	82.70	23.16	1.14
150.40	45.45	53.68	82.31	27.97	1.03
151.00	47.83	55.80	82.46	25.54	1.02
151.60	50.09	58.05	83.17	25.17	1.00
152.20	52.46	60.96	85.96	24.21	1.03
152.80	56.92	65.09	90.53	22.62	1.06
153.40	61.37	69.84	95.08	25.37	1.00
154.00	63.15	72.96	98.95	28.24	0.97
154.60	63.64	73.07	100.16	28.97	0.97
155.20	63.29	72.33	99.49	25.61	1.01
155.80	61.27	69.96	98.08	29.14	0.98
156.40	58.66	66.80	96.30	30.24	0.98
157.00	56.16	63.90	94.34	26.02	1.05
157.60	54.30	62.46	92.70	26.47	1.05
158.20	53.36	61.84	90.64	29.15	1.00
158.80	52.24	60.02	89.01	31.43	0.96
159.40	51.89	58.61	88.46	31.06	0.98
160.00	53.11	59.11	89.11	27.04	1.06
160.60	54.61	60.49	90.10	29.61	1.00
161.20	55.17	61.90	91.10	26.67	1.05
161.80	55.99	62.43	91.93	29.03	1.01
162.40	55.86	62.07	91.84	29.69	1.00
163.00	56.08	62.08	91.31	27.32	1.04
163.60	57.24	62.86	91.79	30.15	0.98
164.20	57.59	63.31	90.94	25.91	1.03
164.80	58.18	63.31	90.89	33.52	0.91
165.40	58.20	62.95	91.65	33.14	0.92
166.00	58.08	62.40	92.51	30.75	0.98
166.60	57.73	61.71	93.05	32.03	0.99
167.20	55.69	60.54	93.02	23.89	1.13
167.80	55.76	60.54	92.38	27.39	1.07
168.40	55.64	61.23	91.51	30.90	0.99
169.00	55.26	62.02	90.83	29.79	0.99
169.60	55.09	62.67	90.85	24.73	1.04
170.20	56.56	63.61	90.64	28.06	0.99
170.80	58.08	65.78	91.08	27.12	0.97
171.40	59.80	67.22	91.45	25.38	0.98
172.00	61.21	68.59	91.85	25.49	0.97
172.60	62.25	70.06	92.62	26.50	0.94
173.20	63.44	70.82	93.78	22.88	0.99
173.80	64.17	71.48	93.67	25.33	0.96
174.40	65.55	71.85	94.10	26.51	0.95
175.00	66.10	72.95	94.91	25.56	0.95
175.60	65.35	72.83	95.25	25.81	0.95
176.20	64.43	71.68	95.02	29.27	0.91
176.80	66.13	72.11	95.52	35.17	0.83
177.40	65.39	71.78	94.31	25.70	0.95
178.00	64.65	71.23	93.11	24.86	0.95
178.60	64.26	70.55	92.28	36.96	0.78