Time	ABP	LCBFV	RCBFV
-78.0	0.06741172682284972	0.15103686548978423	0.18918116700310073
-77.6	0.15612652045881448	0.1771200922146443	0.3145509159006483
-77.2	0.2975677181095899	0.23691728005820067	0.4649128750167293
-76.8	0.4541929961230602	0.4199505749881238	0.6111419624434422
-76.4	0.6022759326594176	0.8139932453327772	0.7287839283286806
-76.0	0.728842978426972	0.9817489747658845	0.8089728816865414
-75.6	0.8286774149961178	0.9827422013372455	0.8377615007504229
-75.2	0.9016965055123313	0.9469902179891374	0.8315558115562958
-74.8	0.9508399671791976	0.945142077310134	0.8054882237249172
-74.4	0.9804938551142541	0.9236517782598046	0.7880432091165357
-74.0	0.9954043304929681	0.9152707583677318	0.7808696800708477
-73.6	1.0	0.9048019356827988	0.7757594639298047
-73.2	0.9980295716085953	0.8949066327827682	0.7683360996811333
-72.8	0.9924249549652986	0.8847984956174466	0.7595006234155921
-72.4	0.9853119355764359	0.8735820702191361	0.7512962525975917
-72.0	0.9781062734164401	0.8632599064396977	0.744809227240105
-71.6	0.9716492296567552	0.8532084058435716	0.7401921640649523
-71.2	0.9663511315561246	0.8447844613937932	0.7364788525805972
-70.8	0.9623236563673749	0.8375176914788343	0.732444557172407
-70.4	0.9594907526201965	0.8317884553739265	0.7274853283931693
-70.0	0.9576746622991714	0.8271913544785097	0.7216902379239469
-69.6	0.9566577430203744	0.8236941953743058	0.7153775540885405
-69.2	0.9562231973496089	0.8210155837385749	0.7087514900093916
-68.8	0.9561788834733969	0.8190678819326722	0.7018821081673376
-68.4	0.9563685425469809	0.8176883343419581	0.6948101425628623
-68.0	0.9566743894794315	0.8168083809089888	0.6876284667170767
-67.6	0.9570143460368283	0.8163278643324459	0.6804820936717135
-67.2	0.9573364377578013	0.816188359519904	0.6735285282286521
-66.8	0.9576121506577112	0.8163141523209578	0.6669095247095873
-66.4	0.9578299177351507	0.8166497985152406	0.6607456557559601
-66.0	0.957989407519589	0.8171350844870826	0.6551439160090471
-65.6	0.958096919831518	0.8177229124578878	0.6502026101900222
-65.2	0.9581619444793907	0.8183673769978883	0.6460010338198359
-64.8	0.9581947860024498	0.8190333038167426	0.6425956713791576
-64.4	0.9582050787931264	0.819691480368232	0.6400131357483092
-64.0	0.9582009902739096	0.8203204443735057	0.6382545131673023
-63.6	0.958188916704134	0.8209052914722488	0.6372937338758273
-63.2	0.9581735020197326	0.8214364828738585	0.637078658353257
-62.8	0.9581578441679759	0.8219098453574487	0.6375354222787131
-62.4	0.958143788492917	0.8223229942253676	0.6385733246111105
-62.0	0.9581322395178903	0.822678314175266	0.6400859138291786
-61.6	0.9581234487809865	0.8229787860792079	0.6419640228116137
-61.2	0.9581172565393483	0.8232291793324915	0.6440984844371078
-60.8	0.9581132794628786	0.8234348595048324	0.6463888215044671
-60.4	0.9581110457117459	0.8235999998171186	0.64874650545263
-60.0	0.9581100840793987	0.8237305620134734	0.6510971288407097
-59.6	0.9581099762417915	0.8238319116636115	0.6533847503080343
-59.2	0.9581103815302958	0.8239088181628347	0.6555680927341143
-58.8	0.9581110428175537	0.8239636662087921	0.6576205432386306
-58.4	0.9581117806622393	0.8240024175456107	0.6595263513413965
-58.0	0.9581124812152524	0.8240274568709385	0.6612784564823233
-57.6	0.9581130818120823	0.8240405727080153	0.6628757724214047
-57.2	0.9581135568127304	0.8240447459289024	0.6643210147586682
-56.8	0.9581139051649005	0.8240423612312533	0.6656190715741737
-56.4	0.9581141403645693	0.8240346109638903	0.6667780896680178
-56.0	0.9581142829423992	0.8240232836500505	0.6678045864802789
-55.6	0.9581143552699152	0.8240077831153236	0.6687094244110883
-55.2	0.9581143783060494	0.8239910902317726	0.6695018365005536
-54.8	0.9581143698449829	0.823973204999394	0.6701932282688121
-54.4	0.9581143438404887	0.8239541274181912	0.6707944621159942
-54.0	0.9581143104373315	0.8239344536625746	0.6713169435622346
-53.6	0.9581142764141715	0.8239153760813718	0.6717731643676847
-53.2	0.9581142458186219	0.8238957023257596	0.6721734438124658
-52.8	0.9581142206443499	0.8238766247445568	0.6725275580566956
-52.4	0.9581142014573277	0.8238587395121781	0.6728447401404836
-52.0	0.9581141879225274	0.8238414504542133	0.6731325937439232
-51.6	0.958114179213424	0.8238241613962485	0.6733960069470681
-51.2	0.958114174307155	0.8238080646871087	0.673639324709975
-50.8	0.958114172179592	0.8237931603267938	0.6738663488726875
-50.4	0.9581141719200008	0.8237782559664799	0.6740770794352047
-50.0	0.9581141727856862	0.823765140129403	0.6742720595175342
-49.6	0.958114174215348	0.8237520242923262	0.6744512891196752
-49.2	0.958114175816698	0.8237401008040743	0.6746136820016142
-48.8	0.9581141773403621	0.8237293696646493	0.6747570656833277
-48.4	0.9581141786486354	0.8237186385252215	0.6748808970448064
-48.0	0.9581141796846981	0.8237090997346197	0.674984632966046
-47.6	0.9581141804455386	0.8237001571184317	0.6750661009670189
-47.2	0.9581141809600576	0.823691810676654	0.675125301047725
-46.8	0.9581141812726701	0.8236840604092919	0.6751633194481803
-46.4	0.9581141814319384	0.8236769063163392	0.6751796130483747
-46.0	0.9581141814834578	0.8236703483978021	0.6751747249683167
-45.6	0.9581141814660036	0.8236643866536761	0.6751508276880323
-45.2	0.9581141814100037	0.8236584249095502	0.6751090074475314
-44.8	0.9581141813376217	0.8236536555142493	0.6750508936068371
-44.4	0.9581141812637005	0.8236488861189493	0.6749786586459745
-44.0	0.9581141811970996	0.8236447128980613	0.6748950181649764
-43.6	0.9581141811422268	0.8236411358515854	0.6748010584038528
-43.2	0.9581141811003462	0.8236369626306974	0.6746994949626384
-42.8	0.9581141810707701	0.8236345779330465	0.6745935865613744
-42.4	0.9581141810516962	0.8236315970609844	0.6744844194400708
-42.0	0.9581141810409202	0.8236286161889224	0.6743741660787528
-41.6	0.9581141810362146	0.8236262314912715	0.6742644558374442
-41.2	0.9581141810355953	0.8236244429680344	0.6741569180761573
-40.8	0.9581141810374432	0.8236226544447955	0.674054268394932
-40.4	0.9581141810405337	0.8236208659215576	0.6739565067937656
-40.0	0.9581141810440088	0.8236196735727317	0.6738641763926614
-39.6	0.9581141810473229	0.8236184812239076	0.6737799927916566
-39.2	0.9581141810501724	0.8236178850494946	0.6737034128707418
-38.8	0.958114181052432	0.8236166927006696	0.6736344366299178
-38.4	0.958114181054094	0.8236155003518437	0.6735741503091983
-38.0	0.9581141810552191	0.8236155003518437	0.6735230970285873
-37.6	0.958114181055909	0.8236149041774334	0.6734801905480747
-37.2	0.958114181056257	0.8236149041774334	0.6734454308676598
-36.8	0.9581141810563671	0.8236143080030196	0.6734188179873417
-36.4	0.9581141810563303	0.8236143080030196	0.6733998087871145
-36.0	0.9581141810562113	0.8236143080030196	0.6733878601469723
-35.6	0.9581141810560556	0.8236149041774334	0.6733829720669151
-35.2	0.9581141810558998	0.8236149041774334	0.6733835151869192
-34.8	0.9581141810557531	0.8236149041774334	0.6733900326269984
-34.4	0.9581141810556342	0.8236155003518437	0.6734008950271271
-34.0	0.9581141810555424	0.8236155003518437	0.6734161023873098
-33.6	0.9581141810554785	0.8236160965262576	0.6734345684675302
-33.2	0.9581141810554344	0.8236166927006696	0.6734562932677903
-32.8	0.9581141810554105	0.8236172888750826	0.6734801905480747
-32.4	0.9581141810554005	0.8236178850494946	0.6735057171883803
-32.0	0.9581141810553986	0.8236184812239076	0.6735328731887043
-31.6	0.9581141810554022	0.8236190773983214	0.6735605723090359
-31.2	0.9581141810554096	0.8236202697471455	0.6735888145493725
-30.8	0.9581141810554169	0.8236202697471455	0.6736165136697032
-30.4	0.9581141810554241	0.8236214620959705	0.6736442127900331
-30.0	0.9581141810554298	0.8236220582703835	0.6736708256703521
-29.6	0.9581141810554351	0.8236226544447955	0.6736963523106558
-29.2	0.9581141810554389	0.8236238467936206	0.6737213358309555
-28.8	0.9581141810554417	0.8236244429680344	0.6737446899912349
-28.4	0.9581141810554417	0.8236250391424447	0.6737658716714865
-28.0	0.9581141810554417	0.8236262314912715	0.6737859671117272
-27.6	0.9581141810554417	0.8236274238400965	0.6738044331919468
-27.2	0.9581141810554417	0.8236280200145085	0.673820726792143
-26.8	0.9581141810554417	0.8236292123633326	0.6738353910323172
-26.4	0.9581141810554417	0.8236298085377465	0.6738478827924661
-26.0	0.9581141810554417	0.8236304047121594	0.6738592883126033
-25.6	0.9581141810554417	0.8236321932353974	0.6738685213527136
-25.2	0.9581141810554417	0.8236321932353974	0.6738755819127977
-24.8	0.9581141810554417	0.8236333855842224	0.6738820993528769
-24.4	0.9581141810554417	0.8236345779330465	0.6738864443129273
-24.0	0.9581141810554417	0.8236351741074603	0.6738897030329669
-23.6	0.9581141810554417	0.8236357702818724	0.6738907892729804
-23.2	0.9581141810554417	0.8236369626306974	0.6738913323929854
-22.8	0.9581141810554417	0.8236375588051104	0.6738907892729804
-22.4	0.9581141810554417	0.8236387511539345	0.6738891599129602
-22.0	0.9581141810554417	0.8236393473283483	0.673886987432935
-21.6	0.9581141810554417	0.8236405396771733	0.6738831855928886
-21.2	0.9581141810554417	0.8236411358515854	0.6738793837528432
-20.8	0.9581141810554417	0.8236417320259983	0.6738750387927919
-20.4	0.9581141810554417	0.8236429243748233	0.6738706938327397
-20.0	0.9581141810554417	0.8236435205492372	0.6738658057526816
-19.6	0.9581141810554417	0.8236441167236475	0.6738603745526159
-19.2	0.9581141810554417	0.8236453090724742	0.6738549433525511
-18.8	0.9581141810554417	0.8236459052468863	0.6738495121524863
-18.4	0.9581141810554417	0.8236465014212992	0.6738440809524207
-18.0	0.9581141810554417	0.8236476937701251	0.6738391928723626
-17.6	0.9581141810554417	0.8236482899445354	0.6738337616722987
-17.2	0.9581141810554417	0.8236488861189493	0.6738283304722339
-16.8	0.9581141810554417	0.8236494822933622	0.6738245286321884
-16.4	0.9581141810554417	0.8236506746421872	0.6738196405521295
-16.0	0.9581141810554417	0.8236512708165993	0.6738158387120841
-15.6	0.9581141810554417	0.8236518669910122	0.6738120368720386
-15.2	0.9581141810554417	0.8236524631654252	0.6738087781520008
-14.8	0.9581141810554417	0.8236536555142493	0.6738055194319612
-14.4	0.9581141810554417	0.8236536555142493	0.6738028038319284
-14.0	0.9581141810554417	0.8236542516886622	0.6738006313519014
-13.6	0.9581141810554417	0.8236554440374881	0.6737984588718771
-13.2	0.9581141810554417	0.8236560402119002	0.6737968295118577
-12.8	0.9581141810554417	0.8236560402119002	0.6737957432718433
-12.4	0.9581141810554417	0.823657232560727	0.6737946570318316
-12.0	0.9581141810554417	0.8236578287351373	0.6737941139118249
-11.6	0.9581141810554417	0.8236584249095502	0.6737935707918181
-11.2	0.9581141810554417	0.8236590210839632	0.6737935707918181
-10.8	0.9581141810554417	0.8236596172583761	0.6737935707918181
-10.4	0.9581141810554417	0.8236602134327882	0.6737935707918181
-10.0	0.9581141810554417	0.8236608096072011	0.6737941139118249
-9.6	0.9581141810554417	0.8236608096072011	0.6737952001518392
-9.2	0.9581141810554417	0.8236614057816132	0.6737957432718433
-8.8	0.9581141810554417	0.8236620019560261	0.6737968295118577
-8.4	0.9581141810554417	0.82366259813044	0.6737973726318636
-8.0	0.9581141810554417	0.8236631943048502	0.6737984588718771
-7.6	0.9581141810554417	0.8236631943048502	0.6737995451118897
-7.2	0.9581141810554417	0.8236637904792641	0.6738006313519014
-6.8	0.9581141810554417	0.8236643866536761	0.6738017175919158
-6.4	0.9581141810554417	0.8236649828280891	0.6738028038319284
-6.0	0.9581141810554417	0.823665579002502	0.6738038900719427
-5.6	0.9581141810554417	0.823665579002502	0.6738049763119545
-5.2	0.9581141810554417	0.8236661751769141	0.6738055194319612
-4.8	0.9581141810554417	0.8236667713513279	0.6738071487919806
-4.4	0.9581141810554417	0.8236673675257382	0.6738076919119873
-4.0	0.9581141810554417	0.823667963700152	0.6738087781520008
-3.6	0.9581141810554417	0.823667963700152	0.6738093212720058
-3.2	0.9581141810554417	0.823667963700152	0.6738098643920134
-2.8	0.9581141810554417	0.8236685598745641	0.6738104075120193
-2.4	0.9581141810554417	0.8236691560489771	0.673810950632026
-2.0	0.9581141810554417	0.82366975222339	0.6738120368720386
-1.6	0.9581141810554417	0.82366975222339	0.6738120368720386
-1.2	0.9581141810554417	0.8236703483978021	0.6738125799920462
-0.8	0.9581141810554417	0.8236703483978021	0.6738125799920462
-0.4	0.9581141810554417	0.823670944572215	0.6738125799920462
0.0	0.9581141810554417	0.8236715407466271	0.6738131231120512
0.4	0.9581141810554417	0.8236715407466271	0.6738131231120512
0.8	0.9581141810554417	0.8236721369210409	0.6738131231120512
1.2	0.9581141810554417	0.8236721369210409	0.6738131231120512
1.6	0.9325882731771457	0.8050470520975788	0.6608314687169852
2.0	0.843873479541181	0.7332670566483364	0.6123558356579419
2.4	0.7024322818904056	0.6187562601773076	0.529249784745236
2.8	0.5458070038769351	0.5170465206932313	0.44549742102481016
3.2	0.39772406734057786	0.40414002956645945	0.3816482330621289
3.6	0.2711570215730236	0.28470811140677554	0.3215327235840464
4.0	0.17132258500387848	0.2224448481055754	0.2700446754090198
4.4	0.0983034944876641	0.2466799341514303	0.2480977390668624
4.8	0.04916003282079817	0.31828912563146705	0.23945561352363143
5.2	0.01950614488574446	0.3825913054236967	0.235311064754125
5.6	0.004595669507025765	0.4221218421987478	0.2390107982383185
6.0	0.0	0.4423941569241725	0.25137411050599834
6.4	0.001970428391404537	0.4540511552133806	0.27322491460700693
6.8	0.007575045034696991	0.4646821373385359	0.3000436374073585
7.2	0.014688064423555941	0.47716662571240676	0.32819653450364594
7.6	0.02189372658355987	0.4909382546430434	0.35491260762277044
8.0	0.028350770343242414	0.5042108855903491	0.37894621102985404
8.4	0.03364886844387128	0.5155972206962449	0.3994104297542993
8.8	0.03767634363262206	0.5246358209653943	0.4161569920343364
9.2	0.04050924737979743	0.5315746949534326	0.4292027345901692
9.6	0.04232533770082475	0.5369450340619686	0.43905384526784186
10.0	0.04334225697962158	0.5412535865416954	0.4462420385537049
10.4	0.0437768026503866	0.5448622302610522	0.45139570429526543
10.8	0.04382111652659886	0.5479879727062178	0.4550210303385702
11.2	0.0436314574530143	0.5507476640620581	0.45757858244912075
11.6	0.04332561052056362	0.5532098643860195	0.4593958619908278
12.0	0.042985653963167406	0.5554186905846352	0.46073845464686514
12.4	0.042663562242194204	0.5574087207738323	0.46177744321927605
12.8	0.0423878493422843	0.5592061866277662	0.4626410040295914
13.2	0.0421700822648452	0.560831358076463	0.46339974267865536
13.6	0.04201059248040673	0.5622991394802401	0.46410091060702996
14.0	0.04190308016847743	0.5636196658041079	0.4647618876549249
14.4	0.04183805552060373	0.5648036681874942	0.46539190686245124
14.8	0.04180521399754266	0.5658583007233506	0.46598933886958793
15.2	0.04179492120687013	0.5667942945511051	0.4665514680763021
15.6	0.04179900972608181	0.5676199961125308	0.467072320162524
16.0	0.041811083295859995	0.5683455403726425	0.467548636408214
16.4	0.041826497980267635	0.5689816584708662	0.4679793305733586
16.8	0.04184215583202051	0.5695378891978056	0.46836277329793763
17.2	0.0418562115070811	0.5700231751696476	0.4687011370619789
17.6	0.04186776048210639	0.5704464590025795	0.46899768058552205
18.0	0.04187655121900773	0.5708160871383807	0.46925566258860396
18.4	0.04188274346064996	0.5711392136700004	0.46947834179126247
18.8	0.04188672053711745	0.5714212041671516	0.46967060627356005
19.2	0.041888954288249444	0.5716686165483722	0.46983680099554537
19.6	0.04188991592059674	0.571885624034552	0.46997964155725125
20.0	0.04189002375820357	0.572075803672166	0.47010347291873167
20.4	0.04188961846969933	0.5722433286821023	0.47021046756000917
20.8	0.041888957182442156	0.5723911799364219	0.47030279796111163
21.2	0.041888219337756126	0.5725211459583646	0.47038372284207863
21.6	0.04188751878474316	0.5726368037944054	0.4704543284429219
22.0	0.041886918187912965	0.5727387496189564	0.47051624412366166
22.4	0.041886443187265275	0.5728287719552565	0.4705700130043038
22.8	0.04188609483509504	0.5729092555009547	0.4706183506848811
23.2	0.04188585963542684	0.57297960408164	0.4706596278053752
23.6	0.04188571705760046	0.5730427985693733	0.4706965599658153
24.0	0.0418856447300795	0.573098242789742	0.4707286040461982
24.4	0.04188562169394452	0.5731477252659873	0.47075738940654155
24.8	0.041885630155010865	0.5731912459981059	0.4707829160468471
25.2	0.04188565615950581	0.5732299973349235	0.470805183967113
25.6	0.041885689562664655	0.5732645754508523	0.470824736287347
26.0	0.041885723585826894	0.5732955765203078	0.4708421161275549
26.4	0.04188575418137185	0.5733218081944607	0.47085678036772904
26.8	0.04188577935564246	0.5733462513453764	0.47086981524788474
27.2	0.04188579854266422	0.5733677136242301	0.4708812207680211
27.6	0.04188581207746908	0.57338619503102	0.4708920831681507
28.0	0.04188582078657159	0.5734034840889839	0.4709007730882542
28.4	0.04188582569284101	0.5734183884492996	0.4709083767683442
28.8	0.04188582782040343	0.5734315042863773	0.47091598044843597
29.2	0.04188582807999494	0.5734434277746283	0.4709219547685075
29.6	0.04188582721430925	0.5734535627396422	0.4709273859685723
30.0	0.04188582578464762	0.5734625053558311	0.4709317309286245
30.4	0.041885824183297664	0.573470851797607	0.4709360758886767
30.8	0.04188582265963342	0.57347860206497	0.47093987772872126
31.2	0.04188582135136015	0.573484563809096	0.47094313644875996
31.6	0.0418858203152968	0.5734905255532219	0.4709458520487928
32.0	0.041885819554456694	0.5734958911229358	0.47094856764882564
32.4	0.04188581903993779	0.5735000643438237	0.47095074012885174
32.8	0.0418858187273271	0.5735036413902987	0.4709523694888711
33.2	0.04188581856805733	0.5735078146111885	0.4709545419688972
33.6	0.04188581851653521	0.5735101993088376	0.4709556282089089
34.0	0.04188581853399386	0.5735131801809006	0.47095725756892914
34.4	0.0418858185899931	0.5735155648785506	0.4709588869289485
34.8	0.04188581866237206	0.5735179495761997	0.47095943004895524
35.2	0.041885818736298756	0.5735197380994386	0.4709599731689629
35.6	0.04188581880289552	0.5735215266226774	0.4709610594089746
36.0	0.04188581885776873	0.5735227189715015	0.4709621456489881
36.4	0.04188581889964613	0.5735245074947395	0.47096268876899394
36.8	0.04188581892922926	0.5735251036691515	0.4709632318890007
37.2	0.04188581894829994	0.5735262960179766	0.4709632318890007
37.6	0.041885818959075415	0.5735268921923904	0.4709637750090083
38.0	0.04188581896378148	0.5735280845412145	0.4709643181290124
38.4	0.04188581896440085	0.5735286807156275	0.47096486124902004
38.8	0.04188581896255263	0.5735292768900395	0.47096486124902004
39.2	0.041885818959462105	0.5735298730644525	0.4709654043690268
39.6	0.041885818955986844	0.5735304692388654	0.4709654043690268
40.0	0.041885818952673064	0.5735304692388654	0.47096594748903353
40.4	0.041885818949823336	0.5735310654132784	0.47096594748903353
40.8	0.04188581894756354	0.5735316615876895	0.47096594748903353
41.2	0.04188581894590182	0.5735316615876895	0.4709664906090394
41.6	0.041885818944776304	0.5735316615876895	0.4709664906090394
42.0	0.04188581894409092	0.5735316615876895	0.4709664906090394
42.4	0.04188581894374024	0.5735316615876895	0.4709664906090394
42.8	0.04188581894362508	0.5735322577621025	0.4709664906090394
43.2	0.04188581894366099	0.5735322577621025	0.47096703372904614
43.6	0.04188581894378156	0.5735322577621025	0.47096703372904614
44.0	0.04188581894393838	0.5735322577621025	0.47096703372904614
44.4	0.041885818944099	0.5735328539365154	0.47096703372904614
44.8	0.04188581894424396	0.5735322577621025	0.47096703372904614
45.2	0.041885818944363565	0.5735328539365154	0.47096703372904614
45.6	0.041885818944454964	0.5735328539365154	0.47096703372904614
46.0	0.04188581894451962	0.5735328539365154	0.47096703372904614
46.4	0.04188581894456138	0.5735328539365154	0.47096703372904614
46.8	0.04188581894458505	0.5735328539365154	0.47096703372904614
47.2	0.04188581894459545	0.5735328539365154	0.47096703372904614
47.6	0.04188581894459692	0.5735328539365154	0.47096703372904614
48.0	0.04188581894459297	0.5735328539365154	0.47096703372904614
48.4	0.041885818944586296	0.5735328539365154	0.47096703372904614
48.8	0.041885818944578754	0.5735328539365154	0.47096703372904614
49.2	0.041885818944571544	0.5735328539365154	0.47096703372904614
49.6	0.04188581894456534	0.5735328539365154	0.47096703372904614
50.0	0.04188581894456041	0.5735328539365154	0.47096703372904614
50.4	0.04188581894455678	0.5735328539365154	0.47096703372904614
50.8	0.041885818944554315	0.5735328539365154	0.47096703372904614
51.2	0.041885818944552816	0.5735328539365154	0.47096703372904614
51.6	0.041885818944552046	0.5735328539365154	0.47096703372904614
52.0	0.04188581894455179	0.5735328539365154	0.47096703372904614
52.4	0.04188581894455186	0.5735328539365154	0.47096703372904614
52.8	0.04188581894455212	0.5735328539365154	0.47096703372904614
53.2	0.04188581894455246	0.5735328539365154	0.47096703372904614
53.6	0.04188581894455281	0.5735328539365154	0.47096703372904614
54.0	0.04188581894455312	0.5735328539365154	0.47096703372904614
54.4	0.041885818944553385	0.5735328539365154	0.47096703372904614
54.8	0.041885818944553586	0.5735328539365154	0.47096703372904614
55.2	0.041885818944553725	0.5735328539365154	0.47096703372904614
55.6	0.041885818944553815	0.5735328539365154	0.47096703372904614
56.0	0.04188581894455387	0.5735328539365154	0.47096703372904614
56.4	0.04188581894455389	0.5735328539365154	0.47096703372904614
56.8	0.04188581894455389	0.5735328539365154	0.47096703372904614
57.2	0.041885818944553885	0.5735328539365154	0.47096703372904614
57.6	0.04188581894455387	0.5735328539365154	0.47096703372904614
58.0	0.04188581894455386	0.5735328539365154	0.47096703372904614
58.4	0.04188581894455384	0.5735328539365154	0.47096703372904614
58.8	0.04188581894455383	0.5735328539365154	0.47096703372904614
59.2	0.041885818944553815	0.5735328539365154	0.47096703372904614
59.6	0.04188581894455381	0.5735328539365154	0.47096703372904614
60.0	0.0418858189445538	0.5735328539365154	0.47096703372904614
60.4	0.0418858189445538	0.5735328539365154	0.47096703372904614
60.8	0.041885818944553795	0.5735328539365154	0.47096703372904614
61.2	0.041885818944553795	0.5735328539365154	0.47096703372904614
61.6	0.041885818944553795	0.5735328539365154	0.47096703372904614
62.0	0.041885818944553795	0.5735328539365154	0.47096703372904614
62.4	0.0418858189445538	0.5735328539365154	0.47096703372904614
62.8	0.0418858189445538	0.5735322577621025	0.47096703372904614
63.2	0.0418858189445538	0.5735322577621025	0.47096703372904614
63.6	0.0418858189445538	0.5735328539365154	0.47096703372904614
64.0	0.0418858189445538	0.5735322577621025	0.47096703372904614
64.4	0.0418858189445538	0.5735328539365154	0.47096703372904614
64.8	0.0418858189445538	0.5735322577621025	0.47096703372904614
65.2	0.0418858189445538	0.5735328539365154	0.47096703372904614
65.6	0.0418858189445538	0.5735322577621025	0.47096703372904614
66.0	0.0418858189445538	0.5735322577621025	0.47096703372904614
66.4	0.0418858189445538	0.5735328539365154	0.47096703372904614
66.8	0.0418858189445538	0.5735328539365154	0.47096703372904614
67.2	0.0418858189445538	0.5735322577621025	0.47096703372904614
67.6	0.0418858189445538	0.5735322577621025	0.47096703372904614
68.0	0.0418858189445538	0.5735322577621025	0.47096703372904614
68.4	0.0418858189445538	0.5735328539365154	0.47096703372904614
68.8	0.0418858189445538	0.5735322577621025	0.47096703372904614
69.2	0.0418858189445538	0.5735322577621025	0.47096703372904614
69.6	0.0418858189445538	0.5735322577621025	0.47096703372904614
70.0	0.0418858189445538	0.5735322577621025	0.47096703372904614
70.4	0.0418858189445538	0.5735322577621025	0.47096703372904614
70.8	0.0418858189445538	0.5735322577621025	0.47096703372904614
71.2	0.0418858189445538	0.5735322577621025	0.47096703372904614
71.6	0.0418858189445538	0.5735328539365154	0.47096703372904614
72.0	0.0418858189445538	0.5735322577621025	0.47096703372904614
72.4	0.0418858189445538	0.5735322577621025	0.47096703372904614
72.8	0.0418858189445538	0.5735322577621025	0.47096703372904614
73.2	0.0418858189445538	0.5735322577621025	0.47096703372904614
73.6	0.0418858189445538	0.5735322577621025	0.47096703372904614
74.0	0.0418858189445538	0.5735322577621025	0.47096703372904614
74.4	0.0418858189445538	0.5735322577621025	0.47096703372904614
74.8	0.0418858189445538	0.5735322577621025	0.47096703372904614
75.2	0.0418858189445538	0.5735322577621025	0.47096703372904614
75.6	0.0418858189445538	0.5735322577621025	0.47096703372904614
76.0	0.0418858189445538	0.5735322577621025	0.47096703372904614
76.4	0.0418858189445538	0.5735322577621025	0.47096703372904614
76.8	0.0418858189445538	0.5735322577621025	0.47096703372904614
77.2	0.0418858189445538	0.5735322577621025	0.47096703372904614
77.6	0.0418858189445538	0.5735322577621025	0.47096703372904614
78.0	0.0418858189445538	0.5735322577621025	0.47096703372904614
78.4	0.0418858189445538	0.5735322577621025	0.47096703372904614
78.8	0.0418858189445538	0.5735322577621025	0.47096703372904614
79.2	0.0418858189445538	0.5735322577621025	0.47096703372904614
79.6	0.0418858189445538	0.5735322577621025	0.47096703372904614
80.0	0.0418858189445538	0.5735322577621025	0.47096703372904614
80.4	0.0418858189445538	0.5735322577621025	0.47096703372904614
80.8	0.0418858189445538	0.5735322577621025	0.47096703372904614
