<<<<<<< HEAD
<<<<<<< HEAD
TIEMPO	VFSCd	VFSCi	PAMn	PCC	RAP
0.40	48.09	59.25	82.57	5.05	1.27
1.00	49.61	59.09	82.43	-6.13	1.49
1.60	50.19	58.67	81.47	-9.96	1.55
2.20	49.88	58.00	79.64	-5.69	1.46
2.80	48.16	56.95	77.84	-4.67	1.42
3.40	47.31	55.82	76.41	-3.35	1.39
4.00	47.29	54.70	75.46	0.42	1.33
4.60	46.26	53.91	75.36	3.17	1.31
5.20	45.06	53.11	75.05	3.70	1.32
5.80	44.03	52.24	73.64	-0.03	1.38
6.40	43.21	50.63	72.63	0.75	1.40
7.00	42.44	49.52	72.01	3.22	1.38
7.60	41.59	49.76	71.72	2.18	1.39
8.20	41.19	49.83	71.54	2.75	1.36
8.80	41.28	49.76	71.23	7.20	1.28
9.40	41.71	51.30	72.02	6.86	1.26
10.00	42.45	52.89	73.22	5.01	1.28
10.60	43.49	53.70	74.18	4.58	1.33
11.20	44.11	54.98	75.41	4.11	1.24
11.80	44.59	56.21	76.64	4.75	1.15
12.40	45.15	57.02	77.56	8.95	1.17
13.00	45.43	57.68	78.74	-0.46	1.35
13.60	46.05	58.89	80.05	-6.23	1.44
14.20	46.87	60.30	81.57	4.11	1.27
14.80	46.57	60.11	81.05	6.94	1.23
15.40	46.72	59.10	80.48	8.82	1.20
16.00	46.53	58.02	79.80	8.04	1.22
16.60	46.13	57.61	78.44	1.84	1.32
17.20	47.35	59.75	79.15	1.63	1.30
17.80	48.44	60.37	78.65	3.59	1.20
18.40	49.14	60.43	77.82	5.52	1.17
19.00	49.40	60.85	78.24	8.49	1.43
19.60	49.48	60.36	77.23	-0.50	1.46
20.20	50.69	61.32	76.75	-8.38	1.38
20.80	52.67	63.52	78.77	-4.96	1.30
21.40	52.60	63.04	78.00	1.99	1.18
22.00	51.47	62.97	77.45	-0.14	1.21
22.60	50.50	63.00	77.55	-9.28	1.34
23.20	50.31	62.51	77.84	-10.45	1.49
23.80	52.74	63.79	79.17	-10.50	1.45
24.40	53.86	63.99	79.64	-8.18	1.35
25.00	52.86	62.61	78.00	-2.08	1.26
25.60	51.38	61.85	77.91	0.79	1.23
26.20	50.26	61.00	77.93	1.18	1.24
26.80	49.82	59.85	77.33	-1.65	1.29
27.40	48.64	59.05	76.58	-1.06	1.29
28.00	47.48	58.39	75.81	2.52	1.25
28.60	47.16	57.89	75.72	7.56	1.16
29.20	46.43	56.82	75.56	8.17	1.17
29.80	45.48	55.30	75.24	4.47	1.26
30.40	44.71	53.00	75.54	6.14	1.28
31.00	43.87	51.08	75.48	8.80	1.28
31.60	42.88	49.65	74.29	11.06	1.26
32.20	42.43	50.16	75.11	7.18	1.35
32.80	42.33	50.92	76.72	2.32	1.45
33.40	42.35	50.74	77.79	1.76	1.35
34.00	43.19	51.05	79.07	1.64	1.30
34.60	43.57	50.87	80.43	1.44	1.32
35.20	41.97	48.87	79.80	3.24	1.46
35.80	41.35	48.17	79.33	3.85	1.55
36.40	41.60	48.70	79.50	2.79	1.56
37.00	41.30	49.32	78.52	0.10	1.57
37.60	40.87	49.83	77.23	-2.22	1.57
38.20	40.38	50.07	76.64	-0.70	1.52
38.80	40.50	50.40	75.80	-0.16	1.49
39.40	41.21	50.89	74.19	-2.16	1.49
40.00	41.92	51.91	73.86	-2.81	1.47
40.60	42.88	53.13	74.14	-1.56	1.42
41.20	44.28	54.42	74.43	5.81	1.26
41.80	45.42	55.11	75.08	6.92	1.23
42.40	46.22	55.43	76.12	0.32	1.36
43.00	46.64	55.80	76.71	5.61	1.26
43.60	46.89	56.63	77.49	8.40	1.21
44.20	47.10	57.42	78.46	7.20	1.23
44.80	47.23	57.87	79.56	6.88	1.25
45.40	47.82	57.64	80.09	4.03	1.31
46.00	48.68	57.41	80.17	0.00	1.38
46.60	49.74	57.77	81.24	5.70	1.29
47.20	48.74	57.28	81.28	8.46	1.26
47.80	47.53	56.79	80.66	7.96	1.28
48.40	47.74	57.13	80.25	1.95	1.36
49.00	47.47	57.06	79.46	-1.77	1.40
49.60	46.43	56.53	78.04	-1.17	1.38
50.20	45.77	56.68	77.05	-0.02	1.34
50.80	43.89	56.45	76.15	0.18	1.33
51.40	40.14	55.33	75.07	-1.87	1.36
52.00	37.85	55.60	74.32	-2.61	1.36
52.60	37.24	56.38	73.94	-1.72	1.33
53.20	39.41	56.79	73.40	-1.68	1.31
53.80	41.58	57.05	72.98	-1.11	1.28
54.40	42.50	57.26	72.80	2.35	1.21
55.00	43.71	58.01	73.18	3.11	1.20
55.60	45.03	58.89	74.15	0.38	1.24
56.20	45.09	57.87	74.26	5.18	1.17
56.80	45.13	57.10	74.34	8.37	1.14
57.40	45.39	56.94	74.84	5.00	1.22
58.00	45.22	56.98	75.85	1.79	1.30
58.60	45.17	56.94	77.06	-0.45	1.35
59.20	45.85	56.30	77.67	-0.68	1.38
59.80	46.39	56.59	78.18	-2.58	1.42
60.40	46.67	57.24	78.75	-7.54	1.48
61.00	46.67	56.77	78.90	0.01	1.36
61.60	46.53	56.26	78.85	5.55	1.28
62.20	46.31	55.84	78.68	6.66	1.28
62.80	46.06	55.37	78.17	3.98	1.33
63.40	46.02	55.32	77.73	1.03	1.37
64.00	46.44	56.00	77.80	-0.74	1.37
64.60	46.47	56.75	77.21	3.06	1.30
65.20	46.23	57.36	76.53	5.94	1.24
65.80	45.69	57.72	77.07	-7.23	1.44
66.40	46.07	57.60	76.73	-9.87	1.47
67.00	46.31	57.23	75.26	0.98	1.29
67.60	43.02	57.17	74.73	0.31	1.29
68.20	40.18	57.12	74.37	-1.61	1.31
68.80	38.34	57.10	73.68	1.08	1.26
69.40	37.16	57.62	73.66	-1.11	1.28
70.00	36.57	58.22	73.84	-4.48	1.32
70.60	36.93	58.71	73.41	-6.59	1.35
71.20	36.41	58.64	73.32	-4.90	1.32
71.80	35.57	58.00	73.60	0.01	1.25
72.40	35.10	56.73	72.77	3.93	1.19
73.00	34.64	55.67	71.99	5.71	1.17
73.60	34.16	54.92	71.52	4.54	1.21
74.20	33.72	54.74	71.06	3.42	1.23
74.80	33.35	54.84	70.69	2.37	1.23
75.40	32.89	54.82	70.24	3.37	1.20
76.00	33.04	55.17	70.18	4.57	1.18
76.60	34.29	56.27	71.51	2.44	1.21
77.20	34.50	56.88	72.44	3.04	1.21
77.80	34.07	57.13	72.65	7.40	1.13
78.40	35.18	58.42	73.99	9.42	1.10
79.00	35.38	58.20	74.88	10.26	1.10
79.60	35.25	57.34	74.82	10.33	1.11
80.20	35.60	57.29	75.38	7.52	1.17
80.80	36.43	57.26	75.45	4.55	1.22
81.40	37.78	56.90	74.14	2.97	1.23
82.00	39.37	57.61	73.58	1.90	1.23
82.60	40.93	58.86	73.82	1.24	1.22
83.20	42.22	60.26	75.11	-0.14	1.26
83.80	43.64	61.96	76.13	0.01	1.24
84.40	44.96	63.63	76.60	2.29	1.16
85.00	44.55	63.68	76.58	3.92	1.12
85.60	44.20	63.58	76.23	4.38	1.11
86.20	44.15	63.42	75.60	3.50	1.12
86.80	44.32	62.48	75.34	1.25	1.17
87.40	44.51	62.10	75.27	-1.80	1.23
88.00	44.50	62.70	75.11	-7.28	1.30
88.60	45.45	64.81	75.53	-8.06	1.28
89.20	46.35	66.27	76.34	-4.51	1.20
89.80	46.41	65.24	76.16	-4.99	1.22
90.40	45.72	63.92	75.54	-3.45	1.21
91.00	45.11	62.45	74.77	-0.09	1.17
91.60	45.21	60.54	75.10	2.77	1.17
92.20	44.99	59.39	74.93	1.82	1.21
92.80	45.08	59.16	74.07	-2.80	1.28
93.40	47.41	60.14	75.24	-6.25	1.34
94.00	47.05	60.24	75.74	-7.19	1.36
94.60	46.49	60.28	75.80	-7.11	1.37
95.20	47.57	60.87	77.74	-13.26	1.47
95.80	47.36	61.12	77.77	-9.29	1.40
96.40	46.95	60.84	77.18	-4.93	1.34
97.00	46.80	60.11	77.13	-9.39	1.43
97.60	47.19	59.97	77.90	-3.41	1.34
98.20	46.10	58.75	77.34	-1.27	1.30
98.80	44.58	57.23	75.11	-6.29	1.38
99.40	43.77	56.30	74.35	-3.08	1.35
100.00	43.23	55.18	72.76	-2.14	1.33
100.60	42.73	54.02	71.16	-2.73	1.34
101.20	42.22	52.86	70.30	-4.03	1.39
101.80	42.18	53.11	68.88	-1.59	1.32
102.40	42.77	54.33	68.03	-0.80	1.25
103.00	43.78	56.12	68.96	-7.55	1.34
103.60	44.19	57.69	69.66	-10.53	1.37
104.20	43.98	58.61	70.90	-9.64	1.35
104.80	44.03	58.86	72.24	-8.20	1.33
105.40	44.74	58.65	72.50	-11.66	1.42
106.00	45.55	59.24	73.70	-12.15	1.43
106.60	46.09	59.02	75.06	-9.41	1.40
107.20	46.00	58.32	75.91	-7.51	1.41
107.80	45.19	57.33	75.94	-8.74	1.45
108.40	43.63	55.38	75.66	-9.05	1.49
109.00	42.18	54.57	75.02	-8.10	1.49
109.60	41.24	54.39	74.07	-6.18	1.47
110.20	41.17	54.10	72.80	-4.69	1.40
110.80	41.33	53.91	71.91	-6.23	1.41
111.40	41.53	53.78	71.73	-13.37	1.57
112.00	40.81	53.73	70.62	-7.81	1.44
112.60	40.61	53.18	69.43	-3.18	1.32
113.20	40.98	52.53	68.57	-6.85	1.40
113.80	40.80	53.17	69.07	-6.90	1.41
114.40	41.62	54.65	70.04	-6.44	1.40
115.00	43.43	56.78	71.16	-8.10	1.38
115.60	44.18	56.87	71.98	-6.17	1.35
116.20	43.61	56.66	72.55	-2.58	1.30
116.80	42.28	56.48	72.86	1.78	1.23
117.40	42.12	56.80	74.02	0.54	1.27
118.00	41.75	56.40	74.59	-0.55	1.31
118.60	41.26	55.45	73.56	1.60	1.27
119.20	42.76	56.58	74.03	3.61	1.24
119.80	43.25	56.27	74.26	3.71	1.23
120.40	43.28	55.55	73.81	1.74	1.27
121.00	43.67	55.60	74.32	0.79	1.30
121.60	44.22	56.36	74.87	-0.99	1.33
122.20	44.86	57.64	75.05	-3.81	1.37
122.80	45.84	59.34	75.34	-9.48	1.42
123.40	45.33	59.06	75.19	-10.13	1.40
124.00	45.01	58.44	74.66	-6.52	1.34
124.60	46.61	58.83	74.14	-5.40	1.44
125.20	46.06	59.07	73.96	-6.87	1.46
125.80	45.54	59.10	74.07	-9.95	1.41
126.40	47.09	58.93	71.93	-13.25	1.42
127.00	48.33	59.32	73.16	-9.45	1.37
127.60	49.03	59.72	75.23	-4.15	1.30
128.20	49.15	59.57	75.48	-3.67	1.30
128.80	48.57	57.79	74.46	-0.57	1.27
129.40	46.65	55.64	73.68	1.75	1.27
130.00	45.03	54.34	73.32	2.33	1.29
130.60	44.79	54.70	73.12	-2.09	1.36
131.20	45.23	55.12	73.20	-6.16	1.42
131.80	45.45	55.13	73.43	-8.40	1.47
132.40	44.71	54.41	72.65	-1.70	1.34
133.00	45.14	54.72	72.74	0.82	1.29
133.60	45.47	55.06	73.20	0.60	1.28
134.20	44.72	54.52	72.33	5.87	1.20
134.80	44.92	55.55	72.96	-0.15	1.31
135.40	45.51	56.46	73.59	-5.66	1.40
136.00	46.38	56.16	72.68	0.99	1.25
136.60	46.31	57.03	73.33	-0.91	1.28
137.20	45.95	57.49	74.05	-2.80	1.32
137.80	45.81	57.59	73.81	1.49	1.23
138.40	47.65	58.65	75.11	-0.09	1.27
139.00	48.22	58.99	76.17	-0.83	1.29
139.60	48.46	59.76	76.51	1.18	1.26
140.20	50.35	63.19	78.68	-1.64	1.24
140.80	51.13	63.63	80.51	-2.39	1.42
141.40	50.04	62.44	79.47	-2.79	1.42
142.00	49.00	61.18	77.80	-1.39	1.28
142.60	48.86	60.44	78.31	6.12	1.18
143.20	45.71	59.18	76.48	4.13	1.21
143.80	45.80	58.96	75.23	-0.47	1.27
144.40	46.94	59.48	75.30	-4.21	1.31
145.00	46.93	60.37	74.76	-5.20	1.30
145.60	46.82	59.91	74.49	-3.06	1.23
146.20	46.84	59.30	74.53	0.24	1.21
146.80	46.69	58.97	74.53	0.97	1.46
147.40	48.55	60.98	75.16	-0.14	1.36
148.00	49.81	62.32	75.92	-5.57	1.29
148.60	50.13	62.25	76.33	-12.83	1.41
149.20	50.02	60.85	75.49	-1.99	1.24
149.80	48.74	59.05	75.23	-0.98	1.26
150.40	48.25	57.78	75.14	-3.44	1.33
151.00	48.82	57.14	74.85	-1.63	1.30
151.60	46.92	55.67	73.59	-0.12	1.29
152.20	45.77	54.48	72.66	-0.24	1.31
152.80	45.64	53.71	72.85	-3.36	1.40
153.40	45.53	53.22	72.68	-4.99	1.44
154.00	45.27	52.96	72.33	-5.10	1.43
154.60	44.71	52.80	71.62	-2.59	1.38
155.20	45.20	53.88	71.80	-0.95	1.34
155.80	45.72	54.56	72.54	-0.09	1.32
156.40	45.53	53.24	72.44	0.94	1.31
157.00	44.81	52.37	73.25	5.68	1.27
157.60	44.14	51.79	74.86	13.11	1.19
158.20	43.88	51.32	74.44	-2.22	1.47
158.80	44.32	51.29	74.91	-5.86	1.55
159.40	44.93	51.50	76.61	6.56	1.36
160.00	45.18	51.85	77.38	0.86	1.48
160.60	45.53	51.85	77.65	-4.53	1.58
161.20	45.75	51.63	77.54	-6.36	1.60
161.80	43.98	51.58	76.65	-7.39	1.61
162.40	43.38	51.62	76.05	-8.49	1.61
163.00	44.21	51.82	76.27	-10.77	1.67
163.60	45.44	52.91	76.82	-8.49	1.61
164.20	46.07	53.89	76.95	-4.59	1.50
164.80	45.71	54.41	76.13	-0.96	1.39
165.40	45.37	54.26	75.79	1.83	1.34
166.00	45.48	54.07	75.89	1.66	1.36
166.60	46.12	53.97	76.35	-3.04	1.46
167.20	45.83	54.05	76.16	-3.77	1.45
167.80	46.01	54.15	75.94	-3.79	1.44
168.40	47.10	54.25	76.54	-7.54	1.54
169.00	46.67	54.00	76.19	-6.14	1.47
169.60	46.46	54.13	75.97	-3.96	1.46
170.20	47.06	54.84	76.81	-3.76	1.72
170.80	46.77	55.65	76.63	-3.28	1.68
171.40	46.39	56.11	75.66	-2.89	1.41
172.00	46.50	55.75	75.88	-7.79	1.47
172.60	47.01	56.05	76.48	-11.23	1.55
173.20	47.33	56.07	77.12	-12.04	1.57
173.80	47.16	54.88	75.82	-1.32	1.39
174.40	45.82	53.52	74.87	3.77	1.31
175.00	44.47	52.51	74.57	1.53	1.36
175.60	44.77	52.72	75.47	-5.16	1.50
176.20	45.21	52.92	75.68	-8.98	1.58
176.80	45.43	52.74	73.59	-4.60	1.47
177.40	45.91	53.74	73.38	-1.97	1.38
178.00	46.36	54.51	74.32	-0.51	1.34
178.60	46.69	54.33	75.43	1.20	1.33
=======
TIEMPO	VFSCd	VFSCi	PAMn	PCC	RAP
0.40	48.09	59.25	82.57	5.05	1.27
1.00	49.61	59.09	82.43	-6.13	1.49
1.60	50.19	58.67	81.47	-9.96	1.55
2.20	49.88	58.00	79.64	-5.69	1.46
2.80	48.16	56.95	77.84	-4.67	1.42
3.40	47.31	55.82	76.41	-3.35	1.39
4.00	47.29	54.70	75.46	0.42	1.33
4.60	46.26	53.91	75.36	3.17	1.31
5.20	45.06	53.11	75.05	3.70	1.32
5.80	44.03	52.24	73.64	-0.03	1.38
6.40	43.21	50.63	72.63	0.75	1.40
7.00	42.44	49.52	72.01	3.22	1.38
7.60	41.59	49.76	71.72	2.18	1.39
8.20	41.19	49.83	71.54	2.75	1.36
8.80	41.28	49.76	71.23	7.20	1.28
9.40	41.71	51.30	72.02	6.86	1.26
10.00	42.45	52.89	73.22	5.01	1.28
10.60	43.49	53.70	74.18	4.58	1.33
11.20	44.11	54.98	75.41	4.11	1.24
11.80	44.59	56.21	76.64	4.75	1.15
12.40	45.15	57.02	77.56	8.95	1.17
13.00	45.43	57.68	78.74	-0.46	1.35
13.60	46.05	58.89	80.05	-6.23	1.44
14.20	46.87	60.30	81.57	4.11	1.27
14.80	46.57	60.11	81.05	6.94	1.23
15.40	46.72	59.10	80.48	8.82	1.20
16.00	46.53	58.02	79.80	8.04	1.22
16.60	46.13	57.61	78.44	1.84	1.32
17.20	47.35	59.75	79.15	1.63	1.30
17.80	48.44	60.37	78.65	3.59	1.20
18.40	49.14	60.43	77.82	5.52	1.17
19.00	49.40	60.85	78.24	8.49	1.43
19.60	49.48	60.36	77.23	-0.50	1.46
20.20	50.69	61.32	76.75	-8.38	1.38
20.80	52.67	63.52	78.77	-4.96	1.30
21.40	52.60	63.04	78.00	1.99	1.18
22.00	51.47	62.97	77.45	-0.14	1.21
22.60	50.50	63.00	77.55	-9.28	1.34
23.20	50.31	62.51	77.84	-10.45	1.49
23.80	52.74	63.79	79.17	-10.50	1.45
24.40	53.86	63.99	79.64	-8.18	1.35
25.00	52.86	62.61	78.00	-2.08	1.26
25.60	51.38	61.85	77.91	0.79	1.23
26.20	50.26	61.00	77.93	1.18	1.24
26.80	49.82	59.85	77.33	-1.65	1.29
27.40	48.64	59.05	76.58	-1.06	1.29
28.00	47.48	58.39	75.81	2.52	1.25
28.60	47.16	57.89	75.72	7.56	1.16
29.20	46.43	56.82	75.56	8.17	1.17
29.80	45.48	55.30	75.24	4.47	1.26
30.40	44.71	53.00	75.54	6.14	1.28
31.00	43.87	51.08	75.48	8.80	1.28
31.60	42.88	49.65	74.29	11.06	1.26
32.20	42.43	50.16	75.11	7.18	1.35
32.80	42.33	50.92	76.72	2.32	1.45
33.40	42.35	50.74	77.79	1.76	1.35
34.00	43.19	51.05	79.07	1.64	1.30
34.60	43.57	50.87	80.43	1.44	1.32
35.20	41.97	48.87	79.80	3.24	1.46
35.80	41.35	48.17	79.33	3.85	1.55
36.40	41.60	48.70	79.50	2.79	1.56
37.00	41.30	49.32	78.52	0.10	1.57
37.60	40.87	49.83	77.23	-2.22	1.57
38.20	40.38	50.07	76.64	-0.70	1.52
38.80	40.50	50.40	75.80	-0.16	1.49
39.40	41.21	50.89	74.19	-2.16	1.49
40.00	41.92	51.91	73.86	-2.81	1.47
40.60	42.88	53.13	74.14	-1.56	1.42
41.20	44.28	54.42	74.43	5.81	1.26
41.80	45.42	55.11	75.08	6.92	1.23
42.40	46.22	55.43	76.12	0.32	1.36
43.00	46.64	55.80	76.71	5.61	1.26
43.60	46.89	56.63	77.49	8.40	1.21
44.20	47.10	57.42	78.46	7.20	1.23
44.80	47.23	57.87	79.56	6.88	1.25
45.40	47.82	57.64	80.09	4.03	1.31
46.00	48.68	57.41	80.17	0.00	1.38
46.60	49.74	57.77	81.24	5.70	1.29
47.20	48.74	57.28	81.28	8.46	1.26
47.80	47.53	56.79	80.66	7.96	1.28
48.40	47.74	57.13	80.25	1.95	1.36
49.00	47.47	57.06	79.46	-1.77	1.40
49.60	46.43	56.53	78.04	-1.17	1.38
50.20	45.77	56.68	77.05	-0.02	1.34
50.80	43.89	56.45	76.15	0.18	1.33
51.40	40.14	55.33	75.07	-1.87	1.36
52.00	37.85	55.60	74.32	-2.61	1.36
52.60	37.24	56.38	73.94	-1.72	1.33
53.20	39.41	56.79	73.40	-1.68	1.31
53.80	41.58	57.05	72.98	-1.11	1.28
54.40	42.50	57.26	72.80	2.35	1.21
55.00	43.71	58.01	73.18	3.11	1.20
55.60	45.03	58.89	74.15	0.38	1.24
56.20	45.09	57.87	74.26	5.18	1.17
56.80	45.13	57.10	74.34	8.37	1.14
57.40	45.39	56.94	74.84	5.00	1.22
58.00	45.22	56.98	75.85	1.79	1.30
58.60	45.17	56.94	77.06	-0.45	1.35
59.20	45.85	56.30	77.67	-0.68	1.38
59.80	46.39	56.59	78.18	-2.58	1.42
60.40	46.67	57.24	78.75	-7.54	1.48
61.00	46.67	56.77	78.90	0.01	1.36
61.60	46.53	56.26	78.85	5.55	1.28
62.20	46.31	55.84	78.68	6.66	1.28
62.80	46.06	55.37	78.17	3.98	1.33
63.40	46.02	55.32	77.73	1.03	1.37
64.00	46.44	56.00	77.80	-0.74	1.37
64.60	46.47	56.75	77.21	3.06	1.30
65.20	46.23	57.36	76.53	5.94	1.24
65.80	45.69	57.72	77.07	-7.23	1.44
66.40	46.07	57.60	76.73	-9.87	1.47
67.00	46.31	57.23	75.26	0.98	1.29
67.60	43.02	57.17	74.73	0.31	1.29
68.20	40.18	57.12	74.37	-1.61	1.31
68.80	38.34	57.10	73.68	1.08	1.26
69.40	37.16	57.62	73.66	-1.11	1.28
70.00	36.57	58.22	73.84	-4.48	1.32
70.60	36.93	58.71	73.41	-6.59	1.35
71.20	36.41	58.64	73.32	-4.90	1.32
71.80	35.57	58.00	73.60	0.01	1.25
72.40	35.10	56.73	72.77	3.93	1.19
73.00	34.64	55.67	71.99	5.71	1.17
73.60	34.16	54.92	71.52	4.54	1.21
74.20	33.72	54.74	71.06	3.42	1.23
74.80	33.35	54.84	70.69	2.37	1.23
75.40	32.89	54.82	70.24	3.37	1.20
76.00	33.04	55.17	70.18	4.57	1.18
76.60	34.29	56.27	71.51	2.44	1.21
77.20	34.50	56.88	72.44	3.04	1.21
77.80	34.07	57.13	72.65	7.40	1.13
78.40	35.18	58.42	73.99	9.42	1.10
79.00	35.38	58.20	74.88	10.26	1.10
79.60	35.25	57.34	74.82	10.33	1.11
80.20	35.60	57.29	75.38	7.52	1.17
80.80	36.43	57.26	75.45	4.55	1.22
81.40	37.78	56.90	74.14	2.97	1.23
82.00	39.37	57.61	73.58	1.90	1.23
82.60	40.93	58.86	73.82	1.24	1.22
83.20	42.22	60.26	75.11	-0.14	1.26
83.80	43.64	61.96	76.13	0.01	1.24
84.40	44.96	63.63	76.60	2.29	1.16
85.00	44.55	63.68	76.58	3.92	1.12
85.60	44.20	63.58	76.23	4.38	1.11
86.20	44.15	63.42	75.60	3.50	1.12
86.80	44.32	62.48	75.34	1.25	1.17
87.40	44.51	62.10	75.27	-1.80	1.23
88.00	44.50	62.70	75.11	-7.28	1.30
88.60	45.45	64.81	75.53	-8.06	1.28
89.20	46.35	66.27	76.34	-4.51	1.20
89.80	46.41	65.24	76.16	-4.99	1.22
90.40	45.72	63.92	75.54	-3.45	1.21
91.00	45.11	62.45	74.77	-0.09	1.17
91.60	45.21	60.54	75.10	2.77	1.17
92.20	44.99	59.39	74.93	1.82	1.21
92.80	45.08	59.16	74.07	-2.80	1.28
93.40	47.41	60.14	75.24	-6.25	1.34
94.00	47.05	60.24	75.74	-7.19	1.36
94.60	46.49	60.28	75.80	-7.11	1.37
95.20	47.57	60.87	77.74	-13.26	1.47
95.80	47.36	61.12	77.77	-9.29	1.40
96.40	46.95	60.84	77.18	-4.93	1.34
97.00	46.80	60.11	77.13	-9.39	1.43
97.60	47.19	59.97	77.90	-3.41	1.34
98.20	46.10	58.75	77.34	-1.27	1.30
98.80	44.58	57.23	75.11	-6.29	1.38
99.40	43.77	56.30	74.35	-3.08	1.35
100.00	43.23	55.18	72.76	-2.14	1.33
100.60	42.73	54.02	71.16	-2.73	1.34
101.20	42.22	52.86	70.30	-4.03	1.39
101.80	42.18	53.11	68.88	-1.59	1.32
102.40	42.77	54.33	68.03	-0.80	1.25
103.00	43.78	56.12	68.96	-7.55	1.34
103.60	44.19	57.69	69.66	-10.53	1.37
104.20	43.98	58.61	70.90	-9.64	1.35
104.80	44.03	58.86	72.24	-8.20	1.33
105.40	44.74	58.65	72.50	-11.66	1.42
106.00	45.55	59.24	73.70	-12.15	1.43
106.60	46.09	59.02	75.06	-9.41	1.40
107.20	46.00	58.32	75.91	-7.51	1.41
107.80	45.19	57.33	75.94	-8.74	1.45
108.40	43.63	55.38	75.66	-9.05	1.49
109.00	42.18	54.57	75.02	-8.10	1.49
109.60	41.24	54.39	74.07	-6.18	1.47
110.20	41.17	54.10	72.80	-4.69	1.40
110.80	41.33	53.91	71.91	-6.23	1.41
111.40	41.53	53.78	71.73	-13.37	1.57
112.00	40.81	53.73	70.62	-7.81	1.44
112.60	40.61	53.18	69.43	-3.18	1.32
113.20	40.98	52.53	68.57	-6.85	1.40
113.80	40.80	53.17	69.07	-6.90	1.41
114.40	41.62	54.65	70.04	-6.44	1.40
115.00	43.43	56.78	71.16	-8.10	1.38
115.60	44.18	56.87	71.98	-6.17	1.35
116.20	43.61	56.66	72.55	-2.58	1.30
116.80	42.28	56.48	72.86	1.78	1.23
117.40	42.12	56.80	74.02	0.54	1.27
118.00	41.75	56.40	74.59	-0.55	1.31
118.60	41.26	55.45	73.56	1.60	1.27
119.20	42.76	56.58	74.03	3.61	1.24
119.80	43.25	56.27	74.26	3.71	1.23
120.40	43.28	55.55	73.81	1.74	1.27
121.00	43.67	55.60	74.32	0.79	1.30
121.60	44.22	56.36	74.87	-0.99	1.33
122.20	44.86	57.64	75.05	-3.81	1.37
122.80	45.84	59.34	75.34	-9.48	1.42
123.40	45.33	59.06	75.19	-10.13	1.40
124.00	45.01	58.44	74.66	-6.52	1.34
124.60	46.61	58.83	74.14	-5.40	1.44
125.20	46.06	59.07	73.96	-6.87	1.46
125.80	45.54	59.10	74.07	-9.95	1.41
126.40	47.09	58.93	71.93	-13.25	1.42
127.00	48.33	59.32	73.16	-9.45	1.37
127.60	49.03	59.72	75.23	-4.15	1.30
128.20	49.15	59.57	75.48	-3.67	1.30
128.80	48.57	57.79	74.46	-0.57	1.27
129.40	46.65	55.64	73.68	1.75	1.27
130.00	45.03	54.34	73.32	2.33	1.29
130.60	44.79	54.70	73.12	-2.09	1.36
131.20	45.23	55.12	73.20	-6.16	1.42
131.80	45.45	55.13	73.43	-8.40	1.47
132.40	44.71	54.41	72.65	-1.70	1.34
133.00	45.14	54.72	72.74	0.82	1.29
133.60	45.47	55.06	73.20	0.60	1.28
134.20	44.72	54.52	72.33	5.87	1.20
134.80	44.92	55.55	72.96	-0.15	1.31
135.40	45.51	56.46	73.59	-5.66	1.40
136.00	46.38	56.16	72.68	0.99	1.25
136.60	46.31	57.03	73.33	-0.91	1.28
137.20	45.95	57.49	74.05	-2.80	1.32
137.80	45.81	57.59	73.81	1.49	1.23
138.40	47.65	58.65	75.11	-0.09	1.27
139.00	48.22	58.99	76.17	-0.83	1.29
139.60	48.46	59.76	76.51	1.18	1.26
140.20	50.35	63.19	78.68	-1.64	1.24
140.80	51.13	63.63	80.51	-2.39	1.42
141.40	50.04	62.44	79.47	-2.79	1.42
142.00	49.00	61.18	77.80	-1.39	1.28
142.60	48.86	60.44	78.31	6.12	1.18
143.20	45.71	59.18	76.48	4.13	1.21
143.80	45.80	58.96	75.23	-0.47	1.27
144.40	46.94	59.48	75.30	-4.21	1.31
145.00	46.93	60.37	74.76	-5.20	1.30
145.60	46.82	59.91	74.49	-3.06	1.23
146.20	46.84	59.30	74.53	0.24	1.21
146.80	46.69	58.97	74.53	0.97	1.46
147.40	48.55	60.98	75.16	-0.14	1.36
148.00	49.81	62.32	75.92	-5.57	1.29
148.60	50.13	62.25	76.33	-12.83	1.41
149.20	50.02	60.85	75.49	-1.99	1.24
149.80	48.74	59.05	75.23	-0.98	1.26
150.40	48.25	57.78	75.14	-3.44	1.33
151.00	48.82	57.14	74.85	-1.63	1.30
151.60	46.92	55.67	73.59	-0.12	1.29
152.20	45.77	54.48	72.66	-0.24	1.31
152.80	45.64	53.71	72.85	-3.36	1.40
153.40	45.53	53.22	72.68	-4.99	1.44
154.00	45.27	52.96	72.33	-5.10	1.43
154.60	44.71	52.80	71.62	-2.59	1.38
155.20	45.20	53.88	71.80	-0.95	1.34
155.80	45.72	54.56	72.54	-0.09	1.32
156.40	45.53	53.24	72.44	0.94	1.31
157.00	44.81	52.37	73.25	5.68	1.27
157.60	44.14	51.79	74.86	13.11	1.19
158.20	43.88	51.32	74.44	-2.22	1.47
158.80	44.32	51.29	74.91	-5.86	1.55
159.40	44.93	51.50	76.61	6.56	1.36
160.00	45.18	51.85	77.38	0.86	1.48
160.60	45.53	51.85	77.65	-4.53	1.58
161.20	45.75	51.63	77.54	-6.36	1.60
161.80	43.98	51.58	76.65	-7.39	1.61
162.40	43.38	51.62	76.05	-8.49	1.61
163.00	44.21	51.82	76.27	-10.77	1.67
163.60	45.44	52.91	76.82	-8.49	1.61
164.20	46.07	53.89	76.95	-4.59	1.50
164.80	45.71	54.41	76.13	-0.96	1.39
165.40	45.37	54.26	75.79	1.83	1.34
166.00	45.48	54.07	75.89	1.66	1.36
166.60	46.12	53.97	76.35	-3.04	1.46
167.20	45.83	54.05	76.16	-3.77	1.45
167.80	46.01	54.15	75.94	-3.79	1.44
168.40	47.10	54.25	76.54	-7.54	1.54
169.00	46.67	54.00	76.19	-6.14	1.47
169.60	46.46	54.13	75.97	-3.96	1.46
170.20	47.06	54.84	76.81	-3.76	1.72
170.80	46.77	55.65	76.63	-3.28	1.68
171.40	46.39	56.11	75.66	-2.89	1.41
172.00	46.50	55.75	75.88	-7.79	1.47
172.60	47.01	56.05	76.48	-11.23	1.55
173.20	47.33	56.07	77.12	-12.04	1.57
173.80	47.16	54.88	75.82	-1.32	1.39
174.40	45.82	53.52	74.87	3.77	1.31
175.00	44.47	52.51	74.57	1.53	1.36
175.60	44.77	52.72	75.47	-5.16	1.50
176.20	45.21	52.92	75.68	-8.98	1.58
176.80	45.43	52.74	73.59	-4.60	1.47
177.40	45.91	53.74	73.38	-1.97	1.38
178.00	46.36	54.51	74.32	-0.51	1.34
178.60	46.69	54.33	75.43	1.20	1.33
>>>>>>> 4966aae922150d281e7f47d431009d8054258bc0
=======
TIEMPO	VFSCd	VFSCi	PAMn	PCC	RAP
0.40	48.09	59.25	82.57	5.05	1.27
1.00	49.61	59.09	82.43	-6.13	1.49
1.60	50.19	58.67	81.47	-9.96	1.55
2.20	49.88	58.00	79.64	-5.69	1.46
2.80	48.16	56.95	77.84	-4.67	1.42
3.40	47.31	55.82	76.41	-3.35	1.39
4.00	47.29	54.70	75.46	0.42	1.33
4.60	46.26	53.91	75.36	3.17	1.31
5.20	45.06	53.11	75.05	3.70	1.32
5.80	44.03	52.24	73.64	-0.03	1.38
6.40	43.21	50.63	72.63	0.75	1.40
7.00	42.44	49.52	72.01	3.22	1.38
7.60	41.59	49.76	71.72	2.18	1.39
8.20	41.19	49.83	71.54	2.75	1.36
8.80	41.28	49.76	71.23	7.20	1.28
9.40	41.71	51.30	72.02	6.86	1.26
10.00	42.45	52.89	73.22	5.01	1.28
10.60	43.49	53.70	74.18	4.58	1.33
11.20	44.11	54.98	75.41	4.11	1.24
11.80	44.59	56.21	76.64	4.75	1.15
12.40	45.15	57.02	77.56	8.95	1.17
13.00	45.43	57.68	78.74	-0.46	1.35
13.60	46.05	58.89	80.05	-6.23	1.44
14.20	46.87	60.30	81.57	4.11	1.27
14.80	46.57	60.11	81.05	6.94	1.23
15.40	46.72	59.10	80.48	8.82	1.20
16.00	46.53	58.02	79.80	8.04	1.22
16.60	46.13	57.61	78.44	1.84	1.32
17.20	47.35	59.75	79.15	1.63	1.30
17.80	48.44	60.37	78.65	3.59	1.20
18.40	49.14	60.43	77.82	5.52	1.17
19.00	49.40	60.85	78.24	8.49	1.43
19.60	49.48	60.36	77.23	-0.50	1.46
20.20	50.69	61.32	76.75	-8.38	1.38
20.80	52.67	63.52	78.77	-4.96	1.30
21.40	52.60	63.04	78.00	1.99	1.18
22.00	51.47	62.97	77.45	-0.14	1.21
22.60	50.50	63.00	77.55	-9.28	1.34
23.20	50.31	62.51	77.84	-10.45	1.49
23.80	52.74	63.79	79.17	-10.50	1.45
24.40	53.86	63.99	79.64	-8.18	1.35
25.00	52.86	62.61	78.00	-2.08	1.26
25.60	51.38	61.85	77.91	0.79	1.23
26.20	50.26	61.00	77.93	1.18	1.24
26.80	49.82	59.85	77.33	-1.65	1.29
27.40	48.64	59.05	76.58	-1.06	1.29
28.00	47.48	58.39	75.81	2.52	1.25
28.60	47.16	57.89	75.72	7.56	1.16
29.20	46.43	56.82	75.56	8.17	1.17
29.80	45.48	55.30	75.24	4.47	1.26
30.40	44.71	53.00	75.54	6.14	1.28
31.00	43.87	51.08	75.48	8.80	1.28
31.60	42.88	49.65	74.29	11.06	1.26
32.20	42.43	50.16	75.11	7.18	1.35
32.80	42.33	50.92	76.72	2.32	1.45
33.40	42.35	50.74	77.79	1.76	1.35
34.00	43.19	51.05	79.07	1.64	1.30
34.60	43.57	50.87	80.43	1.44	1.32
35.20	41.97	48.87	79.80	3.24	1.46
35.80	41.35	48.17	79.33	3.85	1.55
36.40	41.60	48.70	79.50	2.79	1.56
37.00	41.30	49.32	78.52	0.10	1.57
37.60	40.87	49.83	77.23	-2.22	1.57
38.20	40.38	50.07	76.64	-0.70	1.52
38.80	40.50	50.40	75.80	-0.16	1.49
39.40	41.21	50.89	74.19	-2.16	1.49
40.00	41.92	51.91	73.86	-2.81	1.47
40.60	42.88	53.13	74.14	-1.56	1.42
41.20	44.28	54.42	74.43	5.81	1.26
41.80	45.42	55.11	75.08	6.92	1.23
42.40	46.22	55.43	76.12	0.32	1.36
43.00	46.64	55.80	76.71	5.61	1.26
43.60	46.89	56.63	77.49	8.40	1.21
44.20	47.10	57.42	78.46	7.20	1.23
44.80	47.23	57.87	79.56	6.88	1.25
45.40	47.82	57.64	80.09	4.03	1.31
46.00	48.68	57.41	80.17	0.00	1.38
46.60	49.74	57.77	81.24	5.70	1.29
47.20	48.74	57.28	81.28	8.46	1.26
47.80	47.53	56.79	80.66	7.96	1.28
48.40	47.74	57.13	80.25	1.95	1.36
49.00	47.47	57.06	79.46	-1.77	1.40
49.60	46.43	56.53	78.04	-1.17	1.38
50.20	45.77	56.68	77.05	-0.02	1.34
50.80	43.89	56.45	76.15	0.18	1.33
51.40	40.14	55.33	75.07	-1.87	1.36
52.00	37.85	55.60	74.32	-2.61	1.36
52.60	37.24	56.38	73.94	-1.72	1.33
53.20	39.41	56.79	73.40	-1.68	1.31
53.80	41.58	57.05	72.98	-1.11	1.28
54.40	42.50	57.26	72.80	2.35	1.21
55.00	43.71	58.01	73.18	3.11	1.20
55.60	45.03	58.89	74.15	0.38	1.24
56.20	45.09	57.87	74.26	5.18	1.17
56.80	45.13	57.10	74.34	8.37	1.14
57.40	45.39	56.94	74.84	5.00	1.22
58.00	45.22	56.98	75.85	1.79	1.30
58.60	45.17	56.94	77.06	-0.45	1.35
59.20	45.85	56.30	77.67	-0.68	1.38
59.80	46.39	56.59	78.18	-2.58	1.42
60.40	46.67	57.24	78.75	-7.54	1.48
61.00	46.67	56.77	78.90	0.01	1.36
61.60	46.53	56.26	78.85	5.55	1.28
62.20	46.31	55.84	78.68	6.66	1.28
62.80	46.06	55.37	78.17	3.98	1.33
63.40	46.02	55.32	77.73	1.03	1.37
64.00	46.44	56.00	77.80	-0.74	1.37
64.60	46.47	56.75	77.21	3.06	1.30
65.20	46.23	57.36	76.53	5.94	1.24
65.80	45.69	57.72	77.07	-7.23	1.44
66.40	46.07	57.60	76.73	-9.87	1.47
67.00	46.31	57.23	75.26	0.98	1.29
67.60	43.02	57.17	74.73	0.31	1.29
68.20	40.18	57.12	74.37	-1.61	1.31
68.80	38.34	57.10	73.68	1.08	1.26
69.40	37.16	57.62	73.66	-1.11	1.28
70.00	36.57	58.22	73.84	-4.48	1.32
70.60	36.93	58.71	73.41	-6.59	1.35
71.20	36.41	58.64	73.32	-4.90	1.32
71.80	35.57	58.00	73.60	0.01	1.25
72.40	35.10	56.73	72.77	3.93	1.19
73.00	34.64	55.67	71.99	5.71	1.17
73.60	34.16	54.92	71.52	4.54	1.21
74.20	33.72	54.74	71.06	3.42	1.23
74.80	33.35	54.84	70.69	2.37	1.23
75.40	32.89	54.82	70.24	3.37	1.20
76.00	33.04	55.17	70.18	4.57	1.18
76.60	34.29	56.27	71.51	2.44	1.21
77.20	34.50	56.88	72.44	3.04	1.21
77.80	34.07	57.13	72.65	7.40	1.13
78.40	35.18	58.42	73.99	9.42	1.10
79.00	35.38	58.20	74.88	10.26	1.10
79.60	35.25	57.34	74.82	10.33	1.11
80.20	35.60	57.29	75.38	7.52	1.17
80.80	36.43	57.26	75.45	4.55	1.22
81.40	37.78	56.90	74.14	2.97	1.23
82.00	39.37	57.61	73.58	1.90	1.23
82.60	40.93	58.86	73.82	1.24	1.22
83.20	42.22	60.26	75.11	-0.14	1.26
83.80	43.64	61.96	76.13	0.01	1.24
84.40	44.96	63.63	76.60	2.29	1.16
85.00	44.55	63.68	76.58	3.92	1.12
85.60	44.20	63.58	76.23	4.38	1.11
86.20	44.15	63.42	75.60	3.50	1.12
86.80	44.32	62.48	75.34	1.25	1.17
87.40	44.51	62.10	75.27	-1.80	1.23
88.00	44.50	62.70	75.11	-7.28	1.30
88.60	45.45	64.81	75.53	-8.06	1.28
89.20	46.35	66.27	76.34	-4.51	1.20
89.80	46.41	65.24	76.16	-4.99	1.22
90.40	45.72	63.92	75.54	-3.45	1.21
91.00	45.11	62.45	74.77	-0.09	1.17
91.60	45.21	60.54	75.10	2.77	1.17
92.20	44.99	59.39	74.93	1.82	1.21
92.80	45.08	59.16	74.07	-2.80	1.28
93.40	47.41	60.14	75.24	-6.25	1.34
94.00	47.05	60.24	75.74	-7.19	1.36
94.60	46.49	60.28	75.80	-7.11	1.37
95.20	47.57	60.87	77.74	-13.26	1.47
95.80	47.36	61.12	77.77	-9.29	1.40
96.40	46.95	60.84	77.18	-4.93	1.34
97.00	46.80	60.11	77.13	-9.39	1.43
97.60	47.19	59.97	77.90	-3.41	1.34
98.20	46.10	58.75	77.34	-1.27	1.30
98.80	44.58	57.23	75.11	-6.29	1.38
99.40	43.77	56.30	74.35	-3.08	1.35
100.00	43.23	55.18	72.76	-2.14	1.33
100.60	42.73	54.02	71.16	-2.73	1.34
101.20	42.22	52.86	70.30	-4.03	1.39
101.80	42.18	53.11	68.88	-1.59	1.32
102.40	42.77	54.33	68.03	-0.80	1.25
103.00	43.78	56.12	68.96	-7.55	1.34
103.60	44.19	57.69	69.66	-10.53	1.37
104.20	43.98	58.61	70.90	-9.64	1.35
104.80	44.03	58.86	72.24	-8.20	1.33
105.40	44.74	58.65	72.50	-11.66	1.42
106.00	45.55	59.24	73.70	-12.15	1.43
106.60	46.09	59.02	75.06	-9.41	1.40
107.20	46.00	58.32	75.91	-7.51	1.41
107.80	45.19	57.33	75.94	-8.74	1.45
108.40	43.63	55.38	75.66	-9.05	1.49
109.00	42.18	54.57	75.02	-8.10	1.49
109.60	41.24	54.39	74.07	-6.18	1.47
110.20	41.17	54.10	72.80	-4.69	1.40
110.80	41.33	53.91	71.91	-6.23	1.41
111.40	41.53	53.78	71.73	-13.37	1.57
112.00	40.81	53.73	70.62	-7.81	1.44
112.60	40.61	53.18	69.43	-3.18	1.32
113.20	40.98	52.53	68.57	-6.85	1.40
113.80	40.80	53.17	69.07	-6.90	1.41
114.40	41.62	54.65	70.04	-6.44	1.40
115.00	43.43	56.78	71.16	-8.10	1.38
115.60	44.18	56.87	71.98	-6.17	1.35
116.20	43.61	56.66	72.55	-2.58	1.30
116.80	42.28	56.48	72.86	1.78	1.23
117.40	42.12	56.80	74.02	0.54	1.27
118.00	41.75	56.40	74.59	-0.55	1.31
118.60	41.26	55.45	73.56	1.60	1.27
119.20	42.76	56.58	74.03	3.61	1.24
119.80	43.25	56.27	74.26	3.71	1.23
120.40	43.28	55.55	73.81	1.74	1.27
121.00	43.67	55.60	74.32	0.79	1.30
121.60	44.22	56.36	74.87	-0.99	1.33
122.20	44.86	57.64	75.05	-3.81	1.37
122.80	45.84	59.34	75.34	-9.48	1.42
123.40	45.33	59.06	75.19	-10.13	1.40
124.00	45.01	58.44	74.66	-6.52	1.34
124.60	46.61	58.83	74.14	-5.40	1.44
125.20	46.06	59.07	73.96	-6.87	1.46
125.80	45.54	59.10	74.07	-9.95	1.41
126.40	47.09	58.93	71.93	-13.25	1.42
127.00	48.33	59.32	73.16	-9.45	1.37
127.60	49.03	59.72	75.23	-4.15	1.30
128.20	49.15	59.57	75.48	-3.67	1.30
128.80	48.57	57.79	74.46	-0.57	1.27
129.40	46.65	55.64	73.68	1.75	1.27
130.00	45.03	54.34	73.32	2.33	1.29
130.60	44.79	54.70	73.12	-2.09	1.36
131.20	45.23	55.12	73.20	-6.16	1.42
131.80	45.45	55.13	73.43	-8.40	1.47
132.40	44.71	54.41	72.65	-1.70	1.34
133.00	45.14	54.72	72.74	0.82	1.29
133.60	45.47	55.06	73.20	0.60	1.28
134.20	44.72	54.52	72.33	5.87	1.20
134.80	44.92	55.55	72.96	-0.15	1.31
135.40	45.51	56.46	73.59	-5.66	1.40
136.00	46.38	56.16	72.68	0.99	1.25
136.60	46.31	57.03	73.33	-0.91	1.28
137.20	45.95	57.49	74.05	-2.80	1.32
137.80	45.81	57.59	73.81	1.49	1.23
138.40	47.65	58.65	75.11	-0.09	1.27
139.00	48.22	58.99	76.17	-0.83	1.29
139.60	48.46	59.76	76.51	1.18	1.26
140.20	50.35	63.19	78.68	-1.64	1.24
140.80	51.13	63.63	80.51	-2.39	1.42
141.40	50.04	62.44	79.47	-2.79	1.42
142.00	49.00	61.18	77.80	-1.39	1.28
142.60	48.86	60.44	78.31	6.12	1.18
143.20	45.71	59.18	76.48	4.13	1.21
143.80	45.80	58.96	75.23	-0.47	1.27
144.40	46.94	59.48	75.30	-4.21	1.31
145.00	46.93	60.37	74.76	-5.20	1.30
145.60	46.82	59.91	74.49	-3.06	1.23
146.20	46.84	59.30	74.53	0.24	1.21
146.80	46.69	58.97	74.53	0.97	1.46
147.40	48.55	60.98	75.16	-0.14	1.36
148.00	49.81	62.32	75.92	-5.57	1.29
148.60	50.13	62.25	76.33	-12.83	1.41
149.20	50.02	60.85	75.49	-1.99	1.24
149.80	48.74	59.05	75.23	-0.98	1.26
150.40	48.25	57.78	75.14	-3.44	1.33
151.00	48.82	57.14	74.85	-1.63	1.30
151.60	46.92	55.67	73.59	-0.12	1.29
152.20	45.77	54.48	72.66	-0.24	1.31
152.80	45.64	53.71	72.85	-3.36	1.40
153.40	45.53	53.22	72.68	-4.99	1.44
154.00	45.27	52.96	72.33	-5.10	1.43
154.60	44.71	52.80	71.62	-2.59	1.38
155.20	45.20	53.88	71.80	-0.95	1.34
155.80	45.72	54.56	72.54	-0.09	1.32
156.40	45.53	53.24	72.44	0.94	1.31
157.00	44.81	52.37	73.25	5.68	1.27
157.60	44.14	51.79	74.86	13.11	1.19
158.20	43.88	51.32	74.44	-2.22	1.47
158.80	44.32	51.29	74.91	-5.86	1.55
159.40	44.93	51.50	76.61	6.56	1.36
160.00	45.18	51.85	77.38	0.86	1.48
160.60	45.53	51.85	77.65	-4.53	1.58
161.20	45.75	51.63	77.54	-6.36	1.60
161.80	43.98	51.58	76.65	-7.39	1.61
162.40	43.38	51.62	76.05	-8.49	1.61
163.00	44.21	51.82	76.27	-10.77	1.67
163.60	45.44	52.91	76.82	-8.49	1.61
164.20	46.07	53.89	76.95	-4.59	1.50
164.80	45.71	54.41	76.13	-0.96	1.39
165.40	45.37	54.26	75.79	1.83	1.34
166.00	45.48	54.07	75.89	1.66	1.36
166.60	46.12	53.97	76.35	-3.04	1.46
167.20	45.83	54.05	76.16	-3.77	1.45
167.80	46.01	54.15	75.94	-3.79	1.44
168.40	47.10	54.25	76.54	-7.54	1.54
169.00	46.67	54.00	76.19	-6.14	1.47
169.60	46.46	54.13	75.97	-3.96	1.46
170.20	47.06	54.84	76.81	-3.76	1.72
170.80	46.77	55.65	76.63	-3.28	1.68
171.40	46.39	56.11	75.66	-2.89	1.41
172.00	46.50	55.75	75.88	-7.79	1.47
172.60	47.01	56.05	76.48	-11.23	1.55
173.20	47.33	56.07	77.12	-12.04	1.57
173.80	47.16	54.88	75.82	-1.32	1.39
174.40	45.82	53.52	74.87	3.77	1.31
175.00	44.47	52.51	74.57	1.53	1.36
175.60	44.77	52.72	75.47	-5.16	1.50
176.20	45.21	52.92	75.68	-8.98	1.58
176.80	45.43	52.74	73.59	-4.60	1.47
177.40	45.91	53.74	73.38	-1.97	1.38
178.00	46.36	54.51	74.32	-0.51	1.34
178.60	46.69	54.33	75.43	1.20	1.33
>>>>>>> 4966aae922150d281e7f47d431009d8054258bc0
179.20	46.87	53.21	76.73	3.13	1.36