<<<<<<< HEAD
TIEMPO	VFSCd	VFSCi	PAMn	PCC	RAP
0.40	50.96	63.69	73.96	7.55	1.03
1.00	53.23	68.38	77.52	9.19	1.01
1.60	54.88	70.50	80.18	12.30	0.95
2.20	53.92	70.15	79.20	0.69	1.09
2.80	56.10	72.19	79.57	4.26	1.03
3.40	57.16	71.66	79.44	10.51	0.96
4.00	57.71	71.06	79.01	9.80	0.96
4.60	57.63	71.89	78.95	6.88	0.99
5.20	56.75	72.47	78.99	5.92	0.99
5.80	55.81	72.12	78.31	8.88	0.96
6.40	56.95	72.09	79.24	11.40	0.93
7.00	55.79	73.00	79.91	12.69	0.92
7.60	55.54	73.51	81.27	9.85	0.96
8.20	55.17	73.42	82.28	9.51	0.97
8.80	54.06	71.85	82.39	12.65	0.96
9.40	52.29	68.57	82.09	12.70	0.95
10.00	49.99	65.69	81.61	12.43	0.97
10.60	48.79	64.27	81.09	13.18	1.01
11.20	49.29	63.99	81.47	14.16	1.05
11.80	50.62	64.31	83.11	14.65	1.07
12.40	50.73	64.45	84.16	13.60	1.11
13.00	51.06	64.97	84.92	14.56	1.08
13.60	49.78	64.05	84.81	9.78	1.16
14.20	47.93	62.95	84.00	3.32	1.28
14.80	46.25	62.75	83.22	6.13	1.23
15.40	45.80	61.92	81.39	8.01	1.18
16.00	46.62	62.80	80.20	6.24	1.18
16.60	48.51	65.61	80.54	0.31	1.23
17.20	50.66	68.38	82.34	2.75	1.17
17.80	53.87	70.66	85.01	7.09	1.10
18.40	55.14	71.96	86.43	8.44	1.08
19.00	54.00	70.85	86.42	8.66	1.09
19.60	51.73	68.09	85.38	9.57	1.10
20.20	51.71	67.46	85.08	10.96	1.09
20.80	52.37	68.41	85.70	7.47	1.14
21.40	53.19	69.38	86.29	4.39	1.17
22.00	53.93	69.78	86.29	5.80	1.15
22.60	54.77	70.52	87.05	7.50	1.12
23.20	53.50	68.92	85.33	3.02	1.18
23.80	53.06	67.69	83.53	0.88	1.21
24.40	53.16	67.04	82.46	2.70	1.18
25.00	53.19	66.49	81.05	2.47	1.16
25.60	53.45	67.65	80.86	1.29	1.17
26.20	53.89	68.29	80.88	3.22	1.13
26.80	53.72	67.87	80.25	6.64	1.07
27.40	52.46	66.26	78.48	5.42	1.08
28.00	51.31	65.65	77.01	2.57	1.12
28.60	51.02	65.81	76.33	2.93	1.11
29.20	52.01	66.59	76.63	5.18	1.07
29.80	54.04	67.77	77.77	3.42	1.09
30.40	53.34	67.94	78.13	8.54	1.01
31.00	52.73	67.47	77.44	7.26	1.03
31.60	51.61	66.75	76.66	4.21	1.08
32.20	50.00	66.04	76.37	4.11	1.08
32.80	49.99	65.65	76.78	3.83	1.09
33.40	51.53	66.38	77.49	9.31	1.02
34.00	51.96	67.38	78.35	12.20	0.98
34.60	51.44	67.95	79.53	10.21	1.02
35.20	52.31	67.69	81.61	14.85	0.98
35.80	52.41	66.66	83.52	8.95	1.11
36.40	52.41	65.81	85.13	12.19	1.10
37.00	50.42	64.64	85.34	14.98	1.08
37.60	48.87	63.73	84.38	14.07	1.10
38.20	49.97	63.57	83.66	14.20	1.08
38.80	49.49	63.78	82.75	8.71	1.15
39.40	51.45	65.28	82.86	6.77	1.18
40.00	53.63	66.64	83.77	8.10	1.15
40.60	53.67	66.66	83.66	2.11	1.21
41.20	53.65	66.65	84.14	9.40	1.12
41.80	52.38	65.05	83.06	7.80	1.16
42.40	51.13	64.57	82.40	6.43	1.18
43.00	50.60	65.71	83.30	10.97	1.09
43.60	51.12	66.66	84.04	5.79	1.18
44.20	51.44	66.63	83.42	6.77	1.14
44.80	50.87	65.83	82.39	9.01	1.09
45.40	50.07	65.07	81.65	9.52	1.09
46.00	50.27	64.91	82.11	9.94	1.10
46.60	51.80	65.54	81.93	6.20	1.14
47.20	52.09	64.67	80.96	5.05	1.16
47.80	51.10	63.90	79.95	5.49	1.17
48.40	49.90	64.20	79.39	4.92	1.18
49.00	50.67	64.90	80.49	7.98	1.12
49.60	51.59	65.60	81.04	3.10	1.18
50.20	52.47	65.74	80.87	5.77	1.13
50.80	52.85	65.24	80.85	8.80	1.10
51.40	52.94	64.83	81.51	5.28	1.17
52.00	53.67	66.35	82.53	8.73	1.12
52.60	53.56	65.91	82.55	6.40	1.15
53.20	54.08	65.40	81.62	3.65	1.19
53.80	53.25	64.57	80.79	6.12	1.15
54.40	52.71	64.27	80.42	11.19	1.05
55.00	53.74	64.99	80.08	5.86	1.15
55.60	53.92	65.74	80.68	0.81	1.21
56.20	53.87	65.43	79.27	0.11	1.21
56.80	52.40	64.79	78.16	1.76	1.16
57.40	51.97	65.09	77.86	3.03	1.16
58.00	52.97	66.38	78.05	2.91	1.22
58.60	53.57	67.67	79.21	1.86	1.15
59.20	54.33	67.24	78.84	3.99	1.10
59.80	54.36	66.61	78.45	2.90	1.12
60.40	52.06	66.05	78.14	4.71	1.10
61.00	50.48	65.89	78.30	11.38	1.01
61.60	51.48	66.44	79.90	15.82	0.97
62.20	50.20	65.88	80.68	9.01	1.08
62.80	49.18	65.76	80.83	4.73	1.17
63.40	48.76	64.73	80.68	5.85	1.16
64.00	48.57	63.93	80.91	5.71	1.17
64.60	48.43	63.62	81.69	1.77	1.25
65.20	48.47	62.51	81.74	6.38	1.20
65.80	48.79	61.76	80.57	12.26	1.10
66.40	47.75	60.56	79.33	10.93	1.12
67.00	47.19	60.33	78.22	7.33	1.17
67.60	48.33	61.74	76.98	6.19	1.17
68.20	50.96	63.61	78.72	4.02	1.17
68.80	52.91	67.08	80.36	5.14	1.12
69.40	52.77	66.94	80.99	8.78	1.08
70.00	51.86	65.57	81.19	11.22	1.07
70.60	51.27	64.99	81.54	10.43	1.09
71.20	51.62	65.69	82.85	6.53	1.16
71.80	52.99	68.43	85.48	6.33	1.16
72.40	51.69	67.49	85.05	-3.01	1.31
73.00	51.03	67.41	84.07	4.41	1.18
73.60	50.72	66.88	84.15	11.85	1.08
74.20	50.81	66.64	85.06	9.15	1.14
74.80	51.39	67.06	85.79	9.25	1.14
75.40	51.88	66.04	86.32	12.38	1.11
76.00	51.68	64.79	85.18	9.62	1.16
76.60	50.69	62.90	83.68	8.63	1.17
77.20	50.31	61.24	82.44	9.31	1.17
77.80	50.81	61.55	82.00	9.37	1.19
78.40	52.08	63.77	83.05	5.62	1.20
79.00	54.28	65.16	84.10	5.35	1.05
79.60	54.42	64.11	84.45	4.87	1.05
80.20	52.68	63.13	84.18	9.82	1.12
80.80	51.70	62.22	84.62	7.94	1.22
81.40	52.66	62.96	86.30	8.61	1.22
82.00	53.77	63.10	86.86	9.01	1.23
82.60	53.80	62.13	85.62	5.57	1.29
83.20	52.84	61.77	84.49	4.45	1.29
83.80	52.13	63.45	85.22	-0.38	1.33
84.40	51.67	62.97	84.23	4.18	1.27
85.00	53.07	63.81	84.87	3.31	1.28
85.60	52.60	64.08	85.24	1.48	1.29
86.20	51.45	63.98	84.69	2.68	1.27
86.80	50.83	64.03	84.54	4.61	1.24
87.40	50.58	64.04	84.90	4.36	1.25
88.00	51.23	64.54	85.30	4.98	1.24
88.60	51.96	63.19	85.19	2.92	1.28
89.20	50.55	61.87	83.40	10.28	1.18
89.80	50.98	61.33	82.95	8.03	1.22
90.40	51.17	61.05	82.71	1.78	1.31
91.00	51.16	61.44	81.72	1.73	1.30
91.60	53.28	63.12	82.74	7.84	1.18
92.20	52.56	62.42	82.19	2.74	1.26
92.80	51.48	63.03	81.87	9.52	1.13
93.40	52.52	63.14	82.74	6.09	1.21
94.00	53.13	64.62	84.16	8.90	1.17
94.60	53.79	65.47	85.27	10.67	1.13
95.20	53.16	64.92	85.45	6.29	1.20
95.80	50.93	63.56	84.15	5.99	1.21
96.40	49.17	62.26	82.63	6.12	1.22
97.00	48.15	61.20	81.77	10.69	1.14
97.60	48.05	61.57	81.62	7.22	1.19
98.20	48.01	62.65	81.46	3.78	1.24
98.80	47.71	63.32	80.87	7.51	1.15
99.40	47.17	62.63	80.28	6.80	1.16
100.00	48.08	62.92	79.61	8.19	1.12
100.60	49.23	64.46	80.68	3.80	1.18
101.20	50.06	65.35	81.76	2.13	1.21
101.80	50.30	66.18	81.99	4.92	1.17
102.40	50.34	66.94	82.17	4.25	1.15
103.00	51.62	65.68	81.62	5.41	1.15
103.60	52.78	66.16	82.62	10.68	1.09
104.20	53.95	67.58	84.91	12.13	1.08
104.80	54.60	67.38	86.15	11.58	1.10
105.40	53.52	65.82	86.38	9.50	1.15
106.00	51.54	64.01	86.23	5.90	1.23
106.60	51.51	62.90	85.72	8.68	1.22
107.20	51.21	64.06	85.77	9.88	1.17
107.80	51.10	63.78	85.60	8.60	1.19
108.40	50.76	63.23	85.05	6.84	1.22
109.00	50.38	63.12	84.29	5.58	1.23
109.60	51.04	62.93	83.75	3.47	1.27
110.20	51.38	63.66	83.32	0.32	1.30
110.80	52.67	66.68	85.29	11.50	1.11
111.40	52.56	66.76	86.37	10.58	1.12
112.00	52.78	66.21	86.66	6.84	1.19
112.60	53.29	66.15	87.01	10.18	1.14
113.20	51.73	64.90	86.22	0.28	1.31
113.80	53.12	65.55	86.84	8.59	1.19
114.40	53.50	66.19	87.64	5.00	1.26
115.00	53.35	66.82	87.49	-0.15	1.32
115.60	52.33	66.14	86.61	2.02	1.27
116.20	50.45	63.96	85.41	12.02	1.14
116.80	48.65	61.91	84.25	7.00	1.24
117.40	48.45	62.70	83.76	12.56	1.14
118.00	49.17	63.20	82.76	6.25	1.21
118.60	49.95	63.03	81.49	-1.94	1.32
119.20	50.29	62.59	80.42	3.15	1.23
119.80	49.77	63.14	79.57	-0.36	1.27
120.40	50.46	63.09	78.78	-2.47	1.29
121.00	51.74	63.86	79.45	-1.02	1.26
121.60	54.20	65.74	81.79	4.38	1.17
122.20	55.64	68.28	84.50	8.81	1.11
122.80	54.92	68.90	86.39	7.17	1.13
123.40	54.33	66.52	86.52	12.12	1.11
124.00	52.79	65.10	86.66	4.74	1.25
124.60	51.60	63.86	86.29	6.42	1.23
125.20	50.36	62.70	85.66	4.72	1.27
125.80	49.31	62.70	84.70	2.21	1.34
126.40	48.39	63.06	83.40	2.60	1.36
127.00	47.03	60.89	81.97	7.59	1.23
127.60	46.99	60.47	80.61	7.96	1.21
128.20	47.10	60.09	79.68	6.56	1.21
128.80	47.74	60.59	79.50	6.07	1.20
129.40	48.54	62.06	80.33	7.50	1.17
130.00	48.07	62.98	81.12	5.83	1.19
130.60	48.33	62.68	79.68	9.72	1.12
131.20	49.17	62.74	80.00	8.55	1.12
131.80	48.21	64.27	80.88	7.20	1.14
132.40	50.58	65.07	82.84	7.25	1.16
133.00	50.46	66.30	84.30	9.71	1.12
133.60	49.18	65.75	84.40	11.28	1.10
134.20	48.55	63.66	83.62	9.81	1.15
134.80	48.37	62.55	82.71	11.59	1.14
135.40	49.61	61.26	82.49	-0.65	1.34
136.00	50.92	60.77	82.91	4.95	1.26
136.60	51.28	61.01	82.99	10.74	1.18
137.20	51.02	60.77	82.42	13.04	1.13
137.80	50.37	60.06	81.14	12.32	1.13
138.40	49.92	59.80	78.95	8.81	1.18
139.00	51.68	61.99	79.61	7.25	1.16
139.60	51.59	63.27	78.86	6.25	1.14
140.20	51.40	62.67	77.64	8.83	1.09
140.80	51.59	62.39	77.01	9.23	1.08
141.40	51.96	63.10	77.26	3.68	1.16
142.00	52.17	64.11	78.25	-0.61	1.24
142.60	53.33	66.84	79.63	2.30	1.16
143.20	54.76	68.05	81.76	2.31	1.15
143.80	53.99	67.79	82.39	1.24	1.18
144.40	53.76	66.91	81.93	4.62	1.15
145.00	53.85	66.51	81.94	5.73	1.13
145.60	53.80	66.97	82.82	6.25	1.13
146.20	53.83	67.28	83.89	8.96	1.12
146.80	53.91	66.80	84.53	4.55	1.19
147.40	53.84	67.39	85.27	-0.32	1.26
148.00	49.61	64.13	81.94	8.91	1.13
148.60	49.51	63.87	81.25	14.90	1.05
149.20	49.08	63.55	80.51	13.93	1.05
149.80	50.78	64.83	80.76	8.71	1.11
150.40	52.40	65.56	82.01	4.77	1.15
151.00	52.30	64.52	81.44	8.24	1.12
151.60	51.97	63.13	80.03	11.83	1.08
152.20	52.12	62.56	79.59	6.18	1.16
152.80	52.32	62.76	79.82	2.29	1.22
153.40	53.37	65.04	80.89	2.35	1.21
154.00	54.20	66.42	82.07	4.20	1.18
154.60	54.44	65.92	81.58	6.50	1.13
155.20	55.32	67.58	83.58	15.10	1.02
155.80	56.18	70.13	86.74	8.93	1.10
156.40	57.52	70.99	90.69	5.53	1.20
157.00	55.84	68.66	90.59	8.08	1.20
157.60	53.90	66.21	89.92	9.00	1.21
158.20	52.14	64.20	89.98	8.47	1.25
158.80	50.51	62.80	90.47	8.37	1.30
159.40	49.18	62.40	90.52	8.39	1.31
160.00	48.15	61.60	89.63	6.51	1.36
160.60	49.06	61.30	88.51	8.01	1.30
161.20	48.62	60.68	88.03	6.91	1.31
161.80	48.15	60.59	88.45	4.09	1.40
162.40	48.74	60.87	89.36	8.18	1.30
163.00	49.29	59.55	88.55	4.06	1.43
163.60	48.53	58.27	86.86	2.72	1.24
164.20	47.40	56.67	85.02	4.52	1.28
164.80	46.21	55.64	83.28	7.47	1.35
165.40	46.10	55.54	81.92	8.97	1.32
166.00	49.78	56.33	82.15	0.62	1.45
166.60	53.06	56.92	81.74	1.54	1.41
167.20	50.98	56.91	80.34	0.76	1.40
167.80	47.72	56.56	78.77	0.58	1.36
168.40	45.88	56.35	77.52	4.59	1.26
169.00	45.81	56.92	76.52	4.97	1.51
169.60	44.79	57.92	75.98	5.30	1.38
170.20	44.31	58.17	75.42	5.88	1.19
170.80	45.15	58.07	74.80	5.53	1.17
171.40	48.56	59.48	75.41	-1.61	1.29
172.00	48.31	60.45	75.94	12.61	1.05
172.60	48.04	61.36	76.11	6.98	1.12
173.20	48.34	61.78	76.05	-1.18	1.25
173.80	49.26	61.92	76.02	8.38	1.09
174.40	51.39	63.42	77.10	0.48	1.20
175.00	51.87	63.53	77.42	-1.94	1.28
175.60	52.34	64.14	77.56	-1.36	1.25
176.20	52.61	64.56	77.34	-0.71	1.19
176.80	52.60	64.56	76.25	-0.42	1.19
177.40	53.25	65.73	76.59	-1.91	1.20
178.00	53.75	67.15	76.73	2.54	1.10
178.60	55.31	68.65	77.87	7.04	1.05
=======
TIEMPO	VFSCd	VFSCi	PAMn	PCC	RAP
0.40	50.96	63.69	73.96	7.55	1.03
1.00	53.23	68.38	77.52	9.19	1.01
1.60	54.88	70.50	80.18	12.30	0.95
2.20	53.92	70.15	79.20	0.69	1.09
2.80	56.10	72.19	79.57	4.26	1.03
3.40	57.16	71.66	79.44	10.51	0.96
4.00	57.71	71.06	79.01	9.80	0.96
4.60	57.63	71.89	78.95	6.88	0.99
5.20	56.75	72.47	78.99	5.92	0.99
5.80	55.81	72.12	78.31	8.88	0.96
6.40	56.95	72.09	79.24	11.40	0.93
7.00	55.79	73.00	79.91	12.69	0.92
7.60	55.54	73.51	81.27	9.85	0.96
8.20	55.17	73.42	82.28	9.51	0.97
8.80	54.06	71.85	82.39	12.65	0.96
9.40	52.29	68.57	82.09	12.70	0.95
10.00	49.99	65.69	81.61	12.43	0.97
10.60	48.79	64.27	81.09	13.18	1.01
11.20	49.29	63.99	81.47	14.16	1.05
11.80	50.62	64.31	83.11	14.65	1.07
12.40	50.73	64.45	84.16	13.60	1.11
13.00	51.06	64.97	84.92	14.56	1.08
13.60	49.78	64.05	84.81	9.78	1.16
14.20	47.93	62.95	84.00	3.32	1.28
14.80	46.25	62.75	83.22	6.13	1.23
15.40	45.80	61.92	81.39	8.01	1.18
16.00	46.62	62.80	80.20	6.24	1.18
16.60	48.51	65.61	80.54	0.31	1.23
17.20	50.66	68.38	82.34	2.75	1.17
17.80	53.87	70.66	85.01	7.09	1.10
18.40	55.14	71.96	86.43	8.44	1.08
19.00	54.00	70.85	86.42	8.66	1.09
19.60	51.73	68.09	85.38	9.57	1.10
20.20	51.71	67.46	85.08	10.96	1.09
20.80	52.37	68.41	85.70	7.47	1.14
21.40	53.19	69.38	86.29	4.39	1.17
22.00	53.93	69.78	86.29	5.80	1.15
22.60	54.77	70.52	87.05	7.50	1.12
23.20	53.50	68.92	85.33	3.02	1.18
23.80	53.06	67.69	83.53	0.88	1.21
24.40	53.16	67.04	82.46	2.70	1.18
25.00	53.19	66.49	81.05	2.47	1.16
25.60	53.45	67.65	80.86	1.29	1.17
26.20	53.89	68.29	80.88	3.22	1.13
26.80	53.72	67.87	80.25	6.64	1.07
27.40	52.46	66.26	78.48	5.42	1.08
28.00	51.31	65.65	77.01	2.57	1.12
28.60	51.02	65.81	76.33	2.93	1.11
29.20	52.01	66.59	76.63	5.18	1.07
29.80	54.04	67.77	77.77	3.42	1.09
30.40	53.34	67.94	78.13	8.54	1.01
31.00	52.73	67.47	77.44	7.26	1.03
31.60	51.61	66.75	76.66	4.21	1.08
32.20	50.00	66.04	76.37	4.11	1.08
32.80	49.99	65.65	76.78	3.83	1.09
33.40	51.53	66.38	77.49	9.31	1.02
34.00	51.96	67.38	78.35	12.20	0.98
34.60	51.44	67.95	79.53	10.21	1.02
35.20	52.31	67.69	81.61	14.85	0.98
35.80	52.41	66.66	83.52	8.95	1.11
36.40	52.41	65.81	85.13	12.19	1.10
37.00	50.42	64.64	85.34	14.98	1.08
37.60	48.87	63.73	84.38	14.07	1.10
38.20	49.97	63.57	83.66	14.20	1.08
38.80	49.49	63.78	82.75	8.71	1.15
39.40	51.45	65.28	82.86	6.77	1.18
40.00	53.63	66.64	83.77	8.10	1.15
40.60	53.67	66.66	83.66	2.11	1.21
41.20	53.65	66.65	84.14	9.40	1.12
41.80	52.38	65.05	83.06	7.80	1.16
42.40	51.13	64.57	82.40	6.43	1.18
43.00	50.60	65.71	83.30	10.97	1.09
43.60	51.12	66.66	84.04	5.79	1.18
44.20	51.44	66.63	83.42	6.77	1.14
44.80	50.87	65.83	82.39	9.01	1.09
45.40	50.07	65.07	81.65	9.52	1.09
46.00	50.27	64.91	82.11	9.94	1.10
46.60	51.80	65.54	81.93	6.20	1.14
47.20	52.09	64.67	80.96	5.05	1.16
47.80	51.10	63.90	79.95	5.49	1.17
48.40	49.90	64.20	79.39	4.92	1.18
49.00	50.67	64.90	80.49	7.98	1.12
49.60	51.59	65.60	81.04	3.10	1.18
50.20	52.47	65.74	80.87	5.77	1.13
50.80	52.85	65.24	80.85	8.80	1.10
51.40	52.94	64.83	81.51	5.28	1.17
52.00	53.67	66.35	82.53	8.73	1.12
52.60	53.56	65.91	82.55	6.40	1.15
53.20	54.08	65.40	81.62	3.65	1.19
53.80	53.25	64.57	80.79	6.12	1.15
54.40	52.71	64.27	80.42	11.19	1.05
55.00	53.74	64.99	80.08	5.86	1.15
55.60	53.92	65.74	80.68	0.81	1.21
56.20	53.87	65.43	79.27	0.11	1.21
56.80	52.40	64.79	78.16	1.76	1.16
57.40	51.97	65.09	77.86	3.03	1.16
58.00	52.97	66.38	78.05	2.91	1.22
58.60	53.57	67.67	79.21	1.86	1.15
59.20	54.33	67.24	78.84	3.99	1.10
59.80	54.36	66.61	78.45	2.90	1.12
60.40	52.06	66.05	78.14	4.71	1.10
61.00	50.48	65.89	78.30	11.38	1.01
61.60	51.48	66.44	79.90	15.82	0.97
62.20	50.20	65.88	80.68	9.01	1.08
62.80	49.18	65.76	80.83	4.73	1.17
63.40	48.76	64.73	80.68	5.85	1.16
64.00	48.57	63.93	80.91	5.71	1.17
64.60	48.43	63.62	81.69	1.77	1.25
65.20	48.47	62.51	81.74	6.38	1.20
65.80	48.79	61.76	80.57	12.26	1.10
66.40	47.75	60.56	79.33	10.93	1.12
67.00	47.19	60.33	78.22	7.33	1.17
67.60	48.33	61.74	76.98	6.19	1.17
68.20	50.96	63.61	78.72	4.02	1.17
68.80	52.91	67.08	80.36	5.14	1.12
69.40	52.77	66.94	80.99	8.78	1.08
70.00	51.86	65.57	81.19	11.22	1.07
70.60	51.27	64.99	81.54	10.43	1.09
71.20	51.62	65.69	82.85	6.53	1.16
71.80	52.99	68.43	85.48	6.33	1.16
72.40	51.69	67.49	85.05	-3.01	1.31
73.00	51.03	67.41	84.07	4.41	1.18
73.60	50.72	66.88	84.15	11.85	1.08
74.20	50.81	66.64	85.06	9.15	1.14
74.80	51.39	67.06	85.79	9.25	1.14
75.40	51.88	66.04	86.32	12.38	1.11
76.00	51.68	64.79	85.18	9.62	1.16
76.60	50.69	62.90	83.68	8.63	1.17
77.20	50.31	61.24	82.44	9.31	1.17
77.80	50.81	61.55	82.00	9.37	1.19
78.40	52.08	63.77	83.05	5.62	1.20
79.00	54.28	65.16	84.10	5.35	1.05
79.60	54.42	64.11	84.45	4.87	1.05
80.20	52.68	63.13	84.18	9.82	1.12
80.80	51.70	62.22	84.62	7.94	1.22
81.40	52.66	62.96	86.30	8.61	1.22
82.00	53.77	63.10	86.86	9.01	1.23
82.60	53.80	62.13	85.62	5.57	1.29
83.20	52.84	61.77	84.49	4.45	1.29
83.80	52.13	63.45	85.22	-0.38	1.33
84.40	51.67	62.97	84.23	4.18	1.27
85.00	53.07	63.81	84.87	3.31	1.28
85.60	52.60	64.08	85.24	1.48	1.29
86.20	51.45	63.98	84.69	2.68	1.27
86.80	50.83	64.03	84.54	4.61	1.24
87.40	50.58	64.04	84.90	4.36	1.25
88.00	51.23	64.54	85.30	4.98	1.24
88.60	51.96	63.19	85.19	2.92	1.28
89.20	50.55	61.87	83.40	10.28	1.18
89.80	50.98	61.33	82.95	8.03	1.22
90.40	51.17	61.05	82.71	1.78	1.31
91.00	51.16	61.44	81.72	1.73	1.30
91.60	53.28	63.12	82.74	7.84	1.18
92.20	52.56	62.42	82.19	2.74	1.26
92.80	51.48	63.03	81.87	9.52	1.13
93.40	52.52	63.14	82.74	6.09	1.21
94.00	53.13	64.62	84.16	8.90	1.17
94.60	53.79	65.47	85.27	10.67	1.13
95.20	53.16	64.92	85.45	6.29	1.20
95.80	50.93	63.56	84.15	5.99	1.21
96.40	49.17	62.26	82.63	6.12	1.22
97.00	48.15	61.20	81.77	10.69	1.14
97.60	48.05	61.57	81.62	7.22	1.19
98.20	48.01	62.65	81.46	3.78	1.24
98.80	47.71	63.32	80.87	7.51	1.15
99.40	47.17	62.63	80.28	6.80	1.16
100.00	48.08	62.92	79.61	8.19	1.12
100.60	49.23	64.46	80.68	3.80	1.18
101.20	50.06	65.35	81.76	2.13	1.21
101.80	50.30	66.18	81.99	4.92	1.17
102.40	50.34	66.94	82.17	4.25	1.15
103.00	51.62	65.68	81.62	5.41	1.15
103.60	52.78	66.16	82.62	10.68	1.09
104.20	53.95	67.58	84.91	12.13	1.08
104.80	54.60	67.38	86.15	11.58	1.10
105.40	53.52	65.82	86.38	9.50	1.15
106.00	51.54	64.01	86.23	5.90	1.23
106.60	51.51	62.90	85.72	8.68	1.22
107.20	51.21	64.06	85.77	9.88	1.17
107.80	51.10	63.78	85.60	8.60	1.19
108.40	50.76	63.23	85.05	6.84	1.22
109.00	50.38	63.12	84.29	5.58	1.23
109.60	51.04	62.93	83.75	3.47	1.27
110.20	51.38	63.66	83.32	0.32	1.30
110.80	52.67	66.68	85.29	11.50	1.11
111.40	52.56	66.76	86.37	10.58	1.12
112.00	52.78	66.21	86.66	6.84	1.19
112.60	53.29	66.15	87.01	10.18	1.14
113.20	51.73	64.90	86.22	0.28	1.31
113.80	53.12	65.55	86.84	8.59	1.19
114.40	53.50	66.19	87.64	5.00	1.26
115.00	53.35	66.82	87.49	-0.15	1.32
115.60	52.33	66.14	86.61	2.02	1.27
116.20	50.45	63.96	85.41	12.02	1.14
116.80	48.65	61.91	84.25	7.00	1.24
117.40	48.45	62.70	83.76	12.56	1.14
118.00	49.17	63.20	82.76	6.25	1.21
118.60	49.95	63.03	81.49	-1.94	1.32
119.20	50.29	62.59	80.42	3.15	1.23
119.80	49.77	63.14	79.57	-0.36	1.27
120.40	50.46	63.09	78.78	-2.47	1.29
121.00	51.74	63.86	79.45	-1.02	1.26
121.60	54.20	65.74	81.79	4.38	1.17
122.20	55.64	68.28	84.50	8.81	1.11
122.80	54.92	68.90	86.39	7.17	1.13
123.40	54.33	66.52	86.52	12.12	1.11
124.00	52.79	65.10	86.66	4.74	1.25
124.60	51.60	63.86	86.29	6.42	1.23
125.20	50.36	62.70	85.66	4.72	1.27
125.80	49.31	62.70	84.70	2.21	1.34
126.40	48.39	63.06	83.40	2.60	1.36
127.00	47.03	60.89	81.97	7.59	1.23
127.60	46.99	60.47	80.61	7.96	1.21
128.20	47.10	60.09	79.68	6.56	1.21
128.80	47.74	60.59	79.50	6.07	1.20
129.40	48.54	62.06	80.33	7.50	1.17
130.00	48.07	62.98	81.12	5.83	1.19
130.60	48.33	62.68	79.68	9.72	1.12
131.20	49.17	62.74	80.00	8.55	1.12
131.80	48.21	64.27	80.88	7.20	1.14
132.40	50.58	65.07	82.84	7.25	1.16
133.00	50.46	66.30	84.30	9.71	1.12
133.60	49.18	65.75	84.40	11.28	1.10
134.20	48.55	63.66	83.62	9.81	1.15
134.80	48.37	62.55	82.71	11.59	1.14
135.40	49.61	61.26	82.49	-0.65	1.34
136.00	50.92	60.77	82.91	4.95	1.26
136.60	51.28	61.01	82.99	10.74	1.18
137.20	51.02	60.77	82.42	13.04	1.13
137.80	50.37	60.06	81.14	12.32	1.13
138.40	49.92	59.80	78.95	8.81	1.18
139.00	51.68	61.99	79.61	7.25	1.16
139.60	51.59	63.27	78.86	6.25	1.14
140.20	51.40	62.67	77.64	8.83	1.09
140.80	51.59	62.39	77.01	9.23	1.08
141.40	51.96	63.10	77.26	3.68	1.16
142.00	52.17	64.11	78.25	-0.61	1.24
142.60	53.33	66.84	79.63	2.30	1.16
143.20	54.76	68.05	81.76	2.31	1.15
143.80	53.99	67.79	82.39	1.24	1.18
144.40	53.76	66.91	81.93	4.62	1.15
145.00	53.85	66.51	81.94	5.73	1.13
145.60	53.80	66.97	82.82	6.25	1.13
146.20	53.83	67.28	83.89	8.96	1.12
146.80	53.91	66.80	84.53	4.55	1.19
147.40	53.84	67.39	85.27	-0.32	1.26
148.00	49.61	64.13	81.94	8.91	1.13
148.60	49.51	63.87	81.25	14.90	1.05
149.20	49.08	63.55	80.51	13.93	1.05
149.80	50.78	64.83	80.76	8.71	1.11
150.40	52.40	65.56	82.01	4.77	1.15
151.00	52.30	64.52	81.44	8.24	1.12
151.60	51.97	63.13	80.03	11.83	1.08
152.20	52.12	62.56	79.59	6.18	1.16
152.80	52.32	62.76	79.82	2.29	1.22
153.40	53.37	65.04	80.89	2.35	1.21
154.00	54.20	66.42	82.07	4.20	1.18
154.60	54.44	65.92	81.58	6.50	1.13
155.20	55.32	67.58	83.58	15.10	1.02
155.80	56.18	70.13	86.74	8.93	1.10
156.40	57.52	70.99	90.69	5.53	1.20
157.00	55.84	68.66	90.59	8.08	1.20
157.60	53.90	66.21	89.92	9.00	1.21
158.20	52.14	64.20	89.98	8.47	1.25
158.80	50.51	62.80	90.47	8.37	1.30
159.40	49.18	62.40	90.52	8.39	1.31
160.00	48.15	61.60	89.63	6.51	1.36
160.60	49.06	61.30	88.51	8.01	1.30
161.20	48.62	60.68	88.03	6.91	1.31
161.80	48.15	60.59	88.45	4.09	1.40
162.40	48.74	60.87	89.36	8.18	1.30
163.00	49.29	59.55	88.55	4.06	1.43
163.60	48.53	58.27	86.86	2.72	1.24
164.20	47.40	56.67	85.02	4.52	1.28
164.80	46.21	55.64	83.28	7.47	1.35
165.40	46.10	55.54	81.92	8.97	1.32
166.00	49.78	56.33	82.15	0.62	1.45
166.60	53.06	56.92	81.74	1.54	1.41
167.20	50.98	56.91	80.34	0.76	1.40
167.80	47.72	56.56	78.77	0.58	1.36
168.40	45.88	56.35	77.52	4.59	1.26
169.00	45.81	56.92	76.52	4.97	1.51
169.60	44.79	57.92	75.98	5.30	1.38
170.20	44.31	58.17	75.42	5.88	1.19
170.80	45.15	58.07	74.80	5.53	1.17
171.40	48.56	59.48	75.41	-1.61	1.29
172.00	48.31	60.45	75.94	12.61	1.05
172.60	48.04	61.36	76.11	6.98	1.12
173.20	48.34	61.78	76.05	-1.18	1.25
173.80	49.26	61.92	76.02	8.38	1.09
174.40	51.39	63.42	77.10	0.48	1.20
175.00	51.87	63.53	77.42	-1.94	1.28
175.60	52.34	64.14	77.56	-1.36	1.25
176.20	52.61	64.56	77.34	-0.71	1.19
176.80	52.60	64.56	76.25	-0.42	1.19
177.40	53.25	65.73	76.59	-1.91	1.20
178.00	53.75	67.15	76.73	2.54	1.10
178.60	55.31	68.65	77.87	7.04	1.05
>>>>>>> 4966aae922150d281e7f47d431009d8054258bc0
179.20	58.59	70.18	81.00	6.80	1.18