TIEMPO	VFSCd	VFSCi	PAMn	PCC	RAP
0.40	68.76	49.32	88.26	13.05	1.52
1.00	72.05	50.91	91.94	15.27	1.50
1.60	72.99	50.85	92.89	9.73	1.59
2.20	69.81	50.11	92.78	15.39	1.54
2.80	70.47	49.71	90.68	19.64	1.29
3.40	69.21	50.29	91.48	22.05	1.71
4.00	73.66	51.01	93.10	13.10	1.67
4.60	76.56	51.45	93.40	12.09	1.59
5.20	75.64	51.07	92.82	13.23	1.54
5.80	74.74	51.50	92.41	13.73	1.51
6.40	74.15	49.41	91.39	15.40	1.50
7.00	74.49	48.70	89.76	18.19	1.45
7.60	76.44	50.90	90.38	15.88	1.47
8.20	78.26	51.62	93.22	7.43	1.63
8.80	77.58	50.99	92.60	7.95	1.64
9.40	73.94	50.34	91.41	16.57	1.48
10.00	69.96	47.70	90.92	16.20	1.54
10.60	69.43	46.03	87.58	19.54	1.47
11.20	71.17	46.58	87.06	12.61	1.57
11.80	68.11	45.20	85.75	19.15	1.43
12.40	67.05	45.98	86.17	22.60	1.38
13.00	67.68	46.61	88.60	15.80	1.55
13.60	67.75	45.78	88.55	17.44	1.55
14.20	67.62	45.96	88.34	19.60	1.50
14.80	66.03	44.43	87.67	10.55	1.75
15.40	65.83	45.01	89.05	20.14	1.51
16.00	67.70	46.50	90.59	22.57	1.47
16.60	68.39	45.58	89.57	16.27	1.61
17.20	68.26	45.27	89.35	14.13	1.65
17.80	70.35	46.62	91.51	19.46	1.53
18.40	73.24	48.09	93.32	23.81	1.45
19.00	72.23	48.05	92.69	19.11	1.50
19.60	71.45	47.50	91.18	21.13	1.46
20.20	68.08	47.24	89.50	17.29	1.52
20.80	66.63	45.98	87.45	18.35	1.49
21.40	66.53	45.29	85.60	23.11	1.39
22.00	67.01	45.78	85.02	21.51	1.38
22.60	68.06	45.57	84.95	21.64	1.40
23.20	70.75	46.97	88.02	15.86	1.53
23.80	75.32	49.73	91.76	18.31	1.50
24.40	75.86	48.54	92.19	12.86	1.61
25.00	73.29	47.27	91.19	13.89	1.60
25.60	72.62	46.91	90.86	19.19	1.52
26.20	73.93	47.02	91.91	19.90	1.53
26.80	75.03	47.12	94.53	9.35	1.79
27.40	73.59	46.88	94.13	18.46	1.60
28.00	72.24	46.58	91.86	17.27	1.61
28.60	72.96	47.16	91.25	16.33	1.60
29.20	73.46	47.34	91.74	15.00	1.61
29.80	73.17	46.89	91.01	5.60	1.82
30.40	75.83	48.43	92.40	4.75	1.79
31.00	77.84	49.72	94.68	16.38	1.57
31.60	76.71	48.34	94.70	19.31	1.55
32.20	73.80	47.11	93.68	21.45	1.53
32.80	70.77	46.12	92.17	21.44	1.53
33.40	68.40	45.19	90.05	14.93	1.65
34.00	67.74	44.05	88.46	17.21	1.61
34.60	66.75	43.71	87.29	18.66	1.58
35.20	65.59	44.08	86.34	14.32	1.65
35.80	68.31	43.82	86.89	5.93	1.82
36.40	68.00	44.71	87.61	18.77	1.55
37.00	72.57	47.43	90.43	23.92	1.42
37.60	77.44	49.05	94.47	13.83	1.63
38.20	78.37	49.01	96.15	9.65	1.76
38.80	76.52	49.86	97.32	4.81	1.85
39.40	76.78	49.46	96.82	14.28	1.64
40.00	76.07	48.72	97.80	15.26	1.69
40.60	77.87	50.32	100.95	10.44	1.78
41.20	80.41	49.77	102.23	4.38	1.92
41.80	76.69	47.66	99.97	5.46	1.94
42.40	71.87	46.03	95.36	14.77	1.76
43.00	71.88	45.81	95.15	4.15	1.98
43.60	72.28	46.10	94.57	3.69	1.96
44.20	72.61	46.55	92.79	19.46	1.57
44.80	73.60	46.33	91.82	13.11	1.70
45.40	73.30	46.83	91.09	13.90	1.66
46.00	70.17	47.23	90.33	19.97	1.49
46.60	67.60	47.42	89.59	21.42	1.45
47.20	70.47	47.51	92.10	24.21	1.42
47.80	69.78	45.59	91.63	19.62	1.56
48.40	65.92	44.64	90.78	19.57	1.58
49.00	64.16	43.47	89.68	15.81	1.69
49.60	63.79	42.63	88.92	13.21	1.77
50.20	63.52	42.04	88.40	13.32	1.77
50.80	62.30	41.45	87.52	15.77	1.71
51.40	62.56	41.96	86.92	14.96	1.71
52.00	62.73	42.52	86.59	15.60	1.68
52.60	62.41	42.68	86.47	21.22	1.53
53.20	62.20	42.49	87.60	17.33	1.65
53.80	60.66	41.77	88.18	21.95	1.59
54.40	60.87	42.22	89.28	24.89	1.55
55.00	60.24	41.73	90.24	22.18	1.61
55.60	59.29	40.79	90.32	18.82	1.72
56.20	60.93	41.77	92.59	21.42	1.69
56.80	62.86	43.45	97.26	26.07	1.62
57.40	61.37	42.27	96.83	29.76	1.59
58.00	62.77	41.88	97.44	27.15	1.67
58.60	63.15	41.67	97.98	21.32	1.80
59.20	60.79	40.16	95.78	20.01	1.86
59.80	59.30	38.60	92.83	21.93	1.82
60.40	59.73	38.09	90.93	23.21	1.77
61.00	62.07	39.87	90.01	19.71	1.76
61.60	60.42	39.98	88.26	16.67	1.80
62.20	61.24	40.47	87.02	16.44	1.76
62.80	63.86	41.79	87.18	16.74	1.69
63.40	66.85	43.64	88.67	10.43	1.77
64.00	67.57	43.70	87.43	25.83	1.42
64.60	69.68	44.58	89.11	21.11	1.52
65.20	71.40	45.41	90.22	14.86	1.65
65.80	72.76	46.27	89.81	13.99	1.63
66.40	74.07	47.39	89.73	10.41	1.66
67.00	75.12	47.07	88.42	10.26	1.67
67.60	75.34	48.96	89.32	9.67	1.57
68.20	78.97	52.07	92.13	8.71	1.77
68.80	81.22	52.45	94.46	10.44	1.92
69.40	80.21	50.72	94.36	14.53	1.60
70.00	77.47	50.54	91.49	9.67	1.62
70.60	74.93	49.64	89.48	11.95	1.55
71.20	73.64	49.25	88.47	16.38	1.44
71.80	74.32	50.32	88.58	15.86	1.43
72.40	74.90	49.56	88.50	15.98	1.45
73.00	74.07	48.74	88.34	15.48	1.48
73.60	72.07	48.56	88.32	12.45	1.55
74.20	71.80	47.33	88.72	10.41	1.65
74.80	71.01	46.86	90.35	20.09	1.48
75.40	68.79	45.53	91.16	21.52	1.51
76.00	65.67	44.07	91.61	22.64	1.54
76.60	63.20	42.78	91.81	26.83	1.49
77.20	62.24	41.41	90.39	20.99	1.68
77.80	62.79	42.10	90.44	20.79	1.68
78.40	62.94	42.72	90.43	17.90	1.70
79.00	62.98	42.92	89.72	9.55	1.84
79.60	65.57	43.91	91.00	14.17	1.75
80.20	65.67	43.58	91.01	21.24	1.59
80.80	66.26	43.95	91.00	20.00	1.60
81.40	67.34	44.69	91.30	12.00	1.75
82.00	68.10	45.44	90.71	12.62	1.62
82.60	71.20	45.16	90.96	12.06	2.30
83.20	72.32	47.44	91.35	16.78	2.12
83.80	73.97	48.39	91.79	17.87	1.53
84.40	75.91	47.76	92.29	6.17	1.78
85.00	75.94	48.23	91.31	4.10	1.79
85.60	75.92	48.98	92.01	4.49	1.79
86.20	76.69	50.57	94.31	14.13	1.57
86.80	76.55	49.49	94.43	18.57	1.51
87.40	71.72	46.24	91.41	16.59	1.59
88.00	68.71	45.45	89.72	12.51	1.68
88.60	68.68	46.14	90.13	10.48	1.71
89.20	70.02	46.62	89.51	15.95	1.57
89.80	70.04	46.39	87.36	14.39	1.55
90.40	69.60	46.28	85.74	10.87	1.60
91.00	69.59	46.30	84.98	13.95	1.52
91.60	72.16	47.85	85.74	18.89	1.39
92.20	76.58	50.33	89.05	8.84	1.59
92.80	78.78	50.90	90.71	12.19	1.53
93.40	76.57	51.13	90.72	13.59	1.49
94.00	74.95	50.22	89.16	18.28	1.40
94.60	72.09	50.28	88.04	16.43	1.41
95.20	69.93	51.31	89.09	14.73	1.43
95.80	68.79	52.66	91.62	15.81	1.42
96.40	68.19	53.51	93.09	11.84	1.50
97.00	67.99	52.60	92.27	7.08	1.61
97.60	64.32	52.11	92.97	13.10	1.52
98.20	59.96	49.64	93.36	25.73	1.35
98.80	64.42	49.00	93.92	17.74	1.53
99.40	73.15	50.54	95.50	14.26	1.61
100.00	66.77	48.32	95.43	19.94	1.53
100.60	60.21	44.18	90.06	23.75	1.46
101.20	56.13	41.51	84.85	25.70	1.41
101.80	54.20	40.85	82.99	28.25	1.33
102.40	53.70	40.33	80.88	22.00	1.44
103.00	54.36	40.68	79.96	18.46	1.50
103.60	56.11	42.28	81.16	24.72	1.35
104.20	57.38	42.77	81.47	27.57	1.26
104.80	58.72	45.03	85.13	24.06	1.36
105.40	60.88	45.94	89.55	24.12	1.42
106.00	60.51	45.90	92.36	26.56	1.44
106.60	58.30	44.93	93.80	24.74	1.49
107.20	56.32	42.76	94.25	25.00	1.44
107.80	52.96	40.61	92.03	26.06	1.62
108.40	52.55	41.20	91.31	20.75	1.71
109.00	54.87	41.25	91.14	20.20	1.71
109.60	58.13	44.01	92.84	3.97	2.02
110.20	62.18	47.59	95.64	10.06	1.81
110.80	64.66	48.23	97.90	17.20	1.64
111.40	60.16	43.80	93.32	21.76	1.57
112.00	55.97	40.23	87.71	23.75	1.55
112.60	56.70	40.76	86.43	19.97	1.61
113.20	55.97	40.56	84.51	16.41	1.67
113.80	56.81	40.80	82.43	14.03	1.69
114.40	62.59	42.59	84.83	12.21	1.72
115.00	65.47	43.89	86.32	15.55	1.62
115.60	66.19	44.59	86.48	21.55	1.45
116.20	65.70	44.76	86.18	19.46	1.49
116.80	65.56	44.87	85.76	18.43	1.50
117.40	65.67	44.85	85.28	20.58	1.45
118.00	64.34	43.40	84.34	18.56	1.52
118.60	63.11	42.46	83.29	16.60	1.57
119.20	62.42	43.09	81.94	19.50	1.46
119.80	64.57	43.13	82.06	17.83	1.49
120.40	67.82	43.61	83.61	12.34	1.62
121.00	70.52	45.38	85.81	8.29	1.70
121.60	75.06	48.48	89.40	9.27	1.65
122.20	75.43	50.03	91.67	11.53	1.58
122.80	74.07	50.10	92.18	12.60	1.57
123.40	73.19	49.07	92.43	11.63	1.62
124.00	71.21	48.04	92.63	13.14	1.64
124.60	69.48	47.00	92.45	15.46	1.62
125.20	68.52	45.91	91.26	17.70	1.58
125.80	68.59	44.89	89.85	19.14	1.55
126.40	69.92	43.91	88.34	21.72	1.50
127.00	70.70	43.67	87.38	11.75	1.72
127.60	72.26	44.61	87.52	2.99	1.89
128.20	76.06	47.67	89.34	9.64	1.63
128.80	77.02	48.08	91.10	11.98	1.77
129.40	77.37	48.02	92.15	11.93	1.86
130.00	77.18	47.94	92.48	11.98	1.70
130.60	74.49	47.15	93.00	13.15	1.67
131.20	72.41	46.77	93.14	11.95	1.71
131.80	71.40	46.50	92.84	11.11	1.74
132.40	71.45	46.19	92.17	15.71	1.63
133.00	69.10	45.46	90.48	8.32	1.78
133.60	68.69	45.17	88.79	1.30	1.93
134.20	72.54	45.81	87.73	4.62	1.80
134.80	73.14	46.33	86.99	10.09	1.61
135.40	74.30	47.69	87.66	14.99	1.53
136.00	79.91	50.97	92.24	16.44	1.92
136.60	82.41	51.74	93.41	8.71	1.86
137.20	81.95	50.28	92.19	4.86	1.72
137.80	80.29	48.43	89.88	8.44	1.67
138.40	78.39	47.71	87.86	7.48	1.67
139.00	77.86	47.11	86.88	8.51	1.65
139.60	78.47	46.77	87.08	13.35	1.56
140.20	78.59	47.94	87.83	6.66	1.69
140.80	79.21	49.94	89.87	5.92	1.68
141.40	79.63	51.59	92.23	11.86	1.58
142.00	79.23	52.17	92.44	12.36	1.79
142.60	78.25	51.60	92.78	12.68	1.71
143.20	76.68	50.75	93.29	13.46	1.56
143.80	74.50	49.89	94.39	16.20	1.56
144.40	70.84	47.62	92.80	12.64	1.67
145.00	67.93	45.56	91.21	11.86	1.71
145.60	65.97	44.01	90.34	16.77	1.64
146.20	63.59	42.93	88.78	16.17	1.67
146.80	62.11	42.58	87.37	13.47	1.73
147.40	62.84	43.85	87.33	13.78	1.70
148.00	63.17	43.68	87.34	12.01	1.73
148.60	65.16	44.07	88.25	9.43	1.79
149.20	69.87	46.39	92.25	11.33	1.74
149.80	69.15	45.37	94.03	16.97	1.69
150.40	63.64	43.83	93.56	16.99	1.73
151.00	58.41	42.34	92.37	14.53	1.81
151.60	56.24	40.85	91.70	12.36	1.91
152.20	54.97	40.92	90.87	14.64	1.86
152.80	54.51	41.88	89.94	20.17	1.68
153.40	55.11	42.93	90.11	9.93	1.86
154.00	57.03	44.68	91.96	4.63	1.94
154.60	59.58	45.44	94.46	9.43	1.84
155.20	61.21	44.18	94.68	19.27	1.70
155.80	58.75	42.00	92.60	23.60	1.65
156.40	55.24	39.51	90.77	24.13	1.68
157.00	53.66	38.47	89.41	23.78	1.71
157.60	54.36	39.09	88.79	27.50	1.56
158.20	54.58	39.11	87.14	15.94	1.81
158.80	56.02	39.76	86.29	6.01	2.02
159.40	58.82	41.31	87.62	8.45	1.94
160.00	59.84	42.69	88.25	15.29	1.72
160.60	60.33	43.36	88.20	15.22	1.69
161.20	61.02	43.89	88.17	11.70	1.75
161.80	62.25	44.72	89.12	13.39	1.70
162.40	64.18	46.01	90.71	12.89	1.68
163.00	63.82	45.31	90.49	14.67	1.65
163.60	62.60	44.50	89.46	16.44	1.63
164.20	61.26	44.41	88.09	14.05	1.66
164.80	62.85	44.44	87.88	17.82	1.57
165.40	64.16	44.54	87.89	20.05	1.52
166.00	63.31	44.70	87.48	13.89	1.64
166.60	62.03	44.73	86.26	13.99	1.61
167.20	62.72	45.30	85.80	15.19	1.56
167.80	65.29	46.32	87.28	14.28	1.55
168.40	65.44	46.41	87.06	8.07	1.69
169.00	66.85	47.20	88.95	10.37	1.67
169.60	66.94	47.71	90.58	13.39	1.61
170.20	66.14	47.74	90.35	11.62	1.63
170.80	68.07	47.99	91.27	16.21	1.53
171.40	67.26	46.64	90.41	12.27	1.65
172.00	67.44	46.58	90.19	13.78	1.64
172.60	69.36	48.27	92.31	17.49	1.54
173.20	71.01	50.74	96.09	1.61	1.87
173.80	70.10	51.97	98.08	1.70	1.87
174.40	65.14	47.46	91.97	10.61	1.70
175.00	63.03	45.84	89.46	16.17	1.59
175.60	62.30	45.39	89.16	18.54	1.55
176.20	62.98	45.37	88.34	17.76	1.55
176.80	63.02	44.99	87.11	17.50	1.53
177.40	61.95	43.77	85.30	21.22	1.46
178.00	61.34	42.90	83.88	22.10	1.44
178.60	61.38	42.39	82.99	19.18	1.50