<<<<<<< HEAD
TIEMPO	VFSCd	VFSCi	PAMn	PCC	RAP
0.40	66.82	42.31	82.63	20.84	1.23
1.00	65.52	42.95	83.36	19.36	1.52
1.60	64.87	43.44	83.72	19.04	1.66
2.20	65.18	43.91	83.38	21.87	1.45
2.80	65.13	43.61	83.08	23.25	1.33
3.40	64.68	42.70	83.08	22.05	1.40
4.00	64.78	42.24	82.49	20.75	1.43
4.60	64.83	41.88	81.85	20.77	1.41
5.20	64.48	41.48	81.60	24.41	1.35
5.80	64.59	41.18	81.57	26.92	1.28
6.40	64.87	40.87	81.69	27.29	1.25
7.00	65.07	40.07	81.36	20.21	1.47
7.60	65.01	39.81	81.20	16.11	1.61
8.20	64.71	40.23	81.59	22.40	1.45
8.80	64.01	41.27	82.08	26.36	1.33
9.40	63.81	42.59	82.85	27.25	1.28
10.00	65.21	44.30	84.11	24.42	1.34
10.60	64.69	45.05	85.41	19.38	1.45
11.20	63.81	45.25	86.34	15.24	1.53
11.80	63.82	45.14	86.21	17.84	1.50
12.40	63.71	44.47	86.05	18.99	1.50
13.00	63.39	43.55	86.09	17.07	1.56
13.60	62.81	43.72	85.32	15.94	1.56
14.20	62.63	44.08	84.42	16.48	1.51
14.80	63.59	44.48	83.88	19.96	1.41
15.40	63.57	43.87	83.40	22.63	1.35
16.00	63.28	42.79	83.04	23.83	1.34
16.60	63.26	41.05	82.79	25.50	1.35
17.20	63.41	41.34	82.97	24.12	1.40
17.80	63.71	43.47	83.83	17.20	1.51
18.40	64.69	43.84	84.35	15.08	1.55
19.00	65.42	44.01	84.54	15.61	1.54
19.60	65.40	44.86	84.43	17.79	1.45
20.20	65.27	44.86	84.09	19.83	1.40
20.80	65.11	44.38	83.53	21.46	1.38
21.40	64.11	44.00	82.40	20.83	1.38
22.00	63.47	43.56	81.27	19.60	1.39
22.60	64.25	43.05	80.69	18.70	1.40
23.20	63.10	42.34	79.81	18.24	1.41
23.80	61.65	41.90	78.65	18.08	1.41
24.40	62.60	42.78	78.15	16.60	1.43
25.00	63.34	43.57	78.00	15.11	1.43
25.60	63.22	44.01	78.01	13.93	1.43
26.20	63.50	44.36	78.46	16.87	1.36
26.80	64.02	45.00	79.22	21.91	1.26
27.40	64.65	46.34	80.03	21.94	1.24
28.00	65.60	47.42	80.66	20.20	1.26
28.60	66.63	48.08	81.10	17.44	1.33
29.20	66.95	48.27	82.17	16.18	1.19
29.80	66.77	48.01	83.15	17.20	1.11
30.40	66.16	47.34	83.70	21.50	1.23
31.00	65.48	48.19	83.97	20.54	1.30
31.60	65.00	48.78	84.03	18.39	1.31
32.20	64.91	47.90	83.82	19.82	1.30
32.80	64.63	46.87	83.56	21.28	1.30
33.40	64.42	45.77	83.37	22.23	1.31
34.00	65.08	44.80	84.11	22.45	1.26
34.60	64.99	43.45	84.66	22.45	1.23
35.20	63.93	41.71	84.44	21.87	1.29
35.80	63.21	39.31	83.99	23.94	1.39
36.40	62.54	37.89	83.38	25.27	1.48
37.00	61.70	38.39	82.70	20.55	1.59
37.60	61.43	38.78	81.78	18.27	1.61
38.20	61.59	39.11	80.62	19.58	1.53
38.80	61.57	40.14	79.91	19.54	1.48
39.40	61.55	40.81	79.50	19.26	1.45
40.00	61.56	40.72	79.36	19.55	1.45
40.60	61.67	41.58	79.26	17.84	1.46
41.20	61.72	42.39	79.20	15.04	1.48
41.80	61.48	42.40	79.53	21.86	1.33
42.40	61.44	42.00	79.65	25.21	1.27
43.00	61.68	41.52	79.22	20.56	1.38
43.60	62.55	42.80	79.47	19.56	1.38
44.20	63.29	43.98	79.89	20.51	1.33
44.80	63.60	44.40	80.00	22.72	1.27
45.40	63.09	43.10	80.46	24.27	1.26
46.00	62.47	41.71	81.25	24.43	1.32
46.60	62.54	42.07	81.89	17.91	1.49
47.20	62.75	42.47	82.46	13.67	1.60
47.80	63.03	42.65	82.99	17.67	1.51
48.40	63.17	42.26	83.45	22.49	1.41
49.00	63.25	41.76	83.70	25.59	1.36
49.60	63.36	41.38	83.49	22.56	1.44
50.20	62.98	41.07	83.20	20.01	1.50
50.80	62.27	40.72	82.93	19.08	1.52
51.40	61.20	39.98	82.04	18.40	1.55
52.00	60.63	39.05	81.11	18.65	1.57
52.60	61.04	37.83	80.58	21.10	1.53
53.20	61.02	37.16	80.01	19.96	1.57
53.80	61.00	36.96	79.41	16.27	1.67
54.40	61.42	37.15	79.20	21.63	1.52
55.00	62.05	37.72	79.32	24.04	1.44
55.60	62.86	38.63	79.77	16.69	1.60
56.20	63.44	39.52	80.36	19.12	1.53
56.80	63.74	40.35	81.03	24.37	1.39
57.40	63.65	41.10	82.09	21.35	1.45
58.00	63.86	41.35	82.71	19.20	1.50
58.60	64.27	41.34	82.76	19.39	1.50
59.20	64.07	42.28	82.92	20.29	1.45
59.80	63.69	42.98	83.04	20.49	1.42
60.40	62.91	43.22	83.02	18.79	1.46
61.00	63.55	43.05	83.05	18.10	1.48
61.60	64.49	42.69	83.07	18.24	1.48
62.20	64.79	42.31	82.86	20.61	1.44
62.80	64.87	41.81	82.32	21.03	1.44
63.40	64.81	41.21	81.17	14.64	1.57
64.00	64.79	40.34	80.62	19.11	1.49
64.60	64.79	39.62	80.32	26.24	1.35
65.20	64.72	39.32	79.48	19.21	1.50
65.80	64.95	39.49	79.00	15.91	1.56
66.40	65.49	40.06	79.24	24.45	1.35
67.00	64.99	40.40	79.30	22.32	1.39
67.60	64.26	40.48	79.21	17.45	1.51
68.20	63.78	40.16	78.62	19.38	1.43
68.80	63.63	40.17	78.34	21.86	1.37
69.40	63.79	40.50	78.73	24.89	1.30
70.00	64.04	40.00	78.55	22.02	1.39
70.60	64.44	39.76	78.37	18.54	1.49
71.20	65.06	40.51	78.92	20.77	1.43
71.80	65.21	40.22	79.55	22.90	1.38
72.40	64.90	39.25	80.18	23.99	1.38
73.00	64.39	39.22	80.28	23.78	1.41
73.60	63.91	39.27	80.13	23.59	1.44
74.20	63.59	38.99	79.93	25.18	1.40
74.80	62.68	39.14	79.57	23.98	1.41
75.40	61.46	39.57	79.09	19.87	1.47
76.00	61.29	40.09	79.15	19.97	1.46
76.60	61.04	40.70	79.37	20.47	1.43
77.20	60.43	41.51	79.62	19.12	1.44
77.80	59.96	41.31	79.28	19.69	1.42
78.40	59.87	40.85	78.54	21.54	1.38
79.00	60.58	40.78	78.50	23.48	1.34
79.60	61.24	40.63	78.40	23.64	1.33
80.20	61.70	40.33	77.88	18.88	1.46
80.80	62.36	40.78	77.79	20.15	1.40
81.40	62.80	41.38	77.86	23.15	1.30
82.00	62.62	41.73	77.46	22.13	1.32
82.60	62.55	42.22	77.62	21.70	1.33
83.20	62.65	42.83	78.55	22.70	1.29
83.80	62.73	43.03	79.61	22.94	1.31
84.40	62.87	43.54	80.77	23.01	1.32
85.00	63.15	44.58	82.03	22.81	1.31
85.60	63.08	45.16	83.21	24.86	1.27
86.20	62.84	45.31	84.14	26.01	1.26
86.80	62.48	44.97	84.81	19.47	1.42
87.40	62.26	44.44	84.99	16.66	1.50
88.00	62.15	43.80	84.60	19.85	1.47
88.60	61.73	43.28	84.51	17.89	1.52
89.20	61.59	42.68	84.27	15.92	1.57
89.80	62.44	41.87	83.33	17.63	1.53
90.40	62.36	41.23	83.04	21.47	1.46
91.00	62.01	40.80	83.38	25.73	1.40
91.60	62.07	40.61	83.63	19.58	1.54
92.20	62.05	40.78	83.66	14.41	1.65
92.80	61.84	41.35	83.50	16.13	1.60
93.40	61.88	40.93	82.85	16.10	1.59
94.00	61.96	40.32	82.03	15.53	1.61
94.60	61.75	40.13	81.41	18.26	1.53
95.20	62.01	39.63	80.90	20.75	1.48
95.80	62.86	38.78	80.62	21.89	1.48
96.40	62.82	38.87	79.92	23.61	1.42
97.00	62.87	39.11	79.22	24.38	1.37
97.60	63.76	38.87	79.08	20.43	1.48
98.20	64.44	39.27	79.07	17.42	1.56
98.80	64.87	40.25	79.02	15.99	1.55
99.40	65.70	41.18	79.59	18.96	1.45
100.00	66.40	41.92	80.27	21.72	1.37
100.60	66.62	42.27	80.64	20.41	1.38
101.20	67.03	42.97	81.12	20.05	1.49
101.80	67.63	43.68	81.76	21.01	1.64
102.40	68.63	44.07	83.30	13.99	1.65
103.00	69.11	44.62	84.48	12.99	1.56
103.60	69.06	45.13	84.97	22.81	1.35
104.20	69.22	44.86	85.54	20.15	1.42
104.80	68.72	44.27	85.79	15.51	1.54
105.40	66.95	43.66	85.18	17.73	1.51
106.00	66.38	42.63	84.83	19.12	1.50
106.60	66.05	41.53	84.76	18.94	1.54
107.20	63.96	40.93	83.90	18.75	1.56
107.80	62.28	40.28	82.88	20.30	1.53
108.40	61.71	39.55	82.03	24.90	1.42
109.00	59.97	38.12	80.74	26.74	1.38
109.60	58.26	36.85	79.22	25.64	1.42
110.20	57.92	36.51	78.35	21.21	1.53
110.80	57.67	36.57	77.60	18.18	1.59
111.40	57.24	36.90	76.70	18.73	1.53
112.00	57.13	37.40	76.20	21.24	1.43
112.60	57.38	37.46	76.03	24.44	1.34
113.20	58.18	36.26	75.85	25.53	1.35
113.80	59.16	35.28	75.86	25.30	1.39
114.40	60.28	34.79	76.24	24.41	1.46
115.00	60.43	34.89	76.70	21.00	1.58
115.60	60.53	35.54	77.21	17.67	1.66
116.20	61.36	36.91	77.66	20.58	1.52
116.80	62.15	38.00	78.22	21.82	1.45
117.40	62.78	38.77	78.99	18.43	1.52
118.00	63.32	39.82	79.52	19.97	1.46
118.60	63.65	40.52	79.96	22.67	1.38
119.20	63.68	40.46	80.49	24.05	1.36
119.80	63.62	40.87	80.83	22.38	1.41
120.40	63.66	41.40	80.95	18.01	1.50
121.00	64.44	41.06	81.34	18.92	1.48
121.60	65.44	41.20	81.73	20.53	1.45
122.20	66.74	42.11	82.07	21.04	1.42
122.80	66.65	42.86	81.67	17.78	1.47
123.40	66.29	43.50	81.02	13.90	1.53
124.00	66.54	44.07	80.86	13.18	1.50
124.60	66.80	44.48	80.61	14.10	1.45
125.20	66.98	44.77	80.03	17.50	1.37
125.80	66.58	45.13	80.02	15.35	1.41
126.40	66.56	45.49	80.18	14.04	1.42
127.00	67.38	45.64	80.18	21.62	1.25
127.60	67.96	46.59	80.31	22.39	1.22
128.20	68.36	47.51	80.59	16.50	1.32
128.80	68.97	47.65	80.88	19.13	1.26
129.40	69.14	47.20	81.14	21.89	1.22
130.00	68.76	46.28	81.32	19.63	1.30
130.60	68.68	45.75	81.62	19.09	1.34
131.20	68.58	45.25	82.00	19.67	1.36
131.80	68.23	44.58	82.51	21.74	1.35
132.40	68.27	44.01	82.95	22.28	1.37
133.00	68.40	43.29	83.30	21.13	1.41
133.60	66.70	42.21	83.56	23.93	1.39
134.20	65.24	40.78	83.37	25.55	1.40
134.80	64.42	38.96	82.49	22.92	1.50
135.40	63.85	37.92	81.81	22.90	1.52
136.00	63.29	37.37	81.36	24.67	1.49
136.60	62.44	37.21	80.83	24.99	1.47
137.20	62.18	36.96	80.44	23.80	1.50
137.80	62.55	36.66	80.19	20.18	1.62
138.40	63.22	36.85	80.29	20.42	1.58
139.00	63.45	37.46	80.40	21.76	1.53
139.60	62.73	38.47	80.00	21.92	1.72
140.20	62.97	39.03	80.02	21.84	1.82
140.80	63.58	39.22	80.52	21.74	1.80
141.40	63.26	39.14	80.57	22.68	1.61
142.00	63.35	38.86	80.75	23.91	1.44
142.60	64.17	38.41	81.33	24.79	1.38
143.20	64.37	39.08	82.12	26.26	1.57
143.80	64.32	39.70	82.65	25.99	1.77
144.40	64.16	39.62	82.30	19.23	1.69
145.00	64.20	39.67	82.05	15.64	1.64
145.60	64.32	39.70	81.95	16.25	1.63
146.20	64.14	39.04	81.29	21.93	1.50
146.80	64.32	38.88	80.63	23.55	1.45
147.40	65.14	39.51	80.29	14.98	1.63
148.00	64.39	39.35	79.78	15.95	1.59
148.60	63.86	39.08	79.36	20.21	1.48
149.20	64.82	38.99	79.55	18.21	1.55
149.80	65.68	39.73	79.75	16.14	1.59
150.40	66.25	40.54	79.89	15.18	1.57
151.00	65.25	40.10	79.85	20.70	1.43
151.60	65.42	40.28	80.20	25.34	1.33
152.20	67.08	41.24	81.54	24.24	1.32
152.80	66.65	41.72	82.43	24.28	1.52
153.40	66.04	42.26	82.98	24.03	1.64
154.00	66.25	43.13	83.18	22.90	1.46
154.60	66.43	43.61	83.44	19.47	1.45
155.20	66.26	43.62	83.43	16.48	1.50
155.80	65.43	42.97	82.37	18.18	1.46
156.40	64.86	43.25	81.81	18.66	1.44
157.00	64.46	43.55	81.86	17.77	1.44
157.60	63.95	42.69	81.89	20.39	1.40
158.20	63.75	42.21	81.97	22.39	1.39
158.80	63.80	42.21	82.18	21.96	1.42
159.40	63.61	41.70	82.04	21.68	1.39
160.00	63.23	41.32	81.65	21.54	1.43
160.60	62.42	41.11	80.82	21.51	1.68
161.20	63.95	42.55	81.57	21.56	1.59
161.80	65.25	43.54	82.78	21.23	1.40
162.40	64.50	42.81	83.13	19.97	1.43
163.00	64.73	42.51	83.39	18.27	1.50
163.60	65.31	42.43	83.67	16.29	1.56
164.20	64.88	41.94	83.41	13.17	1.65
164.80	64.77	41.74	83.05	11.92	1.67
165.40	65.13	41.82	82.97	15.61	1.59
166.00	64.14	41.60	82.22	14.96	1.59
166.60	63.04	41.09	81.29	14.55	1.59
167.20	62.63	40.26	80.67	19.57	1.49
167.80	60.94	39.09	79.73	22.36	1.43
168.40	59.17	38.27	78.62	21.94	1.45
169.00	59.22	38.68	78.39	16.39	1.57
169.60	58.75	39.15	78.41	13.12	1.64
170.20	57.50	39.47	78.43	16.90	1.54
170.80	57.12	39.75	78.41	18.99	1.47
171.40	57.29	39.53	78.53	19.56	1.46
172.00	57.90	38.27	79.09	17.36	1.57
172.60	58.25	37.32	79.26	19.02	1.57
173.20	58.47	36.59	79.01	23.68	1.47
173.80	58.68	36.07	78.90	19.12	1.62
174.40	59.01	35.63	78.74	16.52	1.71
175.00	59.53	35.20	78.42	21.68	1.58
175.60	59.60	35.45	77.95	22.00	1.54
176.20	59.62	36.09	77.42	18.54	1.58
176.80	59.90	37.11	77.28	18.32	1.69
177.40	60.22	37.77	77.12	18.05	1.72
178.00	60.56	38.08	76.88	16.15	1.60
178.60	61.22	38.65	76.60	17.06	1.49
=======
TIEMPO	VFSCd	VFSCi	PAMn	PCC	RAP
0.40	66.82	42.31	82.63	20.84	1.23
1.00	65.52	42.95	83.36	19.36	1.52
1.60	64.87	43.44	83.72	19.04	1.66
2.20	65.18	43.91	83.38	21.87	1.45
2.80	65.13	43.61	83.08	23.25	1.33
3.40	64.68	42.70	83.08	22.05	1.40
4.00	64.78	42.24	82.49	20.75	1.43
4.60	64.83	41.88	81.85	20.77	1.41
5.20	64.48	41.48	81.60	24.41	1.35
5.80	64.59	41.18	81.57	26.92	1.28
6.40	64.87	40.87	81.69	27.29	1.25
7.00	65.07	40.07	81.36	20.21	1.47
7.60	65.01	39.81	81.20	16.11	1.61
8.20	64.71	40.23	81.59	22.40	1.45
8.80	64.01	41.27	82.08	26.36	1.33
9.40	63.81	42.59	82.85	27.25	1.28
10.00	65.21	44.30	84.11	24.42	1.34
10.60	64.69	45.05	85.41	19.38	1.45
11.20	63.81	45.25	86.34	15.24	1.53
11.80	63.82	45.14	86.21	17.84	1.50
12.40	63.71	44.47	86.05	18.99	1.50
13.00	63.39	43.55	86.09	17.07	1.56
13.60	62.81	43.72	85.32	15.94	1.56
14.20	62.63	44.08	84.42	16.48	1.51
14.80	63.59	44.48	83.88	19.96	1.41
15.40	63.57	43.87	83.40	22.63	1.35
16.00	63.28	42.79	83.04	23.83	1.34
16.60	63.26	41.05	82.79	25.50	1.35
17.20	63.41	41.34	82.97	24.12	1.40
17.80	63.71	43.47	83.83	17.20	1.51
18.40	64.69	43.84	84.35	15.08	1.55
19.00	65.42	44.01	84.54	15.61	1.54
19.60	65.40	44.86	84.43	17.79	1.45
20.20	65.27	44.86	84.09	19.83	1.40
20.80	65.11	44.38	83.53	21.46	1.38
21.40	64.11	44.00	82.40	20.83	1.38
22.00	63.47	43.56	81.27	19.60	1.39
22.60	64.25	43.05	80.69	18.70	1.40
23.20	63.10	42.34	79.81	18.24	1.41
23.80	61.65	41.90	78.65	18.08	1.41
24.40	62.60	42.78	78.15	16.60	1.43
25.00	63.34	43.57	78.00	15.11	1.43
25.60	63.22	44.01	78.01	13.93	1.43
26.20	63.50	44.36	78.46	16.87	1.36
26.80	64.02	45.00	79.22	21.91	1.26
27.40	64.65	46.34	80.03	21.94	1.24
28.00	65.60	47.42	80.66	20.20	1.26
28.60	66.63	48.08	81.10	17.44	1.33
29.20	66.95	48.27	82.17	16.18	1.19
29.80	66.77	48.01	83.15	17.20	1.11
30.40	66.16	47.34	83.70	21.50	1.23
31.00	65.48	48.19	83.97	20.54	1.30
31.60	65.00	48.78	84.03	18.39	1.31
32.20	64.91	47.90	83.82	19.82	1.30
32.80	64.63	46.87	83.56	21.28	1.30
33.40	64.42	45.77	83.37	22.23	1.31
34.00	65.08	44.80	84.11	22.45	1.26
34.60	64.99	43.45	84.66	22.45	1.23
35.20	63.93	41.71	84.44	21.87	1.29
35.80	63.21	39.31	83.99	23.94	1.39
36.40	62.54	37.89	83.38	25.27	1.48
37.00	61.70	38.39	82.70	20.55	1.59
37.60	61.43	38.78	81.78	18.27	1.61
38.20	61.59	39.11	80.62	19.58	1.53
38.80	61.57	40.14	79.91	19.54	1.48
39.40	61.55	40.81	79.50	19.26	1.45
40.00	61.56	40.72	79.36	19.55	1.45
40.60	61.67	41.58	79.26	17.84	1.46
41.20	61.72	42.39	79.20	15.04	1.48
41.80	61.48	42.40	79.53	21.86	1.33
42.40	61.44	42.00	79.65	25.21	1.27
43.00	61.68	41.52	79.22	20.56	1.38
43.60	62.55	42.80	79.47	19.56	1.38
44.20	63.29	43.98	79.89	20.51	1.33
44.80	63.60	44.40	80.00	22.72	1.27
45.40	63.09	43.10	80.46	24.27	1.26
46.00	62.47	41.71	81.25	24.43	1.32
46.60	62.54	42.07	81.89	17.91	1.49
47.20	62.75	42.47	82.46	13.67	1.60
47.80	63.03	42.65	82.99	17.67	1.51
48.40	63.17	42.26	83.45	22.49	1.41
49.00	63.25	41.76	83.70	25.59	1.36
49.60	63.36	41.38	83.49	22.56	1.44
50.20	62.98	41.07	83.20	20.01	1.50
50.80	62.27	40.72	82.93	19.08	1.52
51.40	61.20	39.98	82.04	18.40	1.55
52.00	60.63	39.05	81.11	18.65	1.57
52.60	61.04	37.83	80.58	21.10	1.53
53.20	61.02	37.16	80.01	19.96	1.57
53.80	61.00	36.96	79.41	16.27	1.67
54.40	61.42	37.15	79.20	21.63	1.52
55.00	62.05	37.72	79.32	24.04	1.44
55.60	62.86	38.63	79.77	16.69	1.60
56.20	63.44	39.52	80.36	19.12	1.53
56.80	63.74	40.35	81.03	24.37	1.39
57.40	63.65	41.10	82.09	21.35	1.45
58.00	63.86	41.35	82.71	19.20	1.50
58.60	64.27	41.34	82.76	19.39	1.50
59.20	64.07	42.28	82.92	20.29	1.45
59.80	63.69	42.98	83.04	20.49	1.42
60.40	62.91	43.22	83.02	18.79	1.46
61.00	63.55	43.05	83.05	18.10	1.48
61.60	64.49	42.69	83.07	18.24	1.48
62.20	64.79	42.31	82.86	20.61	1.44
62.80	64.87	41.81	82.32	21.03	1.44
63.40	64.81	41.21	81.17	14.64	1.57
64.00	64.79	40.34	80.62	19.11	1.49
64.60	64.79	39.62	80.32	26.24	1.35
65.20	64.72	39.32	79.48	19.21	1.50
65.80	64.95	39.49	79.00	15.91	1.56
66.40	65.49	40.06	79.24	24.45	1.35
67.00	64.99	40.40	79.30	22.32	1.39
67.60	64.26	40.48	79.21	17.45	1.51
68.20	63.78	40.16	78.62	19.38	1.43
68.80	63.63	40.17	78.34	21.86	1.37
69.40	63.79	40.50	78.73	24.89	1.30
70.00	64.04	40.00	78.55	22.02	1.39
70.60	64.44	39.76	78.37	18.54	1.49
71.20	65.06	40.51	78.92	20.77	1.43
71.80	65.21	40.22	79.55	22.90	1.38
72.40	64.90	39.25	80.18	23.99	1.38
73.00	64.39	39.22	80.28	23.78	1.41
73.60	63.91	39.27	80.13	23.59	1.44
74.20	63.59	38.99	79.93	25.18	1.40
74.80	62.68	39.14	79.57	23.98	1.41
75.40	61.46	39.57	79.09	19.87	1.47
76.00	61.29	40.09	79.15	19.97	1.46
76.60	61.04	40.70	79.37	20.47	1.43
77.20	60.43	41.51	79.62	19.12	1.44
77.80	59.96	41.31	79.28	19.69	1.42
78.40	59.87	40.85	78.54	21.54	1.38
79.00	60.58	40.78	78.50	23.48	1.34
79.60	61.24	40.63	78.40	23.64	1.33
80.20	61.70	40.33	77.88	18.88	1.46
80.80	62.36	40.78	77.79	20.15	1.40
81.40	62.80	41.38	77.86	23.15	1.30
82.00	62.62	41.73	77.46	22.13	1.32
82.60	62.55	42.22	77.62	21.70	1.33
83.20	62.65	42.83	78.55	22.70	1.29
83.80	62.73	43.03	79.61	22.94	1.31
84.40	62.87	43.54	80.77	23.01	1.32
85.00	63.15	44.58	82.03	22.81	1.31
85.60	63.08	45.16	83.21	24.86	1.27
86.20	62.84	45.31	84.14	26.01	1.26
86.80	62.48	44.97	84.81	19.47	1.42
87.40	62.26	44.44	84.99	16.66	1.50
88.00	62.15	43.80	84.60	19.85	1.47
88.60	61.73	43.28	84.51	17.89	1.52
89.20	61.59	42.68	84.27	15.92	1.57
89.80	62.44	41.87	83.33	17.63	1.53
90.40	62.36	41.23	83.04	21.47	1.46
91.00	62.01	40.80	83.38	25.73	1.40
91.60	62.07	40.61	83.63	19.58	1.54
92.20	62.05	40.78	83.66	14.41	1.65
92.80	61.84	41.35	83.50	16.13	1.60
93.40	61.88	40.93	82.85	16.10	1.59
94.00	61.96	40.32	82.03	15.53	1.61
94.60	61.75	40.13	81.41	18.26	1.53
95.20	62.01	39.63	80.90	20.75	1.48
95.80	62.86	38.78	80.62	21.89	1.48
96.40	62.82	38.87	79.92	23.61	1.42
97.00	62.87	39.11	79.22	24.38	1.37
97.60	63.76	38.87	79.08	20.43	1.48
98.20	64.44	39.27	79.07	17.42	1.56
98.80	64.87	40.25	79.02	15.99	1.55
99.40	65.70	41.18	79.59	18.96	1.45
100.00	66.40	41.92	80.27	21.72	1.37
100.60	66.62	42.27	80.64	20.41	1.38
101.20	67.03	42.97	81.12	20.05	1.49
101.80	67.63	43.68	81.76	21.01	1.64
102.40	68.63	44.07	83.30	13.99	1.65
103.00	69.11	44.62	84.48	12.99	1.56
103.60	69.06	45.13	84.97	22.81	1.35
104.20	69.22	44.86	85.54	20.15	1.42
104.80	68.72	44.27	85.79	15.51	1.54
105.40	66.95	43.66	85.18	17.73	1.51
106.00	66.38	42.63	84.83	19.12	1.50
106.60	66.05	41.53	84.76	18.94	1.54
107.20	63.96	40.93	83.90	18.75	1.56
107.80	62.28	40.28	82.88	20.30	1.53
108.40	61.71	39.55	82.03	24.90	1.42
109.00	59.97	38.12	80.74	26.74	1.38
109.60	58.26	36.85	79.22	25.64	1.42
110.20	57.92	36.51	78.35	21.21	1.53
110.80	57.67	36.57	77.60	18.18	1.59
111.40	57.24	36.90	76.70	18.73	1.53
112.00	57.13	37.40	76.20	21.24	1.43
112.60	57.38	37.46	76.03	24.44	1.34
113.20	58.18	36.26	75.85	25.53	1.35
113.80	59.16	35.28	75.86	25.30	1.39
114.40	60.28	34.79	76.24	24.41	1.46
115.00	60.43	34.89	76.70	21.00	1.58
115.60	60.53	35.54	77.21	17.67	1.66
116.20	61.36	36.91	77.66	20.58	1.52
116.80	62.15	38.00	78.22	21.82	1.45
117.40	62.78	38.77	78.99	18.43	1.52
118.00	63.32	39.82	79.52	19.97	1.46
118.60	63.65	40.52	79.96	22.67	1.38
119.20	63.68	40.46	80.49	24.05	1.36
119.80	63.62	40.87	80.83	22.38	1.41
120.40	63.66	41.40	80.95	18.01	1.50
121.00	64.44	41.06	81.34	18.92	1.48
121.60	65.44	41.20	81.73	20.53	1.45
122.20	66.74	42.11	82.07	21.04	1.42
122.80	66.65	42.86	81.67	17.78	1.47
123.40	66.29	43.50	81.02	13.90	1.53
124.00	66.54	44.07	80.86	13.18	1.50
124.60	66.80	44.48	80.61	14.10	1.45
125.20	66.98	44.77	80.03	17.50	1.37
125.80	66.58	45.13	80.02	15.35	1.41
126.40	66.56	45.49	80.18	14.04	1.42
127.00	67.38	45.64	80.18	21.62	1.25
127.60	67.96	46.59	80.31	22.39	1.22
128.20	68.36	47.51	80.59	16.50	1.32
128.80	68.97	47.65	80.88	19.13	1.26
129.40	69.14	47.20	81.14	21.89	1.22
130.00	68.76	46.28	81.32	19.63	1.30
130.60	68.68	45.75	81.62	19.09	1.34
131.20	68.58	45.25	82.00	19.67	1.36
131.80	68.23	44.58	82.51	21.74	1.35
132.40	68.27	44.01	82.95	22.28	1.37
133.00	68.40	43.29	83.30	21.13	1.41
133.60	66.70	42.21	83.56	23.93	1.39
134.20	65.24	40.78	83.37	25.55	1.40
134.80	64.42	38.96	82.49	22.92	1.50
135.40	63.85	37.92	81.81	22.90	1.52
136.00	63.29	37.37	81.36	24.67	1.49
136.60	62.44	37.21	80.83	24.99	1.47
137.20	62.18	36.96	80.44	23.80	1.50
137.80	62.55	36.66	80.19	20.18	1.62
138.40	63.22	36.85	80.29	20.42	1.58
139.00	63.45	37.46	80.40	21.76	1.53
139.60	62.73	38.47	80.00	21.92	1.72
140.20	62.97	39.03	80.02	21.84	1.82
140.80	63.58	39.22	80.52	21.74	1.80
141.40	63.26	39.14	80.57	22.68	1.61
142.00	63.35	38.86	80.75	23.91	1.44
142.60	64.17	38.41	81.33	24.79	1.38
143.20	64.37	39.08	82.12	26.26	1.57
143.80	64.32	39.70	82.65	25.99	1.77
144.40	64.16	39.62	82.30	19.23	1.69
145.00	64.20	39.67	82.05	15.64	1.64
145.60	64.32	39.70	81.95	16.25	1.63
146.20	64.14	39.04	81.29	21.93	1.50
146.80	64.32	38.88	80.63	23.55	1.45
147.40	65.14	39.51	80.29	14.98	1.63
148.00	64.39	39.35	79.78	15.95	1.59
148.60	63.86	39.08	79.36	20.21	1.48
149.20	64.82	38.99	79.55	18.21	1.55
149.80	65.68	39.73	79.75	16.14	1.59
150.40	66.25	40.54	79.89	15.18	1.57
151.00	65.25	40.10	79.85	20.70	1.43
151.60	65.42	40.28	80.20	25.34	1.33
152.20	67.08	41.24	81.54	24.24	1.32
152.80	66.65	41.72	82.43	24.28	1.52
153.40	66.04	42.26	82.98	24.03	1.64
154.00	66.25	43.13	83.18	22.90	1.46
154.60	66.43	43.61	83.44	19.47	1.45
155.20	66.26	43.62	83.43	16.48	1.50
155.80	65.43	42.97	82.37	18.18	1.46
156.40	64.86	43.25	81.81	18.66	1.44
157.00	64.46	43.55	81.86	17.77	1.44
157.60	63.95	42.69	81.89	20.39	1.40
158.20	63.75	42.21	81.97	22.39	1.39
158.80	63.80	42.21	82.18	21.96	1.42
159.40	63.61	41.70	82.04	21.68	1.39
160.00	63.23	41.32	81.65	21.54	1.43
160.60	62.42	41.11	80.82	21.51	1.68
161.20	63.95	42.55	81.57	21.56	1.59
161.80	65.25	43.54	82.78	21.23	1.40
162.40	64.50	42.81	83.13	19.97	1.43
163.00	64.73	42.51	83.39	18.27	1.50
163.60	65.31	42.43	83.67	16.29	1.56
164.20	64.88	41.94	83.41	13.17	1.65
164.80	64.77	41.74	83.05	11.92	1.67
165.40	65.13	41.82	82.97	15.61	1.59
166.00	64.14	41.60	82.22	14.96	1.59
166.60	63.04	41.09	81.29	14.55	1.59
167.20	62.63	40.26	80.67	19.57	1.49
167.80	60.94	39.09	79.73	22.36	1.43
168.40	59.17	38.27	78.62	21.94	1.45
169.00	59.22	38.68	78.39	16.39	1.57
169.60	58.75	39.15	78.41	13.12	1.64
170.20	57.50	39.47	78.43	16.90	1.54
170.80	57.12	39.75	78.41	18.99	1.47
171.40	57.29	39.53	78.53	19.56	1.46
172.00	57.90	38.27	79.09	17.36	1.57
172.60	58.25	37.32	79.26	19.02	1.57
173.20	58.47	36.59	79.01	23.68	1.47
173.80	58.68	36.07	78.90	19.12	1.62
174.40	59.01	35.63	78.74	16.52	1.71
175.00	59.53	35.20	78.42	21.68	1.58
175.60	59.60	35.45	77.95	22.00	1.54
176.20	59.62	36.09	77.42	18.54	1.58
176.80	59.90	37.11	77.28	18.32	1.69
177.40	60.22	37.77	77.12	18.05	1.72
178.00	60.56	38.08	76.88	16.15	1.60
178.60	61.22	38.65	76.60	17.06	1.49
>>>>>>> 4966aae922150d281e7f47d431009d8054258bc0
179.20	62.18	39.48	76.29	20.80	1.38