Time	ABP	LCBFV	RCBFV
-78.0	0.06741172682284972	0.13163642846315327	0.12253666873283242
-77.6	0.15612652045881448	0.17244153307797871	0.14159108596802117
-77.2	0.2975677181095899	0.26706333973653607	0.1746289759794286
-76.8	0.4541929961230602	0.4396012294314131	0.2445541359369301
-76.4	0.6022759326594176	0.6447949496493965	0.3774592270920589
-76.0	0.728842978426972	0.7980118242753802	0.5483134675662837
-75.6	0.8286774149961178	0.8782088104334123	0.6725256646947324
-75.2	0.9016965055123313	0.9123117352593275	0.7188107015070031
-74.8	0.9508399671791976	0.924044513544636	0.7135365214009468
-74.4	0.9804938551142541	0.9243547596090589	0.686622314993997
-74.0	0.9954043304929681	0.9174497127652459	0.6580717390317412
-73.6	1.0	0.9051375202272172	0.6357733475195868
-73.2	0.9980295716085953	0.8888807705843909	0.6196357381823905
-72.8	0.9924249549652986	0.8707394832912425	0.6078160798551062
-72.4	0.9853119355764359	0.85339525092783	0.5992586762598169
-72.0	0.9781062734164401	0.8393430139704101	0.5935342055335635
-71.6	0.9716492296567552	0.8299387026633771	0.5902993714841127
-71.2	0.9663511315561246	0.8250889909548307	0.5891216262858547
-70.8	0.9623236563673749	0.8237063961241824	0.5895224521453848
-70.4	0.9594907526201965	0.8244104853342651	0.5910494078007389
-70.0	0.9576746622991714	0.8260251341317981	0.5933086569781336
-69.6	0.9566577430203744	0.8277644578866945	0.5959845929980983
-69.2	0.9562231973496089	0.8292104711927646	0.5988358063221639
-68.8	0.9561788834733969	0.8302103931774014	0.6016915897599855
-68.4	0.9563685425469809	0.8307739528112643	0.6044419917511705
-68.0	0.9566743894794315	0.83098835049806	0.6070211488915698
-67.6	0.9570143460368283	0.8309645685697769	0.6094008340079782
-67.2	0.9573364377578013	0.8308053017167283	0.6115748640053109
-66.8	0.9576121506577112	0.8305901833654392	0.6135507661297579
-66.4	0.9578299177351507	0.8303718220239289	0.6153452078550208
-66.0	0.957989407519589	0.8301794046041833	0.616978351447675
-65.6	0.958096919831518	0.8300241014058489	0.6184690150231935
-65.2	0.9581619444793907	0.8299051917644324	0.6198354790366025
-64.8	0.9581947860024498	0.8298172706962341	0.6210938733011648
-64.4	0.9582050787931264	0.8297531315563185	0.6222573704977101
-64.0	0.9582009902739096	0.8297044867030121	0.623336455004857
-63.6	0.958188916704134	0.829666651817107	0.6243402670501199
-63.2	0.9581735020197326	0.8296356632438893	0.6252744520681404
-62.8	0.9581578441679759	0.8296093589898792	0.6261454619842226
-62.4	0.958143788492917	0.8295870183905829	0.6269575980819031
-62.0	0.9581322395178903	0.8295679207815074	0.6277143551540556
-61.6	0.9581234487809865	0.8295520661626514	0.6284194968237724
-61.2	0.9581172565393483	0.8295383735372761	0.629076249053707
-60.8	0.9581132794628786	0.8295279239021212	0.6296875689762915
-60.4	0.9581110457117459	0.8295196362604469	0.6302558760635133
-60.0	0.9581100840793987	0.8295127899477586	0.630784665108246
-59.6	0.9581099762417915	0.829507745296306	0.6312768932429211
-59.2	0.9581103815302958	0.8295037816415922	0.6317341734488648
-58.8	0.9581110428175537	0.829500538651371	0.6321594628585077
-58.4	0.9581117806622393	0.829498016325644	0.6325546432833962
-58.0	0.9581124812152524	0.8294958543321638	0.6329229406861847
-57.6	0.9581130818120823	0.8294940526709302	0.6332656992179766
-57.2	0.9581135568127304	0.8294918906774496	0.6335848006903184
-56.8	0.9581139051649005	0.8294908096807094	0.6338823957449806
-56.4	0.9581141403645693	0.8294893683517226	0.6341598285330656
-56.0	0.9581142829423992	0.8294882873549825	0.6344187120359015
-55.6	0.9581143552699152	0.8294872063582424	0.6346603904045924
-55.2	0.9581143783060494	0.8294861253615022	0.6348870142809062
-54.8	0.9581143698449829	0.8294854046970088	0.635097777174181
-54.4	0.9581143438404887	0.8294846840325163	0.6352956362168465
-54.0	0.9581143104373315	0.8294843237002687	0.6354805914089035
-53.6	0.9581142764141715	0.829483963368022	0.6356542557316782
-53.2	0.9581142458186219	0.8294836030357753	0.6358168980153911
-52.8	0.9581142206443499	0.8294832427035286	0.6359687870902624
-52.4	0.9581142014573277	0.8294832427035286	0.6361120735980634
-52.0	0.9581141879225274	0.8294828823712819	0.6362464887085704
-51.6	0.958114179213424	0.8294825220390352	0.6363723012520035
-51.2	0.958114174307155	0.8294825220390352	0.6364911242096918
-50.8	0.958114172179592	0.8294825220390352	0.6366026887514122
-50.4	0.9581141719200008	0.8294825220390352	0.6367075325376073
-50.0	0.9581141727856862	0.8294825220390352	0.6368061932287192
-49.6	0.958114174215348	0.8294825220390352	0.6368992084851897
-49.2	0.958114175816698	0.8294821617067885	0.6369865783070185
-48.8	0.9581141773403621	0.8294825220390352	0.6370693780150907
-48.4	0.9581141786486354	0.8294821617067885	0.6371470699489636
-48.0	0.9581141796846981	0.8294821617067885	0.6372207294295213
-47.6	0.9581141804455386	0.8294821617067885	0.6372900876265426
-47.2	0.9581141809600576	0.8294821617067885	0.6373554133702486
-46.8	0.9581141812726701	0.8294818013745417	0.6374175131513029
-46.4	0.9581141814319384	0.8294818013745417	0.6374761181394835
-46.0	0.9581141814834578	0.8294818013745417	0.6375314971650123
-45.6	0.9581141814660036	0.8294818013745417	0.6375839190581098
-45.2	0.9581141814100037	0.8294818013745417	0.6376331149885557
-44.8	0.9581141813376217	0.8294818013745417	0.6376801602772328
-44.4	0.9581141812637005	0.8294818013745417	0.6377245172636998
-44.0	0.9581141811970996	0.8294818013745417	0.6377664547781778
-43.6	0.9581141811422268	0.8294818013745417	0.6378062416508881
-43.2	0.9581141811003462	0.8294818013745417	0.6378438778818296
-42.8	0.9581141810707701	0.8294818013745417	0.6378796323012246
-42.4	0.9581141810516962	0.8294818013745417	0.637913504909073
-42.0	0.9581141810409202	0.8294818013745417	0.6379457645355933
-41.6	0.9581141810362146	0.8294818013745417	0.6379764111807891
-41.2	0.9581141810355953	0.8294818013745417	0.6380049071842162
-40.8	0.9581141810374432	0.8294818013745417	0.6380325966969806
-40.4	0.9581141810405337	0.8294818013745417	0.63805894205864
-40.0	0.9581141810440088	0.8294818013745417	0.6380836744389731
-39.6	0.9581141810473229	0.8294818013745417	0.6381070626682019
-39.2	0.9581141810501724	0.8294818013745417	0.6381293755765451
-38.8	0.958114181052432	0.8294818013745417	0.638150344333785
-38.4	0.958114181054094	0.8294818013745417	0.638171044260802
-38.0	0.9581141810552191	0.8294818013745417	0.6381901312064953
-37.6	0.958114181055909	0.8294818013745417	0.638208142831302
-37.2	0.958114181056257	0.8294818013745417	0.6382258856258893
-36.8	0.9581141810563671	0.8294818013745417	0.6382420154391504
-36.4	0.9581141810563303	0.8294818013745417	0.638257607591969
-36.0	0.9581141810562113	0.8294818013745417	0.638272393254125
-35.6	0.9581141810560556	0.8294818013745417	0.6382869100860589
-35.2	0.9581141810558998	0.8294818013745417	0.6383000827668885
-34.8	0.9581141810557531	0.8294818013745417	0.638312986617497
-34.4	0.9581141810556342	0.8294818013745417	0.6383250839774428
-34.0	0.9581141810555424	0.8294818013745417	0.6383369125071683
-33.6	0.9581141810554785	0.8294818013745417	0.6383479345462302
-33.2	0.9581141810554344	0.8294818013745417	0.6383584189248497
-32.8	0.9581141810554105	0.8294818013745417	0.6383683656430259
-32.4	0.9581141810554005	0.8294818013745417	0.6383777747007615
-32.0	0.9581141810553986	0.8294818013745417	0.6383869149282759
-31.6	0.9581141810554022	0.8294818013745417	0.6383955174953488
-31.2	0.9581141810554096	0.8294818013745417	0.6384041200624209
-30.8	0.9581141810554169	0.8294818013745417	0.638411647308609
-30.4	0.9581141810554241	0.8294818013745417	0.6384194433850183
-30.0	0.9581141810554298	0.8294818013745417	0.638426432970765
-29.6	0.9581141810554351	0.8294818013745417	0.6384336913867328
-29.2	0.9581141810554389	0.8294818013745417	0.6384398744818158
-28.8	0.9581141810554417	0.8294818013745417	0.6384460575768989
-28.4	0.9581141810554417	0.8294818013745417	0.6384517030115404
-28.0	0.9581141810554417	0.8294818013745417	0.6384576172764023
-27.6	0.9581141810554417	0.8294818013745417	0.6384632627110438
-27.2	0.9581141810554417	0.8294818013745417	0.6384681016550218
-26.8	0.9581141810554417	0.8294818013745417	0.6384726717687794
-26.4	0.9581141810554417	0.8294818013745417	0.6384775107127574
-26.0	0.9581141810554417	0.8294818013745417	0.6384818119962938
-25.6	0.9581141810554417	0.8294818013745417	0.6384861132798303
-25.2	0.9581141810554417	0.8294818013745417	0.6384898769029244
-24.8	0.9581141810554417	0.8294818013745417	0.6384941781864599
-24.4	0.9581141810554417	0.8294818013745417	0.6384976729793337
-24.0	0.9581141810554417	0.8294818013745417	0.6385008989419854
-23.6	0.9581141810554417	0.8294818013745417	0.6385041249046379
-23.2	0.9581141810554417	0.8294818013745417	0.6385076196975108
-22.8	0.9581141810554417	0.8294818013745417	0.6385108456601634
-22.4	0.9581141810554417	0.8294818013745417	0.6385138027925947
-22.0	0.9581141810554417	0.8294818013745417	0.6385162222645837
-21.6	0.9581141810554417	0.8294818013745417	0.6385189105667939
-21.2	0.9581141810554417	0.8294818013745417	0.6385213300387829
-20.8	0.9581141810554417	0.8294818013745417	0.6385237495107727
-20.4	0.9581141810554417	0.8294818013745417	0.6385261689827617
-20.0	0.9581141810554417	0.8294818013745417	0.6385280507943074
-19.6	0.9581141810554417	0.8294818013745417	0.6385304702662973
-19.2	0.9581141810554417	0.8294818013745417	0.6385323520778439
-18.8	0.9581141810554417	0.8294818013745417	0.6385342338893922
-18.4	0.9581141810554417	0.8294818013745417	0.6385358468707176
-18.0	0.9581141810554417	0.8294818013745417	0.6385377286822642
-17.6	0.9581141810554417	0.8294818013745417	0.6385396104938117
-17.2	0.9581141810554417	0.8294818013745417	0.6385409546449159
-16.8	0.9581141810554417	0.8294818013745417	0.6385422987960219
-16.4	0.9581141810554417	0.8294818013745417	0.6385439117773481
-16.0	0.9581141810554417	0.8294818013745417	0.6385452559284532
-15.6	0.9581141810554417	0.8294818013745417	0.6385466000795583
-15.2	0.9581141810554417	0.8294818013745417	0.6385476754004422
-14.8	0.9581141810554417	0.8294818013745417	0.6385490195515473
-14.4	0.9581141810554417	0.8294818013745417	0.6385500948724312
-14.0	0.9581141810554417	0.8294818013745417	0.6385509013630939
-13.6	0.9581141810554417	0.8294818013745417	0.6385519766839787
-13.2	0.9581141810554417	0.8294818013745417	0.6385527831746414
-12.8	0.9581141810554417	0.8294818013745417	0.6385543961559677
-12.4	0.9581141810554417	0.8294818013745417	0.6385552026466303
-12.0	0.9581141810554417	0.8294818013745417	0.6385557403070727
-11.6	0.9581141810554417	0.8294818013745417	0.6385568156279566
-11.2	0.9581141810554417	0.8294818013745417	0.6385570844581778
-10.8	0.9581141810554417	0.8294818013745417	0.6385581597790617
-10.4	0.9581141810554417	0.8294818013745417	0.6385589662697244
-10.0	0.9581141810554417	0.8294818013745417	0.6385595039301668
-9.6	0.9581141810554417	0.8294818013745417	0.6385600415906083
-9.2	0.9581141810554417	0.8294818013745417	0.6385605792510507
-8.8	0.9581141810554417	0.8294818013745417	0.6385613857417134
-8.4	0.9581141810554417	0.8294818013745417	0.6385619234021558
-8.0	0.9581141810554417	0.8294818013745417	0.6385624610625973
-7.6	0.9581141810554417	0.8294818013745417	0.6385629987230397
-7.2	0.9581141810554417	0.8294818013745417	0.6385632675532609
-6.8	0.9581141810554417	0.8294818013745417	0.6385638052137024
-6.4	0.9581141810554417	0.8294818013745417	0.6385643428741448
-6.0	0.9581141810554417	0.8294818013745417	0.6385648805345872
-5.6	0.9581141810554417	0.8294818013745417	0.6385651493648075
-5.2	0.9581141810554417	0.8294818013745417	0.6385656870252499
-4.8	0.9581141810554417	0.8294818013745417	0.6385656870252499
-4.4	0.9581141810554417	0.8294818013745417	0.6385662246856922
-4.0	0.9581141810554417	0.8294818013745417	0.6385667623461337
-3.6	0.9581141810554417	0.8294818013745417	0.6385667623461337
-3.2	0.9581141810554417	0.8294818013745417	0.6385673000065761
-2.8	0.9581141810554417	0.8294818013745417	0.6385675688367973
-2.4	0.9581141810554417	0.8294818013745417	0.6385675688367973
-2.0	0.9581141810554417	0.8294818013745417	0.6385681064972388
-1.6	0.9581141810554417	0.8294818013745417	0.6385681064972388
-1.2	0.9581141810554417	0.8294818013745417	0.6385686441576812
-0.8	0.9581141810554417	0.8294818013745417	0.6385686441576812
-0.4	0.9581141810554417	0.8294818013745417	0.6385691818181236
0.0	0.9581141810554417	0.8294818013745417	0.6385691818181236
0.4	0.9581141810554417	0.8294818013745417	0.6385694506483439
0.8	0.9581141810554417	0.8294818013745417	0.6385694506483439
1.2	0.9581141810554417	0.8294818013745417	0.6385694506483439
1.6	0.9325882731771457	0.8258644259497627	0.627806026259421
2.0	0.843873479541181	0.8084895653453783	0.5822914568605739
2.4	0.7024322818904056	0.7638278246939545	0.48933803134086684
2.8	0.5458070038769351	0.6777603055724288	0.3654758511601788
3.2	0.39772406734057786	0.5445663732319441	0.24555982979373958
3.6	0.2711570215730236	0.38816848553195493	0.15767707990278357
4.0	0.17132258500387848	0.25977345805323004	0.11006563478003395
4.4	0.0983034944876641	0.1957661997401332	0.09791746592267225
4.8	0.04916003282079817	0.19509526109674846	0.11310287861704049
5.2	0.01950614488574446	0.23359784265506134	0.1477257916115402
5.6	0.004595669507025765	0.2850370725349616	0.19428019630526627
6.0	0.0	0.33312232986243107	0.24555042073600486
6.4	0.001970428391404537	0.37209226234473425	0.29509314216651195
6.8	0.007575045034696991	0.4021173071345667	0.3379672611345681
7.2	0.014688064423555941	0.42535225106728847	0.37121322573703974
7.6	0.02189372658355987	0.4438877418383438	0.39386432249916403
8.0	0.028350770343242414	0.4591045726171479	0.40654477519413135
8.4	0.03364886844387128	0.47176304444427064	0.4108855767728299
8.8	0.03767634363262206	0.48227717907118794	0.40896639782501687
9.2	0.04050924737979743	0.49091866701192366	0.40288276992349115
9.6	0.04232533770082475	0.49791307625292225	0.3944565554760544
10.0	0.04334225697962158	0.5034737234842388	0.3850934677083897
10.4	0.0437768026503866	0.5078124840669429	0.3757540370001733
10.8	0.04382111652659886	0.5111365490428952	0.3670116782128261
11.2	0.0436314574530143	0.513639777160829	0.3591438241344349
11.6	0.04332561052056362	0.5154976502248951	0.35223085500108287
12.0	0.042985653963167406	0.5168611474464675	0.3462359410724902
12.4	0.042663562242194204	0.5178556644474028	0.3410636476201976
12.8	0.0423878493422843	0.5185806529277945	0.3365991841398328
13.2	0.0421700822648452	0.5191121429917005	0.332726684806139
13.6	0.04201059248040673	0.5195059861373599	0.32934453179557277
14.0	0.04190308016847743	0.5198025395764079	0.3263642799654214
14.4	0.04183805552060373	0.5200302695563321	0.3237160334582212
14.8	0.04180521399754266	0.5202068323572235	0.32134226260667553
15.2	0.04179492120687013	0.520345560272208	0.3191994169149792
15.6	0.04179900972608181	0.5204547409429638	0.31725201079396026
16.0	0.041811083295859995	0.5205397793531881	0.3154736988819584
16.4	0.041826497980267635	0.5206046391575967	0.3138424371008508
16.8	0.04184215583202051	0.5206518426819167	0.31234236446759756
17.2	0.0418562115070811	0.5206842725841212	0.3109595018107072
17.6	0.04186776048210639	0.5207040908576905	0.30968255826089486
18.0	0.04187655121900773	0.5207130991638582	0.30850346891153
18.4	0.04188274346064996	0.5207138198283516	0.3074139000257645
18.8	0.04188672053711745	0.5207073338479109	0.30640659318762875
19.2	0.041888954288249444	0.5206954428837691	0.30547724711358626
19.6	0.04188991592059674	0.5206792279326669	0.3046199475387752
20.0	0.04189002375820357	0.5206604906558376	0.3038298555192176
20.4	0.04188961846969933	0.5206399517177749	0.303102669771377
20.8	0.041888957182442156	0.520618331782972	0.30243382018149667
21.2	0.041888219337756126	0.5205967118481691	0.30181900546603924
21.6	0.04188751878474316	0.5205747315811196	0.3012555373227963
22.0	0.041886918187912965	0.5205538323108101	0.30073911446822965
22.4	0.041886443187265275	0.5205332933727469	0.300265973279247
22.8	0.04188609483509504	0.5205138354314243	0.29983342545363634
23.2	0.04188585963542684	0.5204958188190885	0.29943824502874694
23.6	0.04188571705760046	0.5204788832034932	0.2990772060419262
24.0	0.0418856447300795	0.5204630285846377	0.2987481578514064
24.4	0.04188562169394452	0.5204482549625222	0.2984484121549773
24.8	0.041885630155010865	0.5204345623371469	0.2981744741597643
25.2	0.04188565615950581	0.5204219507085122	0.2979258062053276
25.6	0.041885689562664655	0.5204100597443704	0.2976991823290138
26.0	0.041885723585826894	0.520399610109215	0.29749325837971696
26.4	0.04188575418137185	0.5203898811385543	0.297305883715671
26.8	0.04188577935564246	0.5203812331646329	0.2971354453555488
27.2	0.04188579854266422	0.5203729455229587	0.29698113680868765
27.6	0.04188581207746908	0.5203657388780245	0.29684053860309767
28.0	0.04188582078657159	0.5203588925653366	0.296712575417895
28.4	0.04188582569284101	0.5203527669171426	0.29659724725308045
28.8	0.04188582782040343	0.520347361933442	0.29649186580644304
29.2	0.04188582807999494	0.5203423172819877	0.29639643107798364
29.6	0.04188582721430925	0.5203376329627805	0.29630959891659625
30.0	0.04188582578464762	0.52033330897582	0.2962313693222818
30.4	0.041885824183297664	0.5203297056533529	0.29615986048349185
30.8	0.04188582265963342	0.5203264626631321	0.29609507240022825
31.2	0.04188582135136015	0.5203232196729117	0.2960364674120477
31.6	0.0418858203152968	0.5203206973471848	0.2959835078585078
32.0	0.041885819554456694	0.5203181750214578	0.29593484958850436
32.4	0.04188581903993779	0.5203160130279776	0.29589156792292126
32.8	0.0418858187273271	0.5203138510344973	0.29585151221999073
33.2	0.04188581856805733	0.5203120493732638	0.29581522014015427
33.6	0.04188581851653521	0.5203106080442774	0.295782691683411
34.0	0.04188581853399386	0.5203091667152902	0.29575312035909906
34.4	0.0418858185899931	0.5203077253863029	0.295725968506777
34.8	0.04188581866237206	0.520306284057316	0.29570177378688633
35.2	0.041885818736298756	0.5203055633928226	0.29567919204832105
35.6	0.04188581880289552	0.5203044823960825	0.29565929861196594
36.0	0.04188581885776873	0.5203037617315891	0.2956412869871583
36.4	0.04188581889964613	0.5203030410670957	0.29562435068323456
36.8	0.04188581892922926	0.5203023204026032	0.2956092961908574
37.2	0.04188581894829994	0.5203015997381084	0.29559585467980654
37.6	0.041885818959075415	0.5203008790736154	0.29558348848964044
38.0	0.04188581896378148	0.5203005187413687	0.29557192879013616
38.4	0.04188581896440085	0.520300158409122	0.29556198207195905
38.8	0.04188581896255263	0.5202994377446286	0.29555257301422344
39.2	0.041885818959462105	0.5202994377446286	0.2955439704471514
39.6	0.041885818955986844	0.5202987170801352	0.2955361743707421
40.0	0.041885818952673064	0.5202987170801352	0.29552945361521665
40.4	0.041885818949823336	0.5202983567478889	0.2955230016899124
40.8	0.04188581894756354	0.5202979964156418	0.2955170874250497
41.2	0.04188581894590182	0.5202979964156418	0.2955119796508505
41.6	0.041885818944776304	0.5202979964156418	0.29550714070687256
42.0	0.04188581894409092	0.5202976360833951	0.2955028394233361
42.4	0.04188581894374024	0.5202972757511484	0.29549907580024204
42.8	0.04188581894362508	0.5202972757511484	0.2954958498375895
43.2	0.04188581894366099	0.5202972757511484	0.2954923550447166
43.6	0.04188581894378156	0.5202972757511484	0.29548939791228523
44.0	0.04188581894393838	0.5202969154189017	0.29548670961007506
44.4	0.041885818944099	0.5202969154189017	0.2954842901380861
44.8	0.04188581894424396	0.5202969154189017	0.2954818706660971
45.2	0.041885818944363565	0.5202965550866554	0.2954799888545505
45.6	0.041885818944454964	0.5202965550866554	0.29547810704300304
46.0	0.04188581894451962	0.5202965550866554	0.29547676289189884
46.4	0.04188581894456138	0.5202965550866554	0.29547514991057167
46.8	0.04188581894458505	0.5202965550866554	0.2954738057594666
47.2	0.04188581894459545	0.5202965550866554	0.2954724616083615
47.6	0.04188581894459692	0.5202965550866554	0.2954713862874776
48.0	0.04188581894459297	0.5202965550866554	0.295470579796814
48.4	0.041885818944586296	0.5202965550866554	0.295469504475931
48.8	0.041885818944578754	0.5202965550866554	0.29546842915504623
49.2	0.041885818944571544	0.5202965550866554	0.29546762266438353
49.6	0.04188581894456534	0.5202965550866554	0.29546708500394114
50.0	0.04188581894456041	0.5202965550866554	0.29546627851327933
50.4	0.04188581894455678	0.5202961947544082	0.29546574085283606
50.8	0.041885818944554315	0.5202961947544082	0.29546520319239455
51.2	0.041885818944552816	0.5202961947544082	0.29546466553195216
51.6	0.041885818944552046	0.5202961947544082	0.29546412787151066
52.0	0.04188581894455179	0.5202961947544082	0.29546385904128947
52.4	0.04188581894455186	0.5202961947544082	0.2954633213808471
52.8	0.04188581894455212	0.5202961947544082	0.2954633213808471
53.2	0.04188581894455246	0.5202961947544082	0.2954627837204056
53.6	0.04188581894455281	0.5202961947544082	0.2954627837204056
54.0	0.04188581894455312	0.5202961947544082	0.2954622460599632
54.4	0.041885818944553385	0.5202961947544082	0.2954622460599632
54.8	0.041885818944553586	0.5202961947544082	0.295461977229742
55.2	0.041885818944553725	0.5202961947544082	0.295461977229742
55.6	0.041885818944553815	0.5202961947544082	0.2954614395693005
56.0	0.04188581894455387	0.5202961947544082	0.2954614395693005
56.4	0.04188581894455389	0.5202961947544082	0.2954614395693005
56.8	0.04188581894455389	0.5202961947544082	0.2954609019088581
57.2	0.041885818944553885	0.5202961947544082	0.2954609019088581
57.6	0.04188581894455387	0.5202961947544082	0.2954609019088581
58.0	0.04188581894455386	0.5202961947544082	0.2954609019088581
58.4	0.04188581894455384	0.5202961947544082	0.2954609019088581
58.8	0.04188581894455383	0.5202961947544082	0.2954603642484157
59.2	0.041885818944553815	0.5202961947544082	0.2954603642484157
59.6	0.04188581894455381	0.5202961947544082	0.2954603642484157
60.0	0.0418858189445538	0.5202961947544082	0.2954603642484157
60.4	0.0418858189445538	0.5202961947544082	0.2954603642484157
60.8	0.041885818944553795	0.5202961947544082	0.2954603642484157
61.2	0.041885818944553795	0.5202961947544082	0.2954603642484157
61.6	0.041885818944553795	0.5202961947544082	0.2954603642484157
62.0	0.041885818944553795	0.5202961947544082	0.2954603642484157
62.4	0.0418858189445538	0.5202961947544082	0.2954603642484157
62.8	0.0418858189445538	0.5202961947544082	0.2954600954181954
63.2	0.0418858189445538	0.5202961947544082	0.2954600954181954
63.6	0.0418858189445538	0.5202961947544082	0.2954600954181954
64.0	0.0418858189445538	0.5202961947544082	0.2954600954181954
64.4	0.0418858189445538	0.5202961947544082	0.2954600954181954
64.8	0.0418858189445538	0.5202961947544082	0.2954600954181954
65.2	0.0418858189445538	0.5202961947544082	0.2954600954181954
65.6	0.0418858189445538	0.5202961947544082	0.2954600954181954
66.0	0.0418858189445538	0.5202961947544082	0.2954600954181954
66.4	0.0418858189445538	0.5202961947544082	0.2954600954181954
66.8	0.0418858189445538	0.5202961947544082	0.2954600954181954
67.2	0.0418858189445538	0.5202961947544082	0.2954600954181954
67.6	0.0418858189445538	0.5202961947544082	0.2954600954181954
68.0	0.0418858189445538	0.5202961947544082	0.2954600954181954
68.4	0.0418858189445538	0.5202961947544082	0.2954600954181954
68.8	0.0418858189445538	0.5202961947544082	0.2954600954181954
69.2	0.0418858189445538	0.5202961947544082	0.2954600954181954
69.6	0.0418858189445538	0.5202961947544082	0.2954600954181954
70.0	0.0418858189445538	0.5202961947544082	0.2954600954181954
70.4	0.0418858189445538	0.5202961947544082	0.2954600954181954
70.8	0.0418858189445538	0.5202961947544082	0.2954600954181954
71.2	0.0418858189445538	0.5202961947544082	0.2954600954181954
71.6	0.0418858189445538	0.5202961947544082	0.2954600954181954
72.0	0.0418858189445538	0.5202961947544082	0.2954600954181954
72.4	0.0418858189445538	0.5202961947544082	0.2954600954181954
72.8	0.0418858189445538	0.5202961947544082	0.2954600954181954
73.2	0.0418858189445538	0.5202961947544082	0.2954600954181954
73.6	0.0418858189445538	0.5202961947544082	0.2954600954181954
74.0	0.0418858189445538	0.5202961947544082	0.2954600954181954
74.4	0.0418858189445538	0.5202961947544082	0.2954600954181954
74.8	0.0418858189445538	0.5202961947544082	0.2954600954181954
75.2	0.0418858189445538	0.5202961947544082	0.2954600954181954
75.6	0.0418858189445538	0.5202961947544082	0.2954600954181954
76.0	0.0418858189445538	0.5202961947544082	0.2954600954181954
76.4	0.0418858189445538	0.5202961947544082	0.2954600954181954
76.8	0.0418858189445538	0.5202961947544082	0.2954600954181954
77.2	0.0418858189445538	0.5202961947544082	0.2954600954181954
77.6	0.0418858189445538	0.5202961947544082	0.2954600954181954
78.0	0.0418858189445538	0.5202961947544082	0.2954600954181954
78.4	0.0418858189445538	0.5202961947544082	0.2954600954181954
78.8	0.0418858189445538	0.5202961947544082	0.2954600954181954
79.2	0.0418858189445538	0.5202961947544082	0.2954600954181954
79.6	0.0418858189445538	0.5202961947544082	0.2954600954181954
80.0	0.0418858189445538	0.5202961947544082	0.2954600954181954
80.4	0.0418858189445538	0.5202961947544082	0.2954600954181954
80.8	0.0418858189445538	0.5202961947544082	0.2954600954181954
