TIEMPO	VFSCd	VFSCi	PAMn	PCC	RAP
0.40	41.08	49.88	70.98	19.53	1.02
1.00	41.27	49.63	70.79	10.53	1.21
1.60	41.64	49.85	71.05	7.96	1.26
2.20	41.96	50.26	71.81	11.52	1.19
2.80	41.64	50.17	72.12	17.40	1.07
3.40	40.96	49.74	72.16	14.12	1.15
4.00	42.07	50.67	72.65	10.09	1.24
4.60	44.77	53.04	74.38	16.04	1.09
5.20	44.66	53.86	75.42	13.45	1.16
5.80	43.01	51.46	74.50	11.78	1.10
6.40	41.58	50.03	73.58	13.72	1.06
7.00	40.69	49.47	73.39	16.62	1.13
7.60	40.30	49.21	73.04	13.26	1.20
8.20	40.54	48.65	72.44	12.66	1.22
8.80	39.53	47.35	71.56	14.12	1.20
9.40	38.29	46.05	70.48	16.44	1.16
10.00	37.89	45.25	69.64	16.17	1.17
10.60	37.86	45.79	69.08	14.09	1.20
11.20	38.21	46.80	68.81	10.89	1.24
11.80	39.16	47.44	69.05	13.53	1.17
12.40	39.76	48.48	69.68	14.83	1.13
13.00	40.18	49.45	70.65	13.59	1.14
13.60	40.80	49.40	71.47	11.60	1.19
14.20	41.19	49.99	72.08	9.87	1.23
14.80	41.36	51.10	72.46	9.16	1.23
15.40	41.71	50.69	72.54	7.76	1.27
16.00	42.14	50.35	72.60	6.93	1.29
16.60	42.65	50.86	72.91	7.43	1.29
17.20	42.83	50.91	73.00	10.34	1.22
17.80	42.46	50.67	72.92	14.29	1.15
18.40	41.03	50.13	72.79	14.33	1.15
19.00	40.30	49.90	72.79	12.05	1.21
19.60	40.30	49.95	73.00	6.33	1.33
20.20	40.31	49.79	73.06	7.32	1.32
20.80	40.23	49.72	73.18	8.78	1.29
21.40	39.25	49.58	73.58	3.51	1.40
22.00	40.70	50.68	73.94	2.95	1.40
22.60	42.69	51.82	74.27	7.03	1.29
23.20	43.46	51.36	74.94	6.06	1.31
23.80	44.37	52.26	75.80	4.65	1.36
24.40	45.39	54.13	76.78	4.64	1.42
25.00	46.34	54.59	77.64	4.77	1.46
25.60	46.16	54.45	77.96	4.37	1.45
26.20	45.07	53.87	77.63	2.96	1.39
26.80	43.81	52.41	76.53	6.95	1.31
27.40	42.95	51.09	75.46	9.26	1.28
28.00	42.63	50.11	74.85	5.67	1.35
28.60	42.23	49.17	74.05	5.34	1.37
29.20	41.90	48.47	73.17	7.58	1.34
29.80	41.76	48.06	72.71	5.48	1.39
30.40	41.83	48.29	72.28	5.93	1.37
31.00	42.15	48.94	71.83	9.93	1.26
31.60	43.13	49.35	72.41	6.88	1.32
32.20	43.48	49.84	72.92	5.74	1.34
32.80	43.39	50.49	73.01	9.16	1.25
33.40	43.32	51.30	73.64	11.39	1.20
34.00	44.70	52.68	74.63	8.08	1.25
34.60	45.97	53.97	75.77	2.99	1.34
35.20	45.97	54.64	76.55	6.45	1.27
35.80	45.84	56.05	77.76	2.85	1.32
36.40	47.58	57.21	79.27	0.61	1.36
37.00	49.42	57.77	80.89	4.81	1.30
37.60	47.51	57.66	81.25	10.47	1.20
38.20	45.50	56.15	80.94	9.67	1.25
38.80	44.31	54.63	80.48	6.99	1.33
39.40	44.47	53.72	80.35	7.38	1.35
40.00	44.97	53.86	79.94	5.94	1.37
40.60	44.97	53.63	79.20	3.79	1.38
41.20	43.81	51.85	77.83	9.49	1.29
41.80	42.85	51.31	76.64	11.55	1.25
42.40	42.61	51.65	75.80	9.32	1.28
43.00	43.49	52.61	75.79	3.87	1.35
43.60	43.95	52.42	75.83	1.62	1.40
44.20	43.85	51.93	75.76	2.87	1.39
44.80	43.19	51.89	75.45	8.36	1.28
45.40	42.71	51.23	75.28	7.40	1.31
46.00	42.47	50.96	75.35	1.93	1.44
46.60	42.52	52.01	75.97	5.94	1.34
47.20	42.41	51.79	76.44	8.42	1.30
47.80	42.63	51.60	76.58	7.79	1.32
48.40	43.52	52.35	75.96	1.73	1.41
49.00	44.24	53.27	75.91	2.70	1.36
49.60	44.86	53.85	76.46	8.68	1.25
50.20	45.47	53.90	77.55	6.46	1.31
50.80	45.26	52.78	78.04	8.36	1.29
51.40	44.32	51.50	77.99	12.01	1.25
52.00	42.33	50.67	77.38	14.48	1.23
52.60	42.69	50.20	77.67	12.60	1.29
53.20	43.06	50.05	78.41	10.42	1.35
53.80	42.14	50.27	79.18	11.69	1.33
54.40	42.59	49.57	78.81	6.85	1.43
55.00	42.34	49.56	77.87	3.14	1.49
55.60	41.31	50.42	76.66	7.42	1.37
56.20	42.22	50.41	75.49	4.99	1.39
56.80	43.68	51.37	75.51	2.09	1.43
57.40	44.87	53.02	77.51	1.95	1.41
58.00	44.58	53.76	77.60	7.43	1.28
58.60	41.39	49.66	74.21	12.68	1.20
59.20	38.43	45.34	70.29	15.83	1.18
59.80	37.76	43.74	69.72	16.27	1.21
60.40	37.65	43.61	69.56	13.89	1.27
61.00	37.82	44.61	69.30	6.25	1.41
61.60	38.13	45.32	68.67	4.35	1.42
62.20	38.40	45.73	67.67	4.92	1.36
62.80	38.50	45.75	66.29	5.66	1.31
63.40	38.73	45.97	64.55	5.88	1.24
64.00	39.35	46.59	63.48	5.89	1.25
64.60	40.01	47.33	63.76	6.66	1.38
65.20	39.66	47.23	64.88	0.71	1.39
65.80	38.62	46.95	65.88	2.94	1.32
66.40	36.86	44.94	66.08	7.44	1.27
67.00	35.35	42.61	65.52	9.94	1.28
67.60	34.83	41.03	65.00	10.21	1.32
68.20	34.00	40.62	65.87	10.14	1.35
68.80	33.78	40.52	67.37	10.61	1.37
69.40	34.05	40.37	68.95	11.93	1.39
70.00	34.00	40.18	69.59	7.84	1.51
70.60	33.49	39.83	70.03	7.89	1.53
71.20	33.41	39.68	70.17	9.83	1.50
71.80	34.43	39.92	69.70	10.65	1.47
72.40	34.54	40.42	69.50	10.83	1.45
73.00	34.85	41.74	69.91	9.59	1.45
73.60	35.78	43.98	71.05	6.26	1.47
74.20	36.78	43.61	71.76	10.16	1.39
74.80	36.24	42.41	72.17	14.17	1.34
75.40	35.26	41.41	72.41	14.73	1.38
76.00	36.54	42.03	74.34	16.23	1.36
76.60	36.77	41.63	75.78	17.09	1.39
77.20	36.13	40.77	76.53	16.90	1.46
77.80	35.03	39.97	76.66	14.76	1.54
78.40	34.47	38.51	76.31	15.42	1.56
79.00	33.86	37.88	75.73	15.67	1.58
79.60	33.09	38.32	75.03	13.25	1.61
80.20	33.91	38.74	74.81	14.84	1.54
80.80	34.72	39.13	74.71	16.37	1.48
81.40	34.69	39.43	74.43	14.60	1.52
82.00	34.76	40.16	74.11	10.61	1.58
82.60	34.66	40.43	73.57	8.29	1.59
83.20	34.25	39.74	72.20	13.90	1.44
83.80	34.25	39.67	71.60	14.83	1.44
84.40	34.62	40.26	71.96	11.65	1.52
85.00	35.29	41.45	73.70	10.98	1.31
85.60	35.87	41.55	74.86	11.89	1.37
86.20	36.00	41.29	75.25	12.58	1.51
86.80	35.63	41.06	74.78	11.21	1.55
87.40	35.03	40.72	74.14	11.28	1.53
88.00	34.74	40.48	73.18	11.68	1.50
88.60	34.87	40.36	71.78	11.19	1.49
89.20	34.83	40.75	71.06	14.46	1.39
89.80	34.89	41.54	70.81	16.36	1.31
90.40	35.18	42.81	70.77	8.10	1.46
91.00	35.71	43.40	70.99	6.10	1.49
91.60	36.29	43.77	71.47	11.04	1.37
92.20	36.61	44.51	72.38	9.42	1.41
92.80	37.14	44.96	73.64	9.59	1.42
93.40	37.93	45.27	75.23	15.44	1.31
94.00	39.70	46.70	76.81	9.55	1.44
94.60	40.17	47.56	78.29	6.26	1.51
95.20	39.63	47.46	79.68	10.43	1.43
95.80	39.18	45.81	79.40	13.59	1.41
96.40	38.94	45.14	79.53	11.01	1.50
97.00	39.16	45.77	80.24	3.80	1.66
97.60	40.13	47.97	83.07	1.97	1.69
98.20	40.36	47.39	82.54	5.22	1.61
98.80	39.67	45.87	80.46	8.94	1.54
99.40	37.95	44.56	78.91	9.74	1.54
100.00	36.63	43.55	77.36	6.89	1.61
100.60	36.53	43.50	75.93	2.37	1.69
101.20	38.69	45.14	75.64	0.66	1.66
101.80	38.75	46.02	75.27	2.49	1.57
102.40	38.37	46.51	74.67	6.36	1.46
103.00	38.95	47.15	74.25	8.27	1.38
103.60	39.27	46.93	73.25	5.70	1.42
104.20	39.85	47.83	72.95	4.33	1.43
104.80	41.02	50.42	74.16	8.61	1.30
105.40	43.01	51.76	76.30	5.83	1.35
106.00	43.37	52.65	77.67	10.03	1.27
106.60	42.00	51.35	77.62	15.01	1.19
107.20	39.79	48.49	75.95	16.24	1.21
107.80	38.33	46.82	75.69	9.71	1.40
108.40	37.35	45.49	75.78	8.21	1.47
109.00	36.57	44.21	75.90	12.69	1.41
109.60	35.65	42.59	75.16	13.17	1.43
110.20	34.93	41.33	73.97	10.84	1.50
110.80	34.63	40.77	72.34	5.79	1.59
111.40	35.95	42.86	71.99	3.69	1.70
112.00	37.28	45.19	73.00	5.40	1.64
112.60	38.20	46.95	75.13	10.66	1.38
113.20	38.52	47.48	75.27	13.51	1.28
113.80	38.53	46.29	74.84	11.21	1.36
114.40	37.85	44.57	74.61	10.34	1.42
115.00	36.35	42.86	74.94	16.08	1.36
115.60	35.37	41.48	74.58	13.04	1.47
116.20	34.97	40.73	74.04	9.29	1.56
116.80	35.13	40.65	73.69	10.67	1.54
117.40	34.58	40.29	73.06	14.10	1.44
118.00	34.01	39.65	72.26	15.06	1.41
118.60	33.61	38.92	71.32	9.88	1.57
119.20	33.80	39.08	70.61	8.99	1.57
119.80	34.39	39.89	70.22	8.45	1.55
120.40	35.27	41.23	70.14	5.72	1.56
121.00	36.02	42.00	70.69	9.80	1.46
121.60	36.21	42.27	71.18	13.81	1.36
122.20	35.89	42.18	71.13	12.11	1.39
122.80	35.33	41.84	70.74	9.35	1.45
123.40	35.17	41.97	70.57	8.90	1.46
124.00	35.41	42.48	70.93	13.29	1.34
124.60	36.24	42.58	71.58	13.43	1.35
125.20	36.26	42.56	71.62	11.94	1.40
125.80	35.64	42.55	70.53	9.85	1.43
126.40	36.07	42.53	69.94	9.73	1.42
127.00	36.55	43.01	69.75	9.43	1.41
127.60	36.93	43.84	69.93	7.57	1.42
128.20	37.51	44.16	69.78	10.14	1.35
128.80	37.49	44.43	69.32	12.55	1.28
129.40	37.23	44.67	68.55	12.78	1.24
130.00	38.01	44.24	68.81	11.94	1.28
130.60	39.51	45.19	69.53	11.34	1.29
131.20	40.62	46.29	70.33	11.48	1.26
131.80	40.66	46.49	70.28	14.90	1.18
132.40	39.41	45.47	70.16	13.33	1.24
133.00	38.27	44.54	70.06	10.66	1.33
133.60	38.06	44.38	69.84	12.81	1.28
134.20	38.70	45.39	70.23	11.50	1.30
134.80	40.12	46.89	71.18	10.59	1.31
135.40	41.72	48.20	72.86	15.85	1.17
136.00	41.36	47.86	73.51	10.87	1.29
136.60	39.37	46.28	72.51	12.70	1.29
137.20	38.45	45.69	72.07	15.68	1.22
137.80	38.94	46.06	73.12	15.67	1.16
138.40	39.86	46.11	74.65	15.43	1.25
139.00	40.23	46.49	75.06	12.18	1.34
139.60	39.56	46.38	74.47	9.87	1.38
140.20	37.62	45.32	73.08	12.47	1.32
140.80	37.85	44.91	71.99	10.43	1.36
141.40	38.96	45.70	71.73	8.16	1.39
142.00	40.38	47.79	72.52	9.06	1.32
142.60	40.63	48.75	72.58	10.41	1.26
143.20	40.36	48.41	72.19	12.34	1.22
143.80	39.80	47.19	71.58	15.29	1.18
144.40	38.94	46.28	70.89	14.78	1.20
145.00	38.58	45.85	70.44	11.83	1.26
145.60	39.00	46.20	70.29	6.66	1.38
146.20	40.80	48.27	71.55	9.80	1.28
146.80	41.56	48.97	72.99	10.77	1.27
147.40	41.33	48.78	74.01	10.48	1.30
148.00	40.33	48.14	74.41	10.84	1.30
148.60	39.09	46.52	73.76	13.04	1.28
149.20	38.19	45.21	73.04	13.19	1.31
149.80	37.89	44.71	72.87	8.27	1.43
150.40	37.50	43.87	72.63	7.84	1.47
151.00	37.40	43.76	72.38	8.81	1.45
151.60	37.70	45.13	72.22	7.89	1.41
152.20	38.72	46.23	71.86	7.85	1.37
152.80	39.65	46.97	71.44	8.87	1.33
153.40	39.92	47.29	71.05	11.78	1.25
154.00	40.89	47.76	71.33	12.79	1.22
154.60	42.20	48.99	72.55	11.83	1.24
155.20	43.46	51.26	75.30	9.54	1.28
155.80	44.87	52.94	78.95	7.80	1.34
156.40	44.82	53.28	81.44	8.22	1.35
157.00	43.05	52.24	80.97	13.45	1.27
157.60	40.73	49.20	79.89	13.86	1.32
158.20	39.47	47.51	78.75	11.09	1.40
158.80	39.59	47.83	77.83	5.66	1.48
159.40	39.46	47.93	76.54	3.26	1.59
160.00	39.27	47.88	75.00	3.21	1.68
160.60	38.91	47.60	72.82	3.27	1.54
161.20	39.66	48.00	71.47	2.43	1.44
161.80	40.78	49.10	71.09	1.08	1.42
162.40	41.66	51.07	71.78	1.00	1.38
163.00	41.83	51.06	72.24	5.96	1.28
163.60	41.61	50.04	72.42	11.83	1.20
164.20	41.12	48.64	72.60	10.94	1.25
164.80	41.92	49.03	73.85	8.05	1.34
165.40	42.31	49.77	75.16	6.94	1.37
166.00	42.31	50.25	75.98	8.62	1.33
166.60	42.55	49.78	76.01	11.96	1.27
167.20	42.33	50.09	75.83	10.13	1.31
167.80	42.19	50.96	75.69	5.14	1.39
168.40	42.51	52.16	75.94	5.21	1.36
169.00	43.09	52.76	76.58	4.92	1.35
169.60	43.48	52.70	76.96	3.98	1.37
170.20	43.51	51.66	76.44	2.92	1.41
170.80	42.79	51.67	75.72	1.20	1.43
171.40	42.35	52.20	75.15	-0.26	1.43
172.00	42.88	52.96	74.84	-1.33	1.43
172.60	43.91	54.04	75.10	1.46	1.35
173.20	44.14	54.72	75.48	4.68	1.28
173.80	43.12	54.64	75.60	5.64	1.27
174.40	43.65	53.16	76.24	9.85	1.22
175.00	43.15	51.21	76.59	11.37	1.25
175.60	41.75	49.35	76.30	7.48	1.38
176.20	40.14	48.03	76.49	6.34	1.45
176.80	40.91	49.05	76.71	3.83	1.49
177.40	42.18	50.57	76.86	1.41	1.48
178.00	42.51	51.22	76.87	8.70	1.32
178.60	41.98	50.92	76.84	10.95	1.28
179.20	40.59	49.67	76.79	5.93	1.41