<<<<<<< HEAD
TIEMPO	VFSCd	VFSCi	PAMn	PCC	RAP
0.40	42.68	38.82	89.89	31.80	1.52
1.00	44.82	40.25	88.25	14.84	1.83
1.60	45.54	41.32	87.54	6.32	1.91
2.20	49.06	44.31	88.74	4.00	2.05
2.80	53.49	47.96	92.04	3.04	2.04
3.40	56.25	50.26	95.59	1.04	1.89
4.00	57.58	51.59	97.46	1.47	2.06
4.60	57.99	52.52	98.74	5.58	1.78
5.20	55.85	51.58	98.75	15.53	1.58
5.80	55.25	50.12	98.90	6.75	1.84
6.40	55.73	49.90	98.67	4.77	1.86
7.00	56.52	51.49	98.83	1.64	1.87
7.60	56.91	51.79	99.12	-2.89	1.94
8.20	56.59	50.43	98.52	-1.61	1.95
8.80	55.22	49.53	96.42	2.51	1.89
9.40	54.22	48.72	95.13	3.41	1.85
10.00	53.72	48.17	93.57	4.67	1.80
10.60	54.94	49.53	92.40	7.93	1.71
11.20	57.68	51.88	93.14	11.32	1.58
11.80	60.13	52.06	93.93	7.51	1.64
12.40	60.12	53.48	92.83	6.07	1.60
13.00	60.18	52.76	92.78	8.77	1.55
13.60	60.95	52.39	92.80	2.32	1.70
14.20	61.31	52.41	93.79	-2.26	1.79
14.80	62.78	52.84	95.42	1.07	1.74
15.40	63.63	52.18	96.04	6.87	1.69
16.00	61.56	50.31	95.06	10.61	1.62
16.60	60.37	50.05	94.94	11.03	2.03
17.20	59.24	50.73	94.71	10.88	1.72
17.80	59.85	49.80	95.18	9.61	1.70
18.40	60.23	50.10	96.13	11.97	1.66
19.00	58.98	49.73	95.65	12.60	1.64
19.60	57.15	48.55	93.96	10.07	1.69
20.20	55.61	47.37	92.78	8.45	1.73
20.80	54.15	47.10	91.37	19.61	1.49
21.40	54.38	47.58	91.09	5.61	1.76
22.00	56.13	48.68	91.50	8.48	1.68
22.60	55.42	48.99	91.23	12.68	1.56
23.20	55.06	48.60	90.95	13.09	1.56
23.80	55.06	48.40	91.03	13.31	1.58
24.40	55.38	48.67	91.23	15.73	1.53
25.00	56.68	49.32	92.41	19.41	1.47
25.60	57.59	50.71	93.86	15.82	1.52
26.20	56.67	49.12	93.54	13.02	1.61
26.80	55.20	48.93	92.79	11.76	1.63
27.40	54.68	47.38	91.98	14.94	1.58
28.00	54.30	46.96	91.73	17.48	1.54
28.60	54.67	47.93	92.03	16.00	1.57
29.20	55.44	48.65	92.19	10.51	1.66
29.80	54.02	46.77	91.31	1.82	1.89
30.40	53.50	46.45	91.14	12.51	1.67
31.00	53.14	45.97	90.50	14.19	1.63
31.60	54.86	47.29	91.49	11.67	1.67
32.20	56.05	47.81	92.19	9.26	1.71
32.80	55.91	48.02	92.13	10.29	1.68
33.40	55.32	48.36	92.54	14.85	1.56
34.00	55.49	48.37	92.95	10.25	1.69
34.60	56.25	48.53	93.92	15.39	1.59
35.20	55.46	48.72	94.84	18.41	1.54
35.80	55.01	47.82	94.29	14.01	1.66
36.40	53.40	46.57	93.59	14.29	1.69
37.00	51.82	45.74	93.27	19.82	1.58
37.60	51.35	45.66	92.55	14.24	1.69
38.20	51.56	46.24	92.99	18.51	1.59
38.80	52.13	46.24	92.79	11.99	1.71
39.40	52.21	45.53	91.79	6.63	1.84
40.00	52.66	45.50	90.89	6.27	1.84
40.60	53.03	46.24	90.58	9.22	1.75
41.20	52.87	47.27	90.79	12.40	1.63
41.80	54.40	48.08	92.00	18.81	1.50
42.40	55.08	48.24	92.15	19.12	1.49
43.00	54.63	47.98	91.68	15.30	1.58
43.60	54.94	47.43	91.14	19.35	1.48
44.20	55.01	47.65	91.02	20.63	1.45
44.80	55.37	48.61	91.50	14.19	1.58
45.40	56.67	49.36	92.60	14.37	1.56
46.00	56.19	48.28	93.22	20.33	1.48
46.60	55.20	46.98	93.65	23.54	1.47
47.20	54.40	45.38	93.77	19.28	1.61
47.80	54.29	44.68	93.72	14.34	1.74
48.40	55.12	45.01	93.35	9.60	1.84
49.00	56.11	45.87	92.49	5.39	1.89
49.60	55.68	46.57	90.67	14.52	1.62
50.20	54.63	46.23	88.90	13.74	1.60
50.80	55.35	46.29	88.24	5.60	1.75
51.40	55.67	47.38	88.44	5.73	1.72
52.00	55.40	48.23	88.75	16.17	1.47
52.60	55.95	48.28	88.28	15.96	1.48
53.20	55.87	49.91	89.44	11.91	1.52
53.80	57.37	49.54	91.13	13.60	1.56
54.40	58.24	50.44	92.80	11.98	1.59
55.00	57.68	49.69	93.46	13.96	1.56
55.60	56.54	48.45	92.98	19.80	1.50
56.20	55.43	47.89	91.83	22.57	1.42
56.80	54.24	47.18	90.11	7.52	1.73
57.40	54.39	47.24	89.73	11.60	1.63
58.00	54.94	47.59	89.48	17.30	1.50
58.60	55.09	47.98	88.76	14.40	1.53
59.20	54.90	48.02	87.81	5.48	1.67
59.80	55.24	47.17	87.35	9.18	1.63
60.40	55.45	48.79	87.76	15.15	1.48
61.00	55.09	48.46	87.60	14.66	1.49
61.60	55.52	49.03	87.01	12.20	1.52
62.20	55.91	50.18	86.55	11.34	1.49
62.80	55.88	50.66	86.65	11.99	1.46
63.40	57.13	50.20	88.29	12.78	1.47
64.00	57.02	50.18	88.86	14.06	1.47
64.60	57.00	49.18	89.40	19.69	1.40
65.20	56.19	48.64	89.85	17.47	1.45
65.80	54.46	47.22	90.13	10.98	1.62
66.40	52.92	45.83	90.14	7.41	1.78
67.00	51.95	45.11	89.60	9.94	1.75
67.60	51.56	44.86	88.69	14.46	1.65
68.20	52.54	45.16	88.88	8.85	1.75
68.80	53.04	43.83	88.99	25.50	1.42
69.40	56.39	46.79	90.53	4.77	1.84
70.00	60.04	51.22	92.15	9.85	1.63
70.60	59.76	51.44	93.30	24.71	1.30
71.20	58.84	49.81	93.78	25.36	1.34
71.80	58.67	48.97	93.35	13.17	1.62
72.40	57.34	49.60	92.97	9.79	1.65
73.00	57.39	49.71	93.27	14.78	1.53
73.60	57.37	48.78	91.93	20.29	1.43
74.20	60.42	51.68	98.26	12.59	1.72
74.80	59.12	51.08	101.49	6.66	1.50
75.40	54.22	46.82	97.51	6.06	1.37
76.00	49.40	43.05	90.34	7.75	2.15
76.60	49.12	43.63	84.94	26.51	1.37
77.20	54.72	47.14	89.99	2.99	1.91
77.80	57.34	49.78	92.78	4.47	2.21
78.40	62.29	54.89	96.41	11.57	2.12
79.00	66.47	57.18	103.94	6.03	2.10
79.60	66.75	56.71	105.71	24.21	1.41
80.20	65.38	55.81	107.53	18.69	1.57
80.80	63.05	52.82	108.19	7.97	1.82
81.40	60.70	49.00	105.88	20.33	1.72
82.00	60.58	49.11	106.45	7.37	2.00
82.60	57.96	47.26	102.68	10.75	1.90
83.20	55.33	45.87	98.20	14.42	1.78
83.80	54.65	46.39	95.35	0.88	2.01
84.40	58.40	48.78	100.65	-7.17	2.29
85.00	54.56	45.99	97.91	11.51	1.88
85.60	49.69	42.46	91.90	20.95	1.64
86.20	48.14	41.87	88.50	5.11	1.97
86.80	50.12	44.59	91.08	-0.36	2.03
87.40	50.62	43.91	93.70	6.48	1.93
88.00	52.11	44.74	95.53	8.03	1.92
88.60	51.96	43.72	96.98	11.49	1.93
89.20	50.26	42.34	97.55	20.37	1.78
89.80	47.66	40.84	97.55	10.41	2.11
90.40	46.82	40.12	97.21	13.11	2.07
91.00	46.78	40.61	96.37	17.51	1.92
91.60	46.82	42.25	94.83	2.24	2.19
92.20	47.34	44.27	93.10	14.56	1.77
92.80	47.08	44.11	92.37	10.58	1.83
93.40	46.30	42.50	91.55	10.89	1.86
94.00	46.34	41.57	90.50	18.95	1.71
94.60	47.46	41.74	90.42	13.55	1.82
95.20	46.77	40.84	89.37	10.15	1.92
95.80	46.42	40.38	88.73	17.28	1.75
96.40	45.60	40.31	88.27	19.85	1.68
97.00	45.68	40.52	87.86	14.15	1.81
97.60	47.49	40.99	87.65	12.15	1.82
98.20	48.19	41.43	87.44	14.07	1.74
98.80	48.72	41.83	87.26	12.74	1.76
99.40	49.20	42.51	87.09	11.79	1.75
100.00	49.89	43.27	87.13	12.94	1.69
100.60	51.17	43.73	88.09	11.93	1.72
101.20	51.76	44.88	89.19	5.09	1.85
101.80	52.58	44.91	90.58	13.01	1.74
102.40	54.87	47.21	92.37	6.40	1.82
103.00	56.40	48.72	94.04	5.62	1.78
103.60	56.88	49.45	95.31	18.99	1.52
104.20	57.05	50.10	96.34	8.73	1.72
104.80	55.74	49.70	96.01	17.50	1.54
105.40	54.80	48.59	95.35	19.84	1.53
106.00	54.01	48.00	94.74	17.22	1.61
106.60	53.38	47.84	94.21	12.90	1.66
107.20	53.16	47.14	92.20	16.34	1.59
107.80	53.99	47.87	91.97	12.89	1.63
108.40	53.45	47.82	91.05	13.95	1.58
109.00	53.37	47.73	89.53	17.03	1.49
109.60	54.66	48.48	89.43	7.98	1.66
110.20	55.97	50.31	90.72	10.46	1.59
110.80	58.02	51.94	93.48	12.72	1.54
111.40	59.91	53.15	97.13	-0.09	1.80
112.00	59.08	51.72	98.02	11.86	1.63
112.60	57.56	49.48	97.81	17.89	1.59
113.20	55.81	47.58	97.30	15.52	1.70
113.80	53.91	46.26	96.25	14.34	1.73
114.40	52.04	45.17	94.50	8.61	1.86
115.00	50.32	44.57	92.98	7.60	1.89
115.60	49.21	43.19	90.90	12.12	1.79
116.20	48.70	42.11	88.46	16.19	1.69
116.80	49.01	42.52	87.02	4.86	1.91
117.40	48.27	42.29	85.31	8.55	1.80
118.00	49.55	43.55	85.29	8.93	1.74
118.60	50.81	44.79	85.77	7.82	1.72
119.20	51.32	45.41	85.64	12.43	1.59
119.80	52.08	46.02	86.49	21.74	1.40
120.40	52.93	47.52	88.28	15.82	1.49
121.00	56.10	48.81	91.81	9.66	1.67
121.60	57.70	49.01	93.79	6.43	1.76
122.20	56.74	47.50	93.75	13.77	1.64
122.80	55.27	45.48	92.94	19.35	1.58
123.40	53.96	43.90	92.02	16.42	1.69
124.00	52.28	43.24	91.11	9.26	1.87
124.60	51.23	42.22	90.05	1.09	2.07
125.20	52.79	43.59	90.12	9.17	1.85
125.80	53.10	44.74	90.95	14.38	1.70
126.40	52.03	44.79	91.75	7.76	1.85
127.00	51.97	44.48	91.70	9.26	1.83
127.60	53.04	44.87	91.86	16.00	1.67
128.20	52.48	43.67	91.34	19.14	1.62
128.80	52.74	44.03	91.34	20.25	1.60
129.40	52.77	44.58	91.45	19.36	1.60
130.00	51.74	44.23	89.58	13.09	1.72
130.60	51.28	44.58	88.55	10.34	1.75
131.20	50.89	44.88	87.58	9.79	1.69
131.80	52.93	45.77	87.97	11.14	1.66
132.40	55.07	46.30	88.72	11.83	1.65
133.00	55.33	46.30	88.93	12.21	1.63
133.60	54.11	46.11	88.64	19.28	1.48
134.20	54.82	46.05	89.25	14.85	1.60
134.80	54.17	46.93	90.04	18.57	1.51
135.40	54.22	47.35	91.25	11.51	1.66
136.00	53.87	47.15	91.59	7.93	1.76
136.60	52.12	45.47	90.81	11.61	1.70
137.20	49.96	44.60	89.61	16.14	1.63
137.80	48.65	45.36	89.30	8.28	1.76
138.40	49.49	44.83	88.63	15.06	1.62
139.00	50.77	46.18	89.13	12.56	1.66
139.60	51.56	45.65	89.18	13.77	1.63
140.20	51.29	44.19	88.67	17.68	1.58
140.80	50.14	43.57	88.25	15.95	1.64
141.40	49.38	43.16	88.07	9.63	1.77
142.00	49.56	42.75	87.80	11.73	1.75
142.60	50.18	43.66	88.37	14.72	1.68
143.20	47.62	44.18	88.36	13.58	1.67
143.80	48.08	43.77	87.73	7.12	1.78
144.40	50.03	42.40	86.95	14.98	1.64
145.00	47.15	43.38	86.72	16.88	1.61
145.60	47.13	45.07	87.32	7.97	1.75
146.20	52.84	45.70	88.72	19.65	1.50
146.80	52.46	45.83	88.77	13.90	1.62
147.40	51.59	44.43	88.61	25.19	1.41
148.00	47.47	44.54	88.75	19.37	1.53
148.60	47.45	44.63	89.04	17.61	1.57
149.20	49.05	44.36	89.01	21.97	1.48
149.80	50.07	43.98	88.35	17.90	1.59
150.40	51.10	43.69	87.54	7.38	1.86
151.00	49.58	45.31	87.00	13.69	1.55
151.60	52.29	44.26	86.62	15.85	2.00
152.20	52.13	46.46	87.95	16.26	1.78
152.80	53.23	46.96	88.72	15.25	1.53
153.40	54.36	47.07	88.88	16.46	1.53
154.00	54.35	47.71	89.80	21.26	1.43
154.60	54.03	47.75	90.43	17.47	1.49
155.20	53.96	47.05	91.48	16.18	1.56
155.80	52.26	46.09	91.34	12.46	1.70
156.40	51.01	45.45	90.15	15.86	1.61
157.00	50.82	44.96	88.99	13.73	1.65
157.60	51.49	43.17	88.10	12.56	1.72
158.20	51.92	42.31	87.63	14.48	1.73
158.80	51.87	43.27	88.04	10.21	1.78
159.40	52.46	43.94	87.25	18.95	1.54
160.00	52.93	43.67	87.22	18.81	1.56
160.60	52.37	43.59	87.27	8.83	1.77
161.20	53.43	43.97	88.23	11.23	1.73
161.80	53.79	45.14	88.98	18.67	1.56
162.40	53.59	45.87	89.10	21.29	1.47
163.00	53.56	45.57	89.42	17.89	1.55
163.60	53.45	44.72	89.78	8.59	1.81
164.20	53.62	46.58	91.78	20.90	1.50
164.80	53.83	47.63	93.33	9.60	1.72
165.40	54.51	48.98	95.37	16.18	1.59
166.00	55.48	49.69	98.29	15.89	1.62
166.60	55.05	49.06	99.33	9.26	1.78
167.20	51.63	47.22	97.02	14.84	1.71
167.80	51.80	45.68	95.74	14.09	1.57
168.40	51.25	47.15	97.47	7.51	2.42
169.00	52.72	47.45	99.02	19.58	1.97
169.60	53.78	48.20	98.88	14.80	1.71
170.20	52.10	47.16	98.40	2.16	2.00
170.80	50.02	45.02	97.15	17.36	1.72
171.40	49.32	43.82	94.52	15.97	1.75
172.00	47.81	42.23	91.49	7.95	1.93
172.60	46.52	41.25	88.82	6.47	1.94
173.20	46.69	41.21	86.94	6.73	1.89
173.80	47.52	41.57	86.20	13.55	1.72
174.40	47.76	42.75	87.03	4.72	1.90
175.00	48.95	43.93	86.02	-0.32	1.95
175.60	48.91	42.91	84.69	-0.59	1.95
176.20	49.92	43.32	84.27	19.94	1.47
176.80	50.97	44.29	84.32	6.58	1.75
177.40	52.51	44.99	86.44	9.35	1.68
=======
TIEMPO	VFSCd	VFSCi	PAMn	PCC	RAP
0.40	42.68	38.82	89.89	31.80	1.52
1.00	44.82	40.25	88.25	14.84	1.83
1.60	45.54	41.32	87.54	6.32	1.91
2.20	49.06	44.31	88.74	4.00	2.05
2.80	53.49	47.96	92.04	3.04	2.04
3.40	56.25	50.26	95.59	1.04	1.89
4.00	57.58	51.59	97.46	1.47	2.06
4.60	57.99	52.52	98.74	5.58	1.78
5.20	55.85	51.58	98.75	15.53	1.58
5.80	55.25	50.12	98.90	6.75	1.84
6.40	55.73	49.90	98.67	4.77	1.86
7.00	56.52	51.49	98.83	1.64	1.87
7.60	56.91	51.79	99.12	-2.89	1.94
8.20	56.59	50.43	98.52	-1.61	1.95
8.80	55.22	49.53	96.42	2.51	1.89
9.40	54.22	48.72	95.13	3.41	1.85
10.00	53.72	48.17	93.57	4.67	1.80
10.60	54.94	49.53	92.40	7.93	1.71
11.20	57.68	51.88	93.14	11.32	1.58
11.80	60.13	52.06	93.93	7.51	1.64
12.40	60.12	53.48	92.83	6.07	1.60
13.00	60.18	52.76	92.78	8.77	1.55
13.60	60.95	52.39	92.80	2.32	1.70
14.20	61.31	52.41	93.79	-2.26	1.79
14.80	62.78	52.84	95.42	1.07	1.74
15.40	63.63	52.18	96.04	6.87	1.69
16.00	61.56	50.31	95.06	10.61	1.62
16.60	60.37	50.05	94.94	11.03	2.03
17.20	59.24	50.73	94.71	10.88	1.72
17.80	59.85	49.80	95.18	9.61	1.70
18.40	60.23	50.10	96.13	11.97	1.66
19.00	58.98	49.73	95.65	12.60	1.64
19.60	57.15	48.55	93.96	10.07	1.69
20.20	55.61	47.37	92.78	8.45	1.73
20.80	54.15	47.10	91.37	19.61	1.49
21.40	54.38	47.58	91.09	5.61	1.76
22.00	56.13	48.68	91.50	8.48	1.68
22.60	55.42	48.99	91.23	12.68	1.56
23.20	55.06	48.60	90.95	13.09	1.56
23.80	55.06	48.40	91.03	13.31	1.58
24.40	55.38	48.67	91.23	15.73	1.53
25.00	56.68	49.32	92.41	19.41	1.47
25.60	57.59	50.71	93.86	15.82	1.52
26.20	56.67	49.12	93.54	13.02	1.61
26.80	55.20	48.93	92.79	11.76	1.63
27.40	54.68	47.38	91.98	14.94	1.58
28.00	54.30	46.96	91.73	17.48	1.54
28.60	54.67	47.93	92.03	16.00	1.57
29.20	55.44	48.65	92.19	10.51	1.66
29.80	54.02	46.77	91.31	1.82	1.89
30.40	53.50	46.45	91.14	12.51	1.67
31.00	53.14	45.97	90.50	14.19	1.63
31.60	54.86	47.29	91.49	11.67	1.67
32.20	56.05	47.81	92.19	9.26	1.71
32.80	55.91	48.02	92.13	10.29	1.68
33.40	55.32	48.36	92.54	14.85	1.56
34.00	55.49	48.37	92.95	10.25	1.69
34.60	56.25	48.53	93.92	15.39	1.59
35.20	55.46	48.72	94.84	18.41	1.54
35.80	55.01	47.82	94.29	14.01	1.66
36.40	53.40	46.57	93.59	14.29	1.69
37.00	51.82	45.74	93.27	19.82	1.58
37.60	51.35	45.66	92.55	14.24	1.69
38.20	51.56	46.24	92.99	18.51	1.59
38.80	52.13	46.24	92.79	11.99	1.71
39.40	52.21	45.53	91.79	6.63	1.84
40.00	52.66	45.50	90.89	6.27	1.84
40.60	53.03	46.24	90.58	9.22	1.75
41.20	52.87	47.27	90.79	12.40	1.63
41.80	54.40	48.08	92.00	18.81	1.50
42.40	55.08	48.24	92.15	19.12	1.49
43.00	54.63	47.98	91.68	15.30	1.58
43.60	54.94	47.43	91.14	19.35	1.48
44.20	55.01	47.65	91.02	20.63	1.45
44.80	55.37	48.61	91.50	14.19	1.58
45.40	56.67	49.36	92.60	14.37	1.56
46.00	56.19	48.28	93.22	20.33	1.48
46.60	55.20	46.98	93.65	23.54	1.47
47.20	54.40	45.38	93.77	19.28	1.61
47.80	54.29	44.68	93.72	14.34	1.74
48.40	55.12	45.01	93.35	9.60	1.84
49.00	56.11	45.87	92.49	5.39	1.89
49.60	55.68	46.57	90.67	14.52	1.62
50.20	54.63	46.23	88.90	13.74	1.60
50.80	55.35	46.29	88.24	5.60	1.75
51.40	55.67	47.38	88.44	5.73	1.72
52.00	55.40	48.23	88.75	16.17	1.47
52.60	55.95	48.28	88.28	15.96	1.48
53.20	55.87	49.91	89.44	11.91	1.52
53.80	57.37	49.54	91.13	13.60	1.56
54.40	58.24	50.44	92.80	11.98	1.59
55.00	57.68	49.69	93.46	13.96	1.56
55.60	56.54	48.45	92.98	19.80	1.50
56.20	55.43	47.89	91.83	22.57	1.42
56.80	54.24	47.18	90.11	7.52	1.73
57.40	54.39	47.24	89.73	11.60	1.63
58.00	54.94	47.59	89.48	17.30	1.50
58.60	55.09	47.98	88.76	14.40	1.53
59.20	54.90	48.02	87.81	5.48	1.67
59.80	55.24	47.17	87.35	9.18	1.63
60.40	55.45	48.79	87.76	15.15	1.48
61.00	55.09	48.46	87.60	14.66	1.49
61.60	55.52	49.03	87.01	12.20	1.52
62.20	55.91	50.18	86.55	11.34	1.49
62.80	55.88	50.66	86.65	11.99	1.46
63.40	57.13	50.20	88.29	12.78	1.47
64.00	57.02	50.18	88.86	14.06	1.47
64.60	57.00	49.18	89.40	19.69	1.40
65.20	56.19	48.64	89.85	17.47	1.45
65.80	54.46	47.22	90.13	10.98	1.62
66.40	52.92	45.83	90.14	7.41	1.78
67.00	51.95	45.11	89.60	9.94	1.75
67.60	51.56	44.86	88.69	14.46	1.65
68.20	52.54	45.16	88.88	8.85	1.75
68.80	53.04	43.83	88.99	25.50	1.42
69.40	56.39	46.79	90.53	4.77	1.84
70.00	60.04	51.22	92.15	9.85	1.63
70.60	59.76	51.44	93.30	24.71	1.30
71.20	58.84	49.81	93.78	25.36	1.34
71.80	58.67	48.97	93.35	13.17	1.62
72.40	57.34	49.60	92.97	9.79	1.65
73.00	57.39	49.71	93.27	14.78	1.53
73.60	57.37	48.78	91.93	20.29	1.43
74.20	60.42	51.68	98.26	12.59	1.72
74.80	59.12	51.08	101.49	6.66	1.50
75.40	54.22	46.82	97.51	6.06	1.37
76.00	49.40	43.05	90.34	7.75	2.15
76.60	49.12	43.63	84.94	26.51	1.37
77.20	54.72	47.14	89.99	2.99	1.91
77.80	57.34	49.78	92.78	4.47	2.21
78.40	62.29	54.89	96.41	11.57	2.12
79.00	66.47	57.18	103.94	6.03	2.10
79.60	66.75	56.71	105.71	24.21	1.41
80.20	65.38	55.81	107.53	18.69	1.57
80.80	63.05	52.82	108.19	7.97	1.82
81.40	60.70	49.00	105.88	20.33	1.72
82.00	60.58	49.11	106.45	7.37	2.00
82.60	57.96	47.26	102.68	10.75	1.90
83.20	55.33	45.87	98.20	14.42	1.78
83.80	54.65	46.39	95.35	0.88	2.01
84.40	58.40	48.78	100.65	-7.17	2.29
85.00	54.56	45.99	97.91	11.51	1.88
85.60	49.69	42.46	91.90	20.95	1.64
86.20	48.14	41.87	88.50	5.11	1.97
86.80	50.12	44.59	91.08	-0.36	2.03
87.40	50.62	43.91	93.70	6.48	1.93
88.00	52.11	44.74	95.53	8.03	1.92
88.60	51.96	43.72	96.98	11.49	1.93
89.20	50.26	42.34	97.55	20.37	1.78
89.80	47.66	40.84	97.55	10.41	2.11
90.40	46.82	40.12	97.21	13.11	2.07
91.00	46.78	40.61	96.37	17.51	1.92
91.60	46.82	42.25	94.83	2.24	2.19
92.20	47.34	44.27	93.10	14.56	1.77
92.80	47.08	44.11	92.37	10.58	1.83
93.40	46.30	42.50	91.55	10.89	1.86
94.00	46.34	41.57	90.50	18.95	1.71
94.60	47.46	41.74	90.42	13.55	1.82
95.20	46.77	40.84	89.37	10.15	1.92
95.80	46.42	40.38	88.73	17.28	1.75
96.40	45.60	40.31	88.27	19.85	1.68
97.00	45.68	40.52	87.86	14.15	1.81
97.60	47.49	40.99	87.65	12.15	1.82
98.20	48.19	41.43	87.44	14.07	1.74
98.80	48.72	41.83	87.26	12.74	1.76
99.40	49.20	42.51	87.09	11.79	1.75
100.00	49.89	43.27	87.13	12.94	1.69
100.60	51.17	43.73	88.09	11.93	1.72
101.20	51.76	44.88	89.19	5.09	1.85
101.80	52.58	44.91	90.58	13.01	1.74
102.40	54.87	47.21	92.37	6.40	1.82
103.00	56.40	48.72	94.04	5.62	1.78
103.60	56.88	49.45	95.31	18.99	1.52
104.20	57.05	50.10	96.34	8.73	1.72
104.80	55.74	49.70	96.01	17.50	1.54
105.40	54.80	48.59	95.35	19.84	1.53
106.00	54.01	48.00	94.74	17.22	1.61
106.60	53.38	47.84	94.21	12.90	1.66
107.20	53.16	47.14	92.20	16.34	1.59
107.80	53.99	47.87	91.97	12.89	1.63
108.40	53.45	47.82	91.05	13.95	1.58
109.00	53.37	47.73	89.53	17.03	1.49
109.60	54.66	48.48	89.43	7.98	1.66
110.20	55.97	50.31	90.72	10.46	1.59
110.80	58.02	51.94	93.48	12.72	1.54
111.40	59.91	53.15	97.13	-0.09	1.80
112.00	59.08	51.72	98.02	11.86	1.63
112.60	57.56	49.48	97.81	17.89	1.59
113.20	55.81	47.58	97.30	15.52	1.70
113.80	53.91	46.26	96.25	14.34	1.73
114.40	52.04	45.17	94.50	8.61	1.86
115.00	50.32	44.57	92.98	7.60	1.89
115.60	49.21	43.19	90.90	12.12	1.79
116.20	48.70	42.11	88.46	16.19	1.69
116.80	49.01	42.52	87.02	4.86	1.91
117.40	48.27	42.29	85.31	8.55	1.80
118.00	49.55	43.55	85.29	8.93	1.74
118.60	50.81	44.79	85.77	7.82	1.72
119.20	51.32	45.41	85.64	12.43	1.59
119.80	52.08	46.02	86.49	21.74	1.40
120.40	52.93	47.52	88.28	15.82	1.49
121.00	56.10	48.81	91.81	9.66	1.67
121.60	57.70	49.01	93.79	6.43	1.76
122.20	56.74	47.50	93.75	13.77	1.64
122.80	55.27	45.48	92.94	19.35	1.58
123.40	53.96	43.90	92.02	16.42	1.69
124.00	52.28	43.24	91.11	9.26	1.87
124.60	51.23	42.22	90.05	1.09	2.07
125.20	52.79	43.59	90.12	9.17	1.85
125.80	53.10	44.74	90.95	14.38	1.70
126.40	52.03	44.79	91.75	7.76	1.85
127.00	51.97	44.48	91.70	9.26	1.83
127.60	53.04	44.87	91.86	16.00	1.67
128.20	52.48	43.67	91.34	19.14	1.62
128.80	52.74	44.03	91.34	20.25	1.60
129.40	52.77	44.58	91.45	19.36	1.60
130.00	51.74	44.23	89.58	13.09	1.72
130.60	51.28	44.58	88.55	10.34	1.75
131.20	50.89	44.88	87.58	9.79	1.69
131.80	52.93	45.77	87.97	11.14	1.66
132.40	55.07	46.30	88.72	11.83	1.65
133.00	55.33	46.30	88.93	12.21	1.63
133.60	54.11	46.11	88.64	19.28	1.48
134.20	54.82	46.05	89.25	14.85	1.60
134.80	54.17	46.93	90.04	18.57	1.51
135.40	54.22	47.35	91.25	11.51	1.66
136.00	53.87	47.15	91.59	7.93	1.76
136.60	52.12	45.47	90.81	11.61	1.70
137.20	49.96	44.60	89.61	16.14	1.63
137.80	48.65	45.36	89.30	8.28	1.76
138.40	49.49	44.83	88.63	15.06	1.62
139.00	50.77	46.18	89.13	12.56	1.66
139.60	51.56	45.65	89.18	13.77	1.63
140.20	51.29	44.19	88.67	17.68	1.58
140.80	50.14	43.57	88.25	15.95	1.64
141.40	49.38	43.16	88.07	9.63	1.77
142.00	49.56	42.75	87.80	11.73	1.75
142.60	50.18	43.66	88.37	14.72	1.68
143.20	47.62	44.18	88.36	13.58	1.67
143.80	48.08	43.77	87.73	7.12	1.78
144.40	50.03	42.40	86.95	14.98	1.64
145.00	47.15	43.38	86.72	16.88	1.61
145.60	47.13	45.07	87.32	7.97	1.75
146.20	52.84	45.70	88.72	19.65	1.50
146.80	52.46	45.83	88.77	13.90	1.62
147.40	51.59	44.43	88.61	25.19	1.41
148.00	47.47	44.54	88.75	19.37	1.53
148.60	47.45	44.63	89.04	17.61	1.57
149.20	49.05	44.36	89.01	21.97	1.48
149.80	50.07	43.98	88.35	17.90	1.59
150.40	51.10	43.69	87.54	7.38	1.86
151.00	49.58	45.31	87.00	13.69	1.55
151.60	52.29	44.26	86.62	15.85	2.00
152.20	52.13	46.46	87.95	16.26	1.78
152.80	53.23	46.96	88.72	15.25	1.53
153.40	54.36	47.07	88.88	16.46	1.53
154.00	54.35	47.71	89.80	21.26	1.43
154.60	54.03	47.75	90.43	17.47	1.49
155.20	53.96	47.05	91.48	16.18	1.56
155.80	52.26	46.09	91.34	12.46	1.70
156.40	51.01	45.45	90.15	15.86	1.61
157.00	50.82	44.96	88.99	13.73	1.65
157.60	51.49	43.17	88.10	12.56	1.72
158.20	51.92	42.31	87.63	14.48	1.73
158.80	51.87	43.27	88.04	10.21	1.78
159.40	52.46	43.94	87.25	18.95	1.54
160.00	52.93	43.67	87.22	18.81	1.56
160.60	52.37	43.59	87.27	8.83	1.77
161.20	53.43	43.97	88.23	11.23	1.73
161.80	53.79	45.14	88.98	18.67	1.56
162.40	53.59	45.87	89.10	21.29	1.47
163.00	53.56	45.57	89.42	17.89	1.55
163.60	53.45	44.72	89.78	8.59	1.81
164.20	53.62	46.58	91.78	20.90	1.50
164.80	53.83	47.63	93.33	9.60	1.72
165.40	54.51	48.98	95.37	16.18	1.59
166.00	55.48	49.69	98.29	15.89	1.62
166.60	55.05	49.06	99.33	9.26	1.78
167.20	51.63	47.22	97.02	14.84	1.71
167.80	51.80	45.68	95.74	14.09	1.57
168.40	51.25	47.15	97.47	7.51	2.42
169.00	52.72	47.45	99.02	19.58	1.97
169.60	53.78	48.20	98.88	14.80	1.71
170.20	52.10	47.16	98.40	2.16	2.00
170.80	50.02	45.02	97.15	17.36	1.72
171.40	49.32	43.82	94.52	15.97	1.75
172.00	47.81	42.23	91.49	7.95	1.93
172.60	46.52	41.25	88.82	6.47	1.94
173.20	46.69	41.21	86.94	6.73	1.89
173.80	47.52	41.57	86.20	13.55	1.72
174.40	47.76	42.75	87.03	4.72	1.90
175.00	48.95	43.93	86.02	-0.32	1.95
175.60	48.91	42.91	84.69	-0.59	1.95
176.20	49.92	43.32	84.27	19.94	1.47
176.80	50.97	44.29	84.32	6.58	1.75
177.40	52.51	44.99	86.44	9.35	1.68
>>>>>>> 4966aae922150d281e7f47d431009d8054258bc0
178.00	54.66	45.68	88.48	12.47	1.62