Time	ABP	LCBFV	RCBFV
-78.0	0.06741172682284972	0.21070283686959224	0.29480454513101284
-77.6	0.15612652045881448	0.24601345664382102	0.35653530798012767
-77.2	0.2975677181095899	0.32178681788537133	0.4660216478304515
-76.8	0.4541929961230602	0.4709874400170886	0.5931348940986743
-76.4	0.6022759326594176	0.6503281058702477	0.6448359392924816
-76.0	0.728842978426972	0.7603455686958487	0.6173410447274867
-75.6	0.8286774149961178	0.7898207761342446	0.5892337734544819
-75.2	0.9016965055123313	0.774699705200601	0.5902357645976553
-74.8	0.9508399671791976	0.744887046613492	0.5742978704193455
-74.4	0.9804938551142541	0.7166847106600476	0.5543300574364598
-74.0	0.9954043304929681	0.6940007075894914	0.5582428870043232
-73.6	1.0	0.6761251437210793	0.5596646430611134
-73.2	0.9980295716085953	0.6620154675655363	0.5544620755508531
-72.8	0.9924249549652986	0.6508975546837004	0.5591403760037288
-72.4	0.9853119355764359	0.6422081876043526	0.5643487979758244
-72.0	0.9781062734164401	0.635509255034989	0.565134759477262
-71.6	0.9716492296567552	0.6304273557755424	0.5687908708936318
-71.2	0.9663511315561246	0.626636303026725	0.5731533231304744
-70.8	0.9623236563673749	0.6238528103838648	0.5755483834674426
-70.4	0.9594907526201965	0.6218360125028877	0.5782513884969664
-70.0	0.9576746622991714	0.6203865064322813	0.5810612374549926
-69.6	0.9566577430203744	0.6193456326120694	0.5830286293548652
-69.2	0.9562231973496089	0.6185902021996106	0.5846678786688497
-68.8	0.9561788834733969	0.6180289020644651	0.5860899274487323
-68.4	0.9563685425469809	0.6175965427801775	0.5870851859607944
-68.0	0.9566743894794315	0.6172490256170855	0.5877733779495764
-67.6	0.9570143460368283	0.6169566318660706	0.5882534438201001
-67.2	0.9573364377578013	0.616701865835473	0.5885256762954589
-66.8	0.9576121506577112	0.6164737028428777	0.5886415946398049
-66.4	0.9578299177351507	0.6162666305470768	0.5886576944098527
-66.0	0.957989407519589	0.6160782522779802	0.5886003206838635
-65.6	0.958096919831518	0.6159066506995154	0.5884972821555556
-65.2	0.9581619444793907	0.6157525448127101	0.5883725821184558
-64.8	0.9581947860024498	0.6156140172814912	0.588240856727154
-64.4	0.9582050787931264	0.6154910681058596	0.5881120585667694
-64.0	0.9582009902739096	0.6153834576188055	0.5879935057145973
-63.6	0.958188916704134	0.6152892684842572	0.5878881254015549
-63.2	0.9581735020197326	0.6152073023671694	0.587797088520011
-62.8	0.9581578441679759	0.6151368402665152	0.5877203950699639
-62.4	0.958143788492917	0.6150759648462216	0.5876568741590469
-62.0	0.9581322395178903	0.6150234777712442	0.5876050621718014
-61.6	0.9581234487809865	0.614978180706538	0.5875632027696764
-61.2	0.9581172565393483	0.6149391149840664	0.5875292468910298
-60.8	0.9581132794628786	0.6149053219357934	0.5875026090896771
-60.4	0.9581110457117459	0.6148763222277007	0.5874812403039771
-60.0	0.9581100840793987	0.6148506778577345	0.5874642623646538
-59.6	0.9581099762417915	0.6148283888258947	0.5874513825486152
-59.2	0.9581103815302958	0.6148087361311547	0.5874411372404027
-58.8	0.9581110428175537	0.6147919594405225	0.5874329409938328
-58.4	0.9581117806622393	0.6147763810849356	0.5874267938089055
-58.0	0.9581124812152524	0.6147631993994391	0.5874224029625288
-57.6	0.9581130818120823	0.6147512160489876	0.5874191830085191
-57.2	0.9581135568127304	0.6147409103675994	0.5874174266699681
-56.8	0.9581139051649005	0.6147313236872383	0.587416255777601
-56.4	0.9581141403645693	0.6147231750089315	0.5874159630545095
-56.0	0.9581142829423992	0.6147159849986603	0.5874159630545095
-55.6	0.9581143552699152	0.6147097536564257	0.5874168412237855
-55.2	0.9581143783060494	0.6147037619811999	0.5874180121161521
-54.8	0.9581143698449829	0.6146987289740102	0.5874197684547022
-54.4	0.9581143438404887	0.6146944149678477	0.5874215247932537
-54.0	0.9581143104373315	0.6146903406286945	0.5874238665779874
-53.6	0.9581142764141715	0.6146867456235587	0.58742591563963
-53.2	0.9581142458186219	0.6146836299524416	0.5874282574243641
-52.8	0.9581142206443499	0.6146809936153423	0.5874308919321907
-52.4	0.9581142014573277	0.614678596945252	0.5874332337169248
-52.0	0.9581141879225274	0.6146764399421705	0.58743586822475
-51.6	0.958114179213424	0.6146742829390894	0.5874385027325761
-51.2	0.958114174307155	0.6146726052700262	0.5874408445173112
-50.8	0.958114172179592	0.6146711672679719	0.5874431863020448
-50.4	0.9581141719200008	0.6146699689329269	0.5874455280867794
-50.0	0.9581141727856862	0.6146687705978819	0.5874475771484224
-49.6	0.958114174215348	0.6146678119298459	0.5874499189331557
-49.2	0.958114175816698	0.6146668532618094	0.5874519679947987
-48.8	0.9581141773403621	0.6146661342607826	0.5874540170564413
-48.4	0.9581141786486354	0.6146654152597555	0.5874560661180839
-48.0	0.9581141796846981	0.6146646962587283	0.5874578224566345
-47.6	0.9581141804455386	0.6146642169247101	0.587459871518277
-47.2	0.9581141809600576	0.6146639772577012	0.5874616278568281
-46.8	0.9581141812726701	0.6146634979236834	0.5874630914722863
-46.4	0.9581141814319384	0.6146630185896651	0.5874648478108373
-46.0	0.9581141814834578	0.6146625392556468	0.5874666041493875
-45.6	0.9581141814660036	0.6146625392556468	0.587468067764847
-45.2	0.9581141814100037	0.614662059921629	0.587469238657214
-44.8	0.9581141813376217	0.614662059921629	0.5874707022726726
-44.4	0.9581141812637005	0.6146618202546201	0.5874718731650401
-44.0	0.9581141811970996	0.6146613409206019	0.5874730440574076
-43.6	0.9581141811422268	0.614661101253593	0.5874742149497743
-43.2	0.9581141811003462	0.614661101253593	0.5874750931190498
-42.8	0.9581141810707701	0.6146608615865836	0.5874756785652337
-42.4	0.9581141810516962	0.6146606219195747	0.5874771421806919
-42.0	0.9581141810409202	0.6146606219195747	0.587478020349967
-41.6	0.9581141810362146	0.6146606219195747	0.587478898519243
-41.2	0.9581141810355953	0.6146606219195747	0.587479776688518
-40.8	0.9581141810374432	0.6146606219195747	0.5874806548577931
-40.4	0.9581141810405337	0.6146603822525658	0.5874812403039771
-40.0	0.9581141810440088	0.6146603822525658	0.5874821184732522
-39.6	0.9581141810473229	0.6146603822525658	0.5874827039194352
-39.2	0.9581141810501724	0.6146603822525658	0.5874835820887112
-38.8	0.958114181052432	0.6146603822525658	0.5874841675348947
-38.4	0.958114181054094	0.6146603822525658	0.5874847529810783
-38.0	0.9581141810552191	0.6146601425855569	0.5874850457041707
-37.6	0.958114181055909	0.6146601425855569	0.5874859238734453
-37.2	0.958114181056257	0.6146601425855569	0.5874862165965373
-36.8	0.9581141810563671	0.6146601425855569	0.5874868020427209
-36.4	0.9581141810563303	0.6146601425855569	0.587487387488904
-36.0	0.9581141810562113	0.6146601425855569	0.5874879729350879
-35.6	0.9581141810560556	0.6146601425855569	0.5874882656581799
-35.2	0.9581141810558998	0.6146601425855569	0.5874885583812715
-34.8	0.9581141810557531	0.6146601425855569	0.5874888511043634
-34.4	0.9581141810556342	0.6146601425855569	0.587489436550547
-34.0	0.9581141810555424	0.6146601425855569	0.5874897292736394
-33.6	0.9581141810554785	0.6146599029185476	0.5874900219967301
-33.2	0.9581141810554344	0.6146601425855569	0.5874900219967301
-32.8	0.9581141810554105	0.6146601425855569	0.587490607442914
-32.4	0.9581141810554005	0.6146599029185476	0.587490900166006
-32.0	0.9581141810553986	0.6146599029185476	0.5874911928890976
-31.6	0.9581141810554022	0.6146599029185476	0.5874911928890976
-31.2	0.9581141810554096	0.6146601425855569	0.5874917783352815
-30.8	0.9581141810554169	0.6146599029185476	0.5874920710583726
-30.4	0.9581141810554241	0.6146601425855569	0.5874920710583726
-30.0	0.9581141810554298	0.6146599029185476	0.5874923637814646
-29.6	0.9581141810554351	0.6146599029185476	0.5874926565045566
-29.2	0.9581141810554389	0.6146601425855569	0.5874926565045566
-28.8	0.9581141810554417	0.6146601425855569	0.5874929492276482
-28.4	0.9581141810554417	0.6146601425855569	0.5874932419507402
-28.0	0.9581141810554417	0.6146601425855569	0.5874935346738317
-27.6	0.9581141810554417	0.6146601425855569	0.5874935346738317
-27.2	0.9581141810554417	0.6146601425855569	0.5874935346738317
-26.8	0.9581141810554417	0.6146599029185476	0.5874938273969237
-26.4	0.9581141810554417	0.6146599029185476	0.5874938273969237
-26.0	0.9581141810554417	0.6146601425855569	0.5874941201200157
-25.6	0.9581141810554417	0.6146599029185476	0.5874941201200157
-25.2	0.9581141810554417	0.6146599029185476	0.5874944128431077
-24.8	0.9581141810554417	0.6146601425855569	0.5874944128431077
-24.4	0.9581141810554417	0.6146601425855569	0.5874947055661983
-24.0	0.9581141810554417	0.6146599029185476	0.5874947055661983
-23.6	0.9581141810554417	0.6146601425855569	0.5874949982892907
-23.2	0.9581141810554417	0.6146599029185476	0.5874949982892907
-22.8	0.9581141810554417	0.6146599029185476	0.5874949982892907
-22.4	0.9581141810554417	0.6146599029185476	0.5874949982892907
-22.0	0.9581141810554417	0.6146601425855569	0.5874952910123827
-21.6	0.9581141810554417	0.6146601425855569	0.5874952910123827
-21.2	0.9581141810554417	0.6146601425855569	0.5874952910123827
-20.8	0.9581141810554417	0.6146601425855569	0.5874955837354743
-20.4	0.9581141810554417	0.6146601425855569	0.5874955837354743
-20.0	0.9581141810554417	0.6146601425855569	0.5874955837354743
-19.6	0.9581141810554417	0.6146601425855569	0.5874955837354743
-19.2	0.9581141810554417	0.6146601425855569	0.5874958764585663
-18.8	0.9581141810554417	0.6146599029185476	0.5874961691816578
-18.4	0.9581141810554417	0.6146599029185476	0.5874958764585663
-18.0	0.9581141810554417	0.6146601425855569	0.5874961691816578
-17.6	0.9581141810554417	0.6146601425855569	0.5874961691816578
-17.2	0.9581141810554417	0.6146601425855569	0.5874964619047502
-16.8	0.9581141810554417	0.6146601425855569	0.5874961691816578
-16.4	0.9581141810554417	0.6146599029185476	0.5874964619047502
-16.0	0.9581141810554417	0.6146599029185476	0.5874964619047502
-15.6	0.9581141810554417	0.6146599029185476	0.5874964619047502
-15.2	0.9581141810554417	0.6146601425855569	0.5874964619047502
-14.8	0.9581141810554417	0.6146599029185476	0.5874964619047502
-14.4	0.9581141810554417	0.6146599029185476	0.5874964619047502
-14.0	0.9581141810554417	0.6146599029185476	0.5874964619047502
-13.6	0.9581141810554417	0.6146601425855569	0.5874964619047502
-13.2	0.9581141810554417	0.6146601425855569	0.5874964619047502
-12.8	0.9581141810554417	0.6146599029185476	0.5874967546278409
-12.4	0.9581141810554417	0.6146601425855569	0.5874967546278409
-12.0	0.9581141810554417	0.6146601425855569	0.5874967546278409
-11.6	0.9581141810554417	0.6146599029185476	0.5874967546278409
-11.2	0.9581141810554417	0.6146599029185476	0.5874967546278409
-10.8	0.9581141810554417	0.6146599029185476	0.5874967546278409
-10.4	0.9581141810554417	0.6146601425855569	0.5874967546278409
-10.0	0.9581141810554417	0.6146601425855569	0.5874967546278409
-9.6	0.9581141810554417	0.6146601425855569	0.5874970473509333
-9.2	0.9581141810554417	0.6146601425855569	0.5874970473509333
-8.8	0.9581141810554417	0.6146599029185476	0.5874970473509333
-8.4	0.9581141810554417	0.6146599029185476	0.5874970473509333
-8.0	0.9581141810554417	0.6146599029185476	0.5874970473509333
-7.6	0.9581141810554417	0.6146601425855569	0.5874970473509333
-7.2	0.9581141810554417	0.6146601425855569	0.5874970473509333
-6.8	0.9581141810554417	0.6146599029185476	0.5874970473509333
-6.4	0.9581141810554417	0.6146599029185476	0.5874970473509333
-6.0	0.9581141810554417	0.6146599029185476	0.5874970473509333
-5.6	0.9581141810554417	0.6146601425855569	0.5874970473509333
-5.2	0.9581141810554417	0.6146601425855569	0.5874973400740249
-4.8	0.9581141810554417	0.6146601425855569	0.5874973400740249
-4.4	0.9581141810554417	0.6146601425855569	0.5874973400740249
-4.0	0.9581141810554417	0.6146599029185476	0.5874973400740249
-3.6	0.9581141810554417	0.6146599029185476	0.5874973400740249
-3.2	0.9581141810554417	0.6146599029185476	0.5874973400740249
-2.8	0.9581141810554417	0.6146601425855569	0.5874973400740249
-2.4	0.9581141810554417	0.6146601425855569	0.5874973400740249
-2.0	0.9581141810554417	0.6146599029185476	0.5874973400740249
-1.6	0.9581141810554417	0.6146599029185476	0.5874973400740249
-1.2	0.9581141810554417	0.6146599029185476	0.5874973400740249
-0.8	0.9581141810554417	0.6146601425855569	0.5874973400740249
-0.4	0.9581141810554417	0.6146601425855569	0.5874973400740249
0.0	0.9581141810554417	0.6146601425855569	0.5874973400740249
0.4	0.9581141810554417	0.6146601425855569	0.5874973400740249
0.8	0.9581141810554417	0.6146599029185476	0.5874973400740249
1.2	0.9581141810554417	0.6146599029185476	0.5874976327971169
1.6	0.9325882731771457	0.6041576945829061	0.57518511411054
2.0	0.843873479541181	0.5664590327307142	0.528655607779263
2.4	0.7024322818904056	0.5048221903497181	0.4473904084846465
2.8	0.5458070038769351	0.439294114410131	0.35550653267405563
3.2	0.39772406734057786	0.3834869323567509	0.27512667437053784
3.6	0.2711570215730236	0.3431804537793166	0.21875845220134194
4.0	0.17132258500387848	0.32096979305159223	0.19196536124889718
4.4	0.0983034944876641	0.31613307314238215	0.1919839491652251
4.8	0.04916003282079817	0.3254410207720331	0.2102361121071712
5.2	0.01950614488574446	0.34510090552266437	0.2375032681067588
5.6	0.004595669507025765	0.37137583938949925	0.2672626685097872
6.0	0.0	0.4007307339893629	0.295961825874377
6.4	0.001970428391404537	0.4300985706077145	0.322061309460842
6.8	0.007575045034696991	0.45713828190036	0.3450418285043595
7.2	0.014688064423555941	0.4803612960742223	0.36468632883237095
7.6	0.02189372658355987	0.4991049338493365	0.38084449713724755
8.0	0.028350770343242414	0.513370633227757	0.39350330724140337
8.4	0.03364886844387128	0.5235929104968529	0.40287044617846
8.8	0.03767634363262206	0.5304250979232363	0.40934548096870094
9.2	0.04050924737979743	0.5345742131835429	0.41342633359124736
9.6	0.04232533770082475	0.5367050925608177	0.4156226349488956
10.0	0.04334225697962158	0.537388622870568	0.4164021565423135
10.4	0.0437768026503866	0.5370878407742365	0.4161656362841528
10.8	0.04382111652659886	0.5361617674513495	0.4152406313141186
11.2	0.0436314574530143	0.5348752349468828	0.4138838597837049
11.6	0.04332561052056362	0.5334173405309608	0.4122879334873035
12.0	0.042985653963167406	0.5319148680513592	0.41059131044732977
12.4	0.042663562242194204	0.5304493042911482	0.4088882474993354
12.8	0.0423878493422843	0.5290678636511066	0.407238167430954
13.2	0.0421700822648452	0.5277928351630732	0.4056764897362921
13.6	0.04201059248040673	0.526632846839374	0.40421902146230515
14.0	0.04190308016847743	0.5255852623429091	0.402870738901552
14.4	0.04183805552060373	0.5246426519963987	0.4016290075462092
14.8	0.04180521399754266	0.5237956687864913	0.40048621659588823
15.2	0.04179492120687013	0.5230332880307706	0.39943446252711157
15.6	0.04179900972608181	0.522346162715885	0.39846437820094227
16.0	0.041811083295859995	0.5217256648295097	0.3975665964784434
16.4	0.041826497980267635	0.521163885360346	0.396734384728505
16.8	0.04184215583202051	0.5206543532991508	0.3959607175969224
17.2	0.0418562115070811	0.5201922753057433	0.39524091151422747
17.6	0.04186776048210639	0.5197721390389161	0.39456969746476966
18.0	0.04187655121900773	0.519390828827551	0.3939444409407211
18.4	0.04188274346064996	0.5190447496665134	0.39336104381879755
18.8	0.04188672053711745	0.518730546217677	0.3928183352066319
19.2	0.041888954288249444	0.5184463011449685	0.39231309515021406
19.6	0.04188991592059674	0.5181884194432538	0.3918438600340859
20.0	0.04189002375820357	0.5179552234434688	0.39140887351969633
20.4	0.04188961846969933	0.5177445561425325	0.3910063792684948
20.8	0.041888957182442156	0.5175542605373633	0.39063462094193113
21.2	0.041888219337756126	0.5173821796248808	0.3902918422014525
21.6	0.04188751878474316	0.51722687540303	0.3899765794316017
22.0	0.041886918187912965	0.5170869098697572	0.3896870762938289
22.4	0.041886443187265275	0.5169606053559992	0.38942186917267296
22.8	0.04188609483509504	0.5168465238597015	0.3891792017295854
23.2	0.04188585963542684	0.51674322737881	0.3889576103491055
23.6	0.04188571705760046	0.516650476246316	0.3887556314157754
24.0	0.0418856447300795	0.5165663531261466	0.3885715085910433
24.4	0.04188562169394452	0.5164903786842849	0.3884043637056358
24.8	0.041885630155010865	0.5164218339197024	0.3882527331440926
25.2	0.04188565615950581	0.5163597601643639	0.3881154460140457
25.6	0.041885689562664655	0.5163036780842511	0.38799074597694583
26.0	0.041885723585826894	0.5162531083453463	0.38787834030970103
26.4	0.04188575418137185	0.5162073319466218	0.38777676539685313
26.8	0.04188577935564246	0.5161656298870505	0.3876851430691248
27.2	0.04188579854266422	0.5161280021666332	0.3876023024341504
27.6	0.04188581207746908	0.5160939694513513	0.3875282434919294
28.0	0.04188582078657159	0.5160632920741954	0.3874612099039112
28.4	0.04188582569284101	0.5160352510341393	0.3874012016700954
28.8	0.04188582782040343	0.5160100859981909	0.3873470478981149
29.2	0.04188582807999494	0.5159873176323333	0.3872987485879711
29.6	0.04188582721430925	0.5159667062695568	0.38725513284729596
30.0	0.04188582578464762	0.5159477725758435	0.38721620067608864
30.4	0.041885824183297664	0.5159307562182027	0.3871810739050745
30.8	0.04188582265963342	0.5159154175296248	0.38714975253425354
31.2	0.04188582135136015	0.5159012771760918	0.3871216511174427
31.6	0.0418858203152968	0.5158888144916225	0.387096769654641
32.0	0.041885819554456694	0.5158770708081799	0.3870742299765739
32.4	0.04188581903993779	0.5158667651267916	0.3870543248063325
32.8	0.0418858187273271	0.5158571784464305	0.38703646869773367
33.2	0.04188581856805733	0.5158485504341055	0.38702036892768543
33.6	0.04188581851653521	0.5158408810898165	0.38700602549618823
34.0	0.04188581853399386	0.5158336910795458	0.38699343840324163
34.4	0.0418858185899931	0.5158272200703022	0.3869820222026621
34.8	0.04188581866237206	0.5158212283950765	0.3869717768944496
35.2	0.041885818736298756	0.5158159557208779	0.3869627024786051
35.6	0.04188581880289552	0.5158111623806971	0.3869547989551263
36.0	0.04188581885776873	0.5158068483745346	0.3869474808778315
36.4	0.04188581889964613	0.515802774035381	0.3869413336929046
36.8	0.04188581892922926	0.5157994186972545	0.38693518650797687
37.2	0.04188581894829994	0.5157958236921192	0.38693021021541574
37.6	0.041885818959075415	0.515792947688011	0.3869258193690399
38.0	0.04188581896378148	0.5157900716839028	0.38692172124575475
38.4	0.04188581896440085	0.5157876750138124	0.38691820856865267
38.8	0.04188581896255263	0.515785278343722	0.3869149886146439
39.2	0.041885818959462105	0.5157833610076499	0.3869120613837258
39.6	0.041885818955986844	0.5157812040045684	0.3869094268758997
40.0	0.041885818952673064	0.5157797660025145	0.38690737781425755
40.4	0.041885818949823336	0.5157780883334513	0.38690532875261496
40.8	0.04188581894756354	0.515776650331397	0.38690357241406437
41.2	0.04188581894590182	0.515775451996352	0.3869018160755142
41.6	0.041885818944776304	0.5157742536613066	0.38690064518314626
42.0	0.04188581894409092	0.5157732949932705	0.3868991815676881
42.4	0.04188581894374024	0.5157720966582255	0.38689830339841214
42.8	0.04188581894362508	0.5157711379901895	0.3868971325060455
43.2	0.04188581894366099	0.5157704189891623	0.38689654705986154
43.6	0.04188581894378156	0.5157694603211262	0.3868953761674945
44.0	0.04188581894393838	0.515768980987108	0.3868950834444025
44.4	0.041885818944099	0.5157682619860808	0.38689420527512697
44.8	0.04188581894424396	0.515767782652063	0.3868939125520354
45.2	0.041885818944363565	0.5157670636510359	0.3868933271058519
45.6	0.041885818944454964	0.5157665843170176	0.3868927416596679
46.0	0.04188581894451962	0.5157661049829998	0.3868924489365768
46.4	0.04188581894456138	0.5157658653159909	0.38689215621348483
46.8	0.04188581894458505	0.5157653859819726	0.3868915707673013
47.2	0.04188581894459545	0.5157651463149637	0.3868915707673013
47.6	0.04188581894459692	0.5157649066479544	0.3868912780442093
48.0	0.04188581894459297	0.5157646669809455	0.3868912780442093
48.4	0.041885818944586296	0.5157644273139366	0.38689098532111776
48.8	0.041885818944578754	0.5157641876469277	0.3868906925980258
49.2	0.041885818944571544	0.5157639479799183	0.3868906925980258
49.6	0.04188581894456534	0.5157637083129094	0.3868903998749338
50.0	0.04188581894456041	0.5157634686459005	0.3868903998749338
50.4	0.04188581894455678	0.5157632289788916	0.3868901071518418
50.8	0.041885818944554315	0.5157632289788916	0.3868901071518418
51.2	0.041885818944552816	0.5157629893118822	0.3868901071518418
51.6	0.041885818944552046	0.5157629893118822	0.3868901071518418
52.0	0.04188581894455179	0.5157627496448733	0.3868901071518418
52.4	0.04188581894455186	0.5157627496448733	0.3868901071518418
52.8	0.04188581894455212	0.5157627496448733	0.38688981442875114
53.2	0.04188581894455246	0.5157625099778644	0.38688981442875114
53.6	0.04188581894455281	0.5157625099778644	0.38688981442875114
54.0	0.04188581894455312	0.5157625099778644	0.38688981442875114
54.4	0.041885818944553385	0.5157622703108551	0.38688981442875114
54.8	0.041885818944553586	0.5157622703108551	0.38688981442875114
55.2	0.041885818944553725	0.5157622703108551	0.38688981442875114
55.6	0.041885818944553815	0.5157622703108551	0.3868895217056587
56.0	0.04188581894455387	0.5157622703108551	0.3868895217056587
56.4	0.04188581894455389	0.5157620306438462	0.3868895217056587
56.8	0.04188581894455389	0.5157620306438462	0.3868895217056587
57.2	0.041885818944553885	0.5157620306438462	0.3868895217056587
57.6	0.04188581894455387	0.5157620306438462	0.3868895217056587
58.0	0.04188581894455386	0.5157620306438462	0.3868895217056587
58.4	0.04188581894455384	0.5157620306438462	0.3868895217056587
58.8	0.04188581894455383	0.5157620306438462	0.3868895217056587
59.2	0.041885818944553815	0.5157620306438462	0.3868895217056587
59.6	0.04188581894455381	0.5157617909768373	0.3868895217056587
60.0	0.0418858189445538	0.5157620306438462	0.3868895217056587
60.4	0.0418858189445538	0.5157620306438462	0.3868895217056587
60.8	0.041885818944553795	0.5157617909768373	0.3868895217056587
61.2	0.041885818944553795	0.5157617909768373	0.3868895217056587
61.6	0.041885818944553795	0.5157617909768373	0.3868895217056587
62.0	0.041885818944553795	0.5157617909768373	0.3868895217056587
62.4	0.0418858189445538	0.5157617909768373	0.3868895217056587
62.8	0.0418858189445538	0.5157617909768373	0.3868895217056587
63.2	0.0418858189445538	0.5157617909768373	0.3868895217056587
63.6	0.0418858189445538	0.5157617909768373	0.3868895217056587
64.0	0.0418858189445538	0.5157617909768373	0.3868895217056587
64.4	0.0418858189445538	0.5157617909768373	0.3868895217056587
64.8	0.0418858189445538	0.5157617909768373	0.3868895217056587
65.2	0.0418858189445538	0.5157617909768373	0.3868895217056587
65.6	0.0418858189445538	0.5157617909768373	0.3868895217056587
66.0	0.0418858189445538	0.5157617909768373	0.3868895217056587
66.4	0.0418858189445538	0.5157617909768373	0.3868895217056587
66.8	0.0418858189445538	0.5157617909768373	0.3868895217056587
67.2	0.0418858189445538	0.5157617909768373	0.3868895217056587
67.6	0.0418858189445538	0.5157617909768373	0.3868895217056587
68.0	0.0418858189445538	0.5157617909768373	0.3868895217056587
68.4	0.0418858189445538	0.5157617909768373	0.3868895217056587
68.8	0.0418858189445538	0.5157617909768373	0.3868895217056587
69.2	0.0418858189445538	0.5157617909768373	0.3868895217056587
69.6	0.0418858189445538	0.5157617909768373	0.3868895217056587
70.0	0.0418858189445538	0.5157617909768373	0.3868895217056587
70.4	0.0418858189445538	0.5157617909768373	0.3868895217056587
70.8	0.0418858189445538	0.5157617909768373	0.3868895217056587
71.2	0.0418858189445538	0.5157617909768373	0.3868895217056587
71.6	0.0418858189445538	0.5157617909768373	0.3868895217056587
72.0	0.0418858189445538	0.5157615513098284	0.3868895217056587
72.4	0.0418858189445538	0.5157617909768373	0.3868895217056587
72.8	0.0418858189445538	0.5157615513098284	0.3868895217056587
73.2	0.0418858189445538	0.5157617909768373	0.3868895217056587
73.6	0.0418858189445538	0.5157617909768373	0.3868895217056587
74.0	0.0418858189445538	0.5157617909768373	0.3868895217056587
74.4	0.0418858189445538	0.5157615513098284	0.3868895217056587
74.8	0.0418858189445538	0.5157615513098284	0.3868895217056587
75.2	0.0418858189445538	0.5157615513098284	0.3868895217056587
75.6	0.0418858189445538	0.5157617909768373	0.3868895217056587
76.0	0.0418858189445538	0.5157615513098284	0.3868895217056587
76.4	0.0418858189445538	0.5157615513098284	0.3868895217056587
76.8	0.0418858189445538	0.5157615513098284	0.3868895217056587
77.2	0.0418858189445538	0.5157615513098284	0.3868895217056587
77.6	0.0418858189445538	0.5157615513098284	0.3868895217056587
78.0	0.0418858189445538	0.5157615513098284	0.3868895217056587
78.4	0.0418858189445538	0.5157615513098284	0.3868895217056587
78.8	0.0418858189445538	0.5157615513098284	0.3868895217056587
79.2	0.0418858189445538	0.5157615513098284	0.3868895217056587
79.6	0.0418858189445538	0.5157615513098284	0.3868895217056587
80.0	0.0418858189445538	0.5157615513098284	0.3868895217056587
80.4	0.0418858189445538	0.5157615513098284	0.3868895217056587
80.8	0.0418858189445538	0.5157615513098284	0.3868895217056587
