Time	ABP	LCBFV	RCBFV
-78.0	0.06741172682284972	0.1850335037775297	0.1643552157622219
-77.6	0.15612652045881448	0.23302694427296622	0.17068318691889806
-77.2	0.2975677181095899	0.2937330784784762	0.1781500465395589
-76.8	0.4541929961230602	0.3798865590355458	0.18981273648888086
-76.4	0.6022759326594176	0.5032302586747286	0.21051123768997426
-76.0	0.728842978426972	0.6569450699298707	0.24666392425945327
-75.6	0.8286774149961178	0.7971352798543614	0.3036182610991984
-75.2	0.9016965055123313	0.8751143095090432	0.3794531263007399
-74.8	0.9508399671791976	0.8829072478465401	0.4606673216772461
-74.4	0.9804938551142541	0.8249574369013888	0.5284320114210397
-74.0	0.9954043304929681	0.7249738394461875	0.5705302858701682
-73.6	1.0	0.6462188002501068	0.5855097966891094
-73.2	0.9980295716085953	0.6155011194122868	0.5789032994417589
-72.8	0.9924249549652986	0.6118408519666461	0.558623059454797
-72.4	0.9853119355764359	0.6125996762573749	0.5320868402244257
-72.0	0.9781062734164401	0.6092141818752372	0.5048366028378779
-71.6	0.9716492296567552	0.6024187518655633	0.4801967214146883
-71.2	0.9663511315561246	0.5956103374442705	0.4595975926578104
-70.8	0.9623236563673749	0.5910537637025355	0.44320302767481
-70.4	0.9594907526201965	0.5890197938120374	0.4305234814554679
-70.0	0.9576746622991714	0.5885978004344556	0.4208432835701892
-69.6	0.9566577430203744	0.5887318453896873	0.4134566772298913
-69.2	0.9562231973496089	0.5887681253633255	0.4077648313396276
-68.8	0.9561788834733969	0.5885042362919153	0.4032987362873883
-68.4	0.9563685425469809	0.5880068187586112	0.3997097623817125
-68.0	0.9566743894794315	0.5874137366632408	0.3967465280238134
-67.6	0.9570143460368283	0.5868281015098273	0.3942338922312505
-67.2	0.9573364377578013	0.586293258319508	0.39205383547407724
-66.8	0.9576121506577112	0.5858141717202532	0.39012704862816916
-66.4	0.9578299177351507	0.5853839676117953	0.3884032553737695
-66.0	0.957989407519589	0.5849980632606222	0.38684988232061235
-65.6	0.958096919831518	0.5846579862445709	0.3854449778361282
-65.2	0.9581619444793907	0.5843662188776277	0.3841743795767236
-64.8	0.9581947860024498	0.5841233340014811	0.383027701823762
-64.4	0.9582050787931264	0.5839262764604567	0.38199526697578934
-64.0	0.9582009902739096	0.5837698906793523	0.38106881366570855
-63.6	0.958188916704134	0.5836476844523606	0.38024008052642344
-63.2	0.9581735020197326	0.5835522108375231	0.37950080619083826
-62.8	0.9581578441679759	0.5834779323651795	0.3788427292918559
-62.4	0.958143788492917	0.5834200753545882	0.37825758846238067
-62.0	0.9581322395178903	0.5833746299139246	0.377737594413436
-61.6	0.9581234487809865	0.5833385408875165	0.3772761380513452
-61.2	0.9581172565393483	0.5833100897502952	0.37686566612619066
-60.8	0.9581132794628786	0.5832866032410449	0.37650098577865565
-60.4	0.9581110457117459	0.5832675085180776	0.37617595999318265
-60.0	0.9581100840793987	0.5832518508452442	0.3758865761057537
-59.6	0.9581099762417915	0.5832386754863967	0.3756281133351709
-59.2	0.9581103815302958	0.5832276005470756	0.37539679505647516
-58.8	0.9581110428175537	0.5832180531855915	0.3751900248400091
-58.4	0.9581117806622393	0.5832096515074863	0.3750044981389329
-58.0	0.9581124812152524	0.5832027774072177	0.37483809060170836
-57.6	0.9581130818120823	0.5831966670958679	0.3746884418377361
-57.2	0.9581135568127304	0.5831917024678965	0.3745543716517168
-56.8	0.9581139051649005	0.5831876925760735	0.37443375569211135
-56.4	0.9581141403645693	0.5831840645787096	0.3743249416855008
-56.0	0.9581142829423992	0.5831815822647237	0.37422722151470467
-55.6	0.9581143552699152	0.5831789090035082	0.3741391789453643
-55.2	0.9581143783060494	0.5831771904784411	0.37406034189936
-54.8	0.9581143698449829	0.5831754719533739	0.3739890581032723
-54.4	0.9581143438404887	0.5831741353227664	0.3739246194399217
-54.0	0.9581143104373315	0.5831729896393889	0.37386702590930776
-53.6	0.9581142764141715	0.5831722258504697	0.3738148612770713
-53.2	0.9581142458186219	0.5831714620615509	0.3737678895041525
-52.8	0.9581142206443499	0.5831706982726321	0.37372587455149153
-52.4	0.9581142014573277	0.5831701254309434	0.37368787226284894
-52.0	0.9581141879225274	0.5831697435364838	0.37365364659916445
-51.6	0.958114179213424	0.5831695525892542	0.3736224894432585
-51.2	0.958114174307155	0.5831693616420246	0.3735946368341909
-50.8	0.958114172179592	0.583169170694795	0.3735693806547822
-50.4	0.9581141719200008	0.5831687888003354	0.37354695694409257
-50.0	0.9581141727856862	0.5831687888003354	0.3735264215458818
-49.6	0.958114174215348	0.5831687888003354	0.3735080104992101
-49.2	0.958114175816698	0.5831685978531063	0.3734917238040776
-48.8	0.9581141773403621	0.5831685978531063	0.3734766173042443
-48.4	0.9581141786486354	0.5831685978531063	0.37346339911688986
-48.0	0.9581141796846981	0.5831684069058762	0.37345088904671586
-47.6	0.9581141804455386	0.5831684069058762	0.37344003124996084
-47.2	0.9581141809600576	0.5831682159586467	0.3734301176094452
-46.8	0.9581141812726701	0.5831682159586467	0.3734213841642293
-46.4	0.9581141814319384	0.5831682159586467	0.3734131227971331
-46.0	0.9581141814834578	0.5831682159586467	0.37340580558627634
-45.6	0.9581141814660036	0.5831682159586467	0.3733994325316594
-45.2	0.9581141814100037	0.5831682159586467	0.37339353155516175
-44.8	0.9581141813376217	0.5831682159586467	0.37338810265678424
-44.4	0.9581141812637005	0.5831682159586467	0.37338338187558673
-44.0	0.9581141811970996	0.583167834064187	0.3733791331725085
-43.6	0.9581141811422268	0.583167834064187	0.3733753565475504
-43.2	0.9581141811003462	0.5831682159586467	0.3733718159616517
-42.8	0.9581141810707701	0.5831682159586467	0.37336874745387316
-42.4	0.9581141810516962	0.5831682159586467	0.3733656789460946
-42.0	0.9581141810409202	0.5831682159586467	0.3733630825164358
-41.6	0.9581141810362146	0.5831682159586467	0.3733607221258368
-41.2	0.9581141810355953	0.5831682159586467	0.37335883381335755
-40.8	0.9581141810374432	0.5831682159586467	0.3733569455008783
-40.4	0.9581141810405337	0.5831682159586467	0.3733552932274593
-40.0	0.9581141810440088	0.5831682159586467	0.3733536409540399
-39.6	0.9581141810473229	0.5831682159586467	0.3733524607587406
-39.2	0.9581141810501724	0.5831682159586467	0.37335104452438106
-38.8	0.958114181052432	0.5831682159586467	0.3733501003681421
-38.4	0.958114181054094	0.5831682159586467	0.37334915621190223
-38.0	0.9581141810552191	0.5831682159586467	0.3733482120556624
-37.6	0.958114181055909	0.5831682159586467	0.37334726789942296
-37.2	0.958114181056257	0.5831682159586467	0.3733465597822434
-36.8	0.9581141810563671	0.5831682159586467	0.3733458516650634
-36.4	0.9581141810563303	0.5831682159586467	0.3733453795869437
-36.0	0.9581141810562113	0.5831682159586467	0.37334467146976413
-35.6	0.9581141810560556	0.5831682159586467	0.3733441993916444
-35.2	0.9581141810558998	0.5831682159586467	0.3733437273135243
-34.8	0.9581141810557531	0.583167834064187	0.37334325523540457
-34.4	0.9581141810556342	0.5831682159586467	0.37334278315728486
-34.0	0.9581141810555424	0.5831682159586467	0.37334254711822457
-33.6	0.9581141810554785	0.5831682159586467	0.3733420750401053
-33.2	0.9581141810554344	0.5831682159586467	0.3733420750401053
-32.8	0.9581141810554105	0.5831682159586467	0.37334183900104545
-32.4	0.9581141810554005	0.5831682159586467	0.3733416029619856
-32.0	0.9581141810553986	0.5831682159586467	0.37334136692292574
-31.6	0.9581141810554022	0.5831682159586467	0.37334113088386545
-31.2	0.9581141810554096	0.5831682159586467	0.37334113088386545
-30.8	0.9581141810554169	0.5831682159586467	0.37334089484480604
-30.4	0.9581141810554241	0.583167834064187	0.37334089484480604
-30.0	0.9581141810554298	0.583167834064187	0.37334089484480604
-29.6	0.9581141810554351	0.5831682159586467	0.37334065880574574
-29.2	0.9581141810554389	0.5831682159586467	0.37334042276668633
-28.8	0.9581141810554417	0.5831682159586467	0.37334042276668633
-28.4	0.9581141810554417	0.5831682159586467	0.37334042276668633
-28.0	0.9581141810554417	0.5831682159586467	0.37334042276668633
-27.6	0.9581141810554417	0.5831682159586467	0.37334018672762603
-27.2	0.9581141810554417	0.5831682159586467	0.37334018672762603
-26.8	0.9581141810554417	0.5831682159586467	0.37334018672762603
-26.4	0.9581141810554417	0.5831682159586467	0.37334018672762603
-26.0	0.9581141810554417	0.5831682159586467	0.3733399506885662
-25.6	0.9581141810554417	0.5831682159586467	0.3733399506885662
-25.2	0.9581141810554417	0.5831682159586467	0.3733399506885662
-24.8	0.9581141810554417	0.5831682159586467	0.3733399506885662
-24.4	0.9581141810554417	0.5831682159586467	0.3733399506885662
-24.0	0.9581141810554417	0.5831682159586467	0.3733399506885662
-23.6	0.9581141810554417	0.5831682159586467	0.3733399506885662
-23.2	0.9581141810554417	0.5831682159586467	0.3733399506885662
-22.8	0.9581141810554417	0.5831682159586467	0.3733399506885662
-22.4	0.9581141810554417	0.5831682159586467	0.3733397146495063
-22.0	0.9581141810554417	0.5831682159586467	0.3733397146495063
-21.6	0.9581141810554417	0.5831682159586467	0.3733399506885662
-21.2	0.9581141810554417	0.5831682159586467	0.3733397146495063
-20.8	0.9581141810554417	0.583167834064187	0.3733397146495063
-20.4	0.9581141810554417	0.5831682159586467	0.3733399506885662
-20.0	0.9581141810554417	0.5831682159586467	0.3733399506885662
-19.6	0.9581141810554417	0.5831682159586467	0.3733397146495063
-19.2	0.9581141810554417	0.5831682159586467	0.3733397146495063
-18.8	0.9581141810554417	0.5831682159586467	0.3733397146495063
-18.4	0.9581141810554417	0.5831682159586467	0.3733397146495063
-18.0	0.9581141810554417	0.5831682159586467	0.3733397146495063
-17.6	0.9581141810554417	0.5831682159586467	0.3733397146495063
-17.2	0.9581141810554417	0.5831682159586467	0.3733397146495063
-16.8	0.9581141810554417	0.5831682159586467	0.3733397146495063
-16.4	0.9581141810554417	0.5831682159586467	0.3733397146495063
-16.0	0.9581141810554417	0.5831682159586467	0.3733397146495063
-15.6	0.9581141810554417	0.5831682159586467	0.3733397146495063
-15.2	0.9581141810554417	0.5831682159586467	0.3733397146495063
-14.8	0.9581141810554417	0.5831682159586467	0.3733397146495063
-14.4	0.9581141810554417	0.583167834064187	0.3733397146495063
-14.0	0.9581141810554417	0.5831682159586467	0.3733397146495063
-13.6	0.9581141810554417	0.5831682159586467	0.3733397146495063
-13.2	0.9581141810554417	0.5831682159586467	0.3733397146495063
-12.8	0.9581141810554417	0.5831682159586467	0.3733397146495063
-12.4	0.9581141810554417	0.5831682159586467	0.3733397146495063
-12.0	0.9581141810554417	0.5831682159586467	0.3733397146495063
-11.6	0.9581141810554417	0.5831682159586467	0.3733397146495063
-11.2	0.9581141810554417	0.5831682159586467	0.3733397146495063
-10.8	0.9581141810554417	0.5831682159586467	0.3733397146495063
-10.4	0.9581141810554417	0.5831682159586467	0.3733397146495063
-10.0	0.9581141810554417	0.5831682159586467	0.3733397146495063
-9.6	0.9581141810554417	0.5831682159586467	0.3733397146495063
-9.2	0.9581141810554417	0.5831682159586467	0.3733397146495063
-8.8	0.9581141810554417	0.5831682159586467	0.3733397146495063
-8.4	0.9581141810554417	0.5831682159586467	0.3733397146495063
-8.0	0.9581141810554417	0.5831682159586467	0.3733397146495063
-7.6	0.9581141810554417	0.5831682159586467	0.3733397146495063
-7.2	0.9581141810554417	0.5831682159586467	0.3733397146495063
-6.8	0.9581141810554417	0.5831682159586467	0.3733397146495063
-6.4	0.9581141810554417	0.5831682159586467	0.3733397146495063
-6.0	0.9581141810554417	0.5831682159586467	0.3733397146495063
-5.6	0.9581141810554417	0.5831682159586467	0.3733397146495063
-5.2	0.9581141810554417	0.5831682159586467	0.3733397146495063
-4.8	0.9581141810554417	0.5831682159586467	0.3733397146495063
-4.4	0.9581141810554417	0.5831682159586467	0.3733397146495063
-4.0	0.9581141810554417	0.5831682159586467	0.3733397146495063
-3.6	0.9581141810554417	0.5831682159586467	0.3733397146495063
-3.2	0.9581141810554417	0.5831682159586467	0.3733397146495063
-2.8	0.9581141810554417	0.5831682159586467	0.3733397146495063
-2.4	0.9581141810554417	0.5831682159586467	0.3733397146495063
-2.0	0.9581141810554417	0.5831682159586467	0.3733397146495063
-1.6	0.9581141810554417	0.5831682159586467	0.3733397146495063
-1.2	0.9581141810554417	0.5831682159586467	0.3733397146495063
-0.8	0.9581141810554417	0.583167834064187	0.3733397146495063
-0.4	0.9581141810554417	0.5831682159586467	0.3733397146495063
0.0	0.9581141810554417	0.5831682159586467	0.3733397146495063
0.4	0.9581141810554417	0.5831682159586467	0.3733397146495063
0.8	0.9581141810554417	0.5831682159586467	0.3733397146495063
1.2	0.9581141810554417	0.5831682159586467	0.3733397146495063
1.6	0.9325882731771457	0.5621855977313484	0.36003206849178904
2.0	0.843873479541181	0.4926720225570782	0.30845304916299066
2.4	0.7024322818904056	0.40704326498715604	0.2184570205631582
2.8	0.5458070038769351	0.3663359888816582	0.12402086120767475
3.2	0.39772406734057786	0.3786662152906928	0.061003861114572455
3.6	0.2711570215730236	0.41880236823223216	0.043180787741099014
4.0	0.17132258500387848	0.46546204232838884	0.06186091894104573
4.4	0.0983034944876641	0.5083211027650938	0.09837285695968179
4.8	0.04916003282079817	0.5434702869092112	0.13645610700002742
5.2	0.01950614488574446	0.5699344272587901	0.16754740800821688
5.6	0.004595669507025765	0.5882380558537479	0.18959723282719843
6.0	0.0	0.5997729870511859	0.20379805078755187
6.4	0.001970428391404537	0.6063282054459291	0.2121793257262392
6.8	0.007575045034696991	0.6096592798676097	0.21654982495922104
7.2	0.014688064423555941	0.6111872395994689	0.2182490701513924
7.6	0.02189372658355987	0.6118767500458255	0.21821106786274935
8.0	0.028350770343242414	0.6122802215421288	0.2170837453126997
8.4	0.03364886844387128	0.6126659349460724	0.21532289392589643
8.8	0.03767634363262206	0.6131505590149873	0.21325212325345344
9.2	0.04050924737979743	0.6137879408676428	0.21109968306628746
9.6	0.04232533770082475	0.6146141695304466	0.20902088706580857
10.0	0.04334225697962158	0.6156546409849457	0.20711510769623098
10.4	0.0437768026503866	0.6169190935398534	0.20543663394133027
10.8	0.04382111652659886	0.6183956884669306	0.2040048210040184
11.2	0.0436314574530143	0.6200491005286866	0.20281164355625814
11.6	0.04332561052056362	0.6218268192369609	0.2018304291842825
12.0	0.042985653963167406	0.6236667867421093	0.20102789638064555
12.4	0.042663562242194204	0.6255090456140135	0.20037052759884322
12.8	0.0423878493422843	0.6273018491534326	0.19982976211262837
13.2	0.0421700822648452	0.6290035708642963	0.19938388432848964
13.6	0.04201059248040673	0.6305872871872205	0.19901542735599653
14.0	0.04190308016847743	0.6320375313966022	0.19871211716403359
14.4	0.04183805552060373	0.6333483841283214	0.19846215179960636
14.8	0.04180521399754266	0.6345202272768371	0.19825703385655968
15.2	0.04179492120687013	0.6355597439951879	0.19808897404591574
15.6	0.04179900972608181	0.6364749540670203	0.19795183535211747
16.0	0.041811083295859995	0.6372767414844258	0.19784018887678823
16.4	0.041826497980267635	0.6379754173978065	0.19774907779966933
16.8	0.04184215583202051	0.6385816748520243	0.19767519757392282
17.2	0.0418562115070811	0.6391054431030234	0.19761500761365003
17.6	0.04186776048210639	0.6395568423539748	0.19756638356731226
18.0	0.04187655121900773	0.6399442742829855	0.1975269650443101
18.4	0.04188274346064996	0.640275376779242	0.197495335810284
18.8	0.04188672053711745	0.6405583605736203	0.197469607552756
19.2	0.041888954288249444	0.640798763135781	0.1974486000764255
19.6	0.04188991592059674	0.6410030766715336	0.19743184130317282
20.0	0.04189002375820357	0.6411753110727001	0.19741838707675896
20.4	0.04188961846969933	0.6413206219144829	0.19740729324094408
20.8	0.041888957182442156	0.641442828141475	0.19739879583478848
21.2	0.041888219337756126	0.6415449849093511	0.19739171466299155
21.6	0.04188751878474316	0.6416299564265566	0.19738581368649344
22.0	0.041886918187912965	0.6417006069015367	0.19738132894435578
22.4	0.041886443187265275	0.6417588458065873	0.19737778835845754
22.8	0.04188609483509504	0.6418067735612354	0.19737495588973886
23.2	0.04188585963542684	0.6418455358488591	0.19737259549913988
23.6	0.04188571705760046	0.6418768511945263	0.19737070718666105
24.0	0.0418856447300795	0.6419020562288433	0.19736929095230105
24.4	0.04188562169394452	0.6419221056879594	0.19736811075700178
24.8	0.041885630155010865	0.6419375724135632	0.19736716660076237
25.2	0.04188565615950581	0.6419492201945731	0.19736645848358236
25.6	0.041885689562664655	0.6419583856615976	0.19736598640546266
26.0	0.041885723585826894	0.6419644959729469	0.19736551432734295
26.4	0.04188575418137185	0.6419688877592296	0.19736504224922324
26.8	0.04188577935564246	0.6419717519676746	0.1973648062101634
27.2	0.04188579854266422	0.6419728976510526	0.19736457017110354
27.6	0.04188581207746908	0.6419730885982826	0.19736433413204368
28.0	0.04188582078657159	0.641972706703823	0.19736433413204368
28.4	0.04188582569284101	0.6419717519676746	0.19736409809298383
28.8	0.04188582782040343	0.6419698424953775	0.19736409809298383
29.2	0.04188582807999494	0.6419679330230812	0.19736409809298383
29.6	0.04188582721430925	0.6419654507090953	0.19736409809298383
30.0	0.04188582578464762	0.6419629683951098	0.19736409809298383
30.4	0.041885824183297664	0.6419602951338939	0.19736362601486368
30.8	0.04188582265963342	0.6419578128199084	0.19736362601486368
31.2	0.04188582135136015	0.6419553305059225	0.19736362601486368
31.6	0.0418858203152968	0.6419526572447074	0.19736362601486368
32.0	0.041885819554456694	0.6419499839834919	0.19736362601486368
32.4	0.04188581903993779	0.6419473107222764	0.19736362601486368
32.8	0.0418858187273271	0.6419450193555205	0.19736362601486368
33.2	0.04188581856805733	0.6419429189359938	0.19736362601486368
33.6	0.04188581851653521	0.6419406275692379	0.19736362601486368
34.0	0.04188581853399386	0.6419385271497111	0.19736362601486368
34.4	0.0418858185899931	0.6419366176774144	0.19736362601486368
34.8	0.04188581866237206	0.6419347082051177	0.19736362601486368
35.2	0.041885818736298756	0.6419327987328214	0.19736362601486368
35.6	0.04188581880289552	0.6419310802077534	0.19736362601486368
36.0	0.04188581885776873	0.6419297435771467	0.19736362601486368
36.4	0.04188581889964613	0.6419282159993087	0.19736362601486368
36.8	0.04188581892922926	0.6419270703159308	0.19736362601486368
37.2	0.04188581894829994	0.6419253517908641	0.19736362601486368
37.6	0.041885818959075415	0.6419245880019449	0.19736362601486368
38.0	0.04188581896378148	0.6419232513713378	0.19736362601486368
38.4	0.04188581896440085	0.6419222966351894	0.19736362601486368
38.8	0.04188581896255263	0.6419213418990406	0.19736362601486368
39.2	0.041885818959462105	0.6419203871628922	0.19736362601486368
39.6	0.041885818955986844	0.641919814321203	0.19736362601486368
40.0	0.041885818952673064	0.6419188595850542	0.19736362601486368
40.4	0.041885818949823336	0.6419180957961359	0.19736362601486368
40.8	0.04188581894756354	0.6419175229544472	0.19736362601486368
41.2	0.04188581894590182	0.641917141059988	0.19736362601486368
41.6	0.041885818944776304	0.6419163772710688	0.19736362601486368
42.0	0.04188581894409092	0.6419159953766096	0.19736362601486368
42.4	0.04188581894374024	0.6419154225349204	0.19736362601486368
42.8	0.04188581894362508	0.6419150406404612	0.19736362601486368
43.2	0.04188581894366099	0.6419144677987725	0.19736362601486368
43.6	0.04188581894378156	0.6419142768515425	0.19736362601486368
44.0	0.04188581894393838	0.6419137040098537	0.19736362601486368
44.4	0.041885818944099	0.6419135130626237	0.19736362601486368
44.8	0.04188581894424396	0.6419133221153941	0.19736362601486368
45.2	0.041885818944363565	0.641913131168165	0.19736362601486368
45.6	0.041885818944454964	0.6419127492737049	0.19736362601486368
46.0	0.04188581894451962	0.6419123673792457	0.19736362601486368
46.4	0.04188581894456138	0.6419121764320161	0.19736362601486368
46.8	0.04188581894458505	0.6419121764320161	0.19736362601486368
47.2	0.04188581894459545	0.6419117945375565	0.19736362601486368
47.6	0.04188581894459692	0.641911603590327	0.19736362601486368
48.0	0.04188581894459297	0.6419114126430969	0.19736362601486368
48.4	0.041885818944586296	0.6419114126430969	0.19736362601486368
48.8	0.041885818944578754	0.6419114126430969	0.19736362601486368
49.2	0.041885818944571544	0.6419112216958678	0.19736362601486368
49.6	0.04188581894456534	0.6419108398014082	0.19736362601486368
50.0	0.04188581894456041	0.6419108398014082	0.19736362601486368
50.4	0.04188581894455678	0.6419106488541786	0.19736362601486368
50.8	0.041885818944554315	0.6419106488541786	0.19736362601486368
51.2	0.041885818944552816	0.6419106488541786	0.19736362601486368
51.6	0.041885818944552046	0.6419106488541786	0.19736362601486368
52.0	0.04188581894455179	0.6419106488541786	0.19736362601486368
52.4	0.04188581894455186	0.6419106488541786	0.19736362601486368
52.8	0.04188581894455212	0.641910457906949	0.19736362601486368
53.2	0.04188581894455246	0.641910457906949	0.19736362601486368
53.6	0.04188581894455281	0.641910457906949	0.19736362601486368
54.0	0.04188581894455312	0.6419102669597194	0.19736362601486368
54.4	0.041885818944553385	0.6419102669597194	0.19736362601486368
54.8	0.041885818944553586	0.6419102669597194	0.19736362601486368
55.2	0.041885818944553725	0.6419102669597194	0.19736362601486368
55.6	0.041885818944553815	0.6419102669597194	0.19736362601486368
56.0	0.04188581894455387	0.6419102669597194	0.19736362601486368
56.4	0.04188581894455389	0.6419102669597194	0.19736362601486368
56.8	0.04188581894455389	0.6419102669597194	0.19736362601486368
57.2	0.041885818944553885	0.6419102669597194	0.19736362601486368
57.6	0.04188581894455387	0.6419098850652598	0.19736362601486368
58.0	0.04188581894455386	0.6419098850652598	0.19736362601486368
58.4	0.04188581894455384	0.6419098850652598	0.19736362601486368
58.8	0.04188581894455383	0.6419098850652598	0.19736362601486368
59.2	0.041885818944553815	0.6419098850652598	0.19736362601486368
59.6	0.04188581894455381	0.6419098850652598	0.19736362601486368
60.0	0.0418858189445538	0.6419098850652598	0.19736362601486368
60.4	0.0418858189445538	0.6419098850652598	0.19736362601486368
60.8	0.041885818944553795	0.6419098850652598	0.19736362601486368
61.2	0.041885818944553795	0.6419098850652598	0.19736362601486368
61.6	0.041885818944553795	0.6419098850652598	0.19736362601486368
62.0	0.041885818944553795	0.6419098850652598	0.19736362601486368
62.4	0.0418858189445538	0.6419096941180307	0.19736362601486368
62.8	0.0418858189445538	0.6419096941180307	0.19736362601486368
63.2	0.0418858189445538	0.6419096941180307	0.19736362601486368
63.6	0.0418858189445538	0.6419098850652598	0.19736362601486368
64.0	0.0418858189445538	0.6419096941180307	0.19736362601486368
64.4	0.0418858189445538	0.6419096941180307	0.19736362601486368
64.8	0.0418858189445538	0.6419096941180307	0.19736362601486368
65.2	0.0418858189445538	0.6419096941180307	0.19736362601486368
65.6	0.0418858189445538	0.6419096941180307	0.19736362601486368
66.0	0.0418858189445538	0.6419096941180307	0.19736362601486368
66.4	0.0418858189445538	0.6419096941180307	0.19736362601486368
66.8	0.0418858189445538	0.6419096941180307	0.19736362601486368
67.2	0.0418858189445538	0.6419096941180307	0.19736362601486368
67.6	0.0418858189445538	0.6419096941180307	0.19736362601486368
68.0	0.0418858189445538	0.6419096941180307	0.19736362601486368
68.4	0.0418858189445538	0.6419096941180307	0.19736362601486368
68.8	0.0418858189445538	0.6419096941180307	0.19736362601486368
69.2	0.0418858189445538	0.6419096941180307	0.19736362601486368
69.6	0.0418858189445538	0.6419096941180307	0.19736362601486368
70.0	0.0418858189445538	0.6419096941180307	0.19736362601486368
70.4	0.0418858189445538	0.6419096941180307	0.19736362601486368
70.8	0.0418858189445538	0.6419096941180307	0.19736362601486368
71.2	0.0418858189445538	0.6419096941180307	0.19736362601486368
71.6	0.0418858189445538	0.6419096941180307	0.19736362601486368
72.0	0.0418858189445538	0.6419096941180307	0.19736362601486368
72.4	0.0418858189445538	0.6419096941180307	0.19736362601486368
72.8	0.0418858189445538	0.6419096941180307	0.19736362601486368
73.2	0.0418858189445538	0.6419096941180307	0.19736362601486368
73.6	0.0418858189445538	0.6419096941180307	0.19736362601486368
74.0	0.0418858189445538	0.6419096941180307	0.19736362601486368
74.4	0.0418858189445538	0.6419096941180307	0.19736362601486368
74.8	0.0418858189445538	0.6419096941180307	0.19736362601486368
75.2	0.0418858189445538	0.6419096941180307	0.19736362601486368
75.6	0.0418858189445538	0.6419096941180307	0.19736362601486368
76.0	0.0418858189445538	0.6419096941180307	0.19736362601486368
76.4	0.0418858189445538	0.6419096941180307	0.19736362601486368
76.8	0.0418858189445538	0.6419096941180307	0.19736362601486368
77.2	0.0418858189445538	0.6419096941180307	0.19736362601486368
77.6	0.0418858189445538	0.6419096941180307	0.19736362601486368
78.0	0.0418858189445538	0.6419096941180307	0.19736362601486368
78.4	0.0418858189445538	0.6419096941180307	0.19736362601486368
78.8	0.0418858189445538	0.6419096941180307	0.19736362601486368
79.2	0.0418858189445538	0.6419096941180307	0.19736362601486368
79.6	0.0418858189445538	0.6419096941180307	0.19736362601486368
80.0	0.0418858189445538	0.6419096941180307	0.19736362601486368
80.4	0.0418858189445538	0.6419096941180307	0.19736362601486368
80.8	0.0418858189445538	0.6419096941180307	0.19736362601486368
