Time	ABP	LCBFV	RCBFV
-78.0	0.06741172682284972	0.19229312650254382	0.1637653541515487
-77.6	0.15612652045881448	0.20425998033350679	0.16949260590079662
-77.2	0.2975677181095899	0.2177542210546397	0.17585126213525903
-76.8	0.4541929961230602	0.2379025908354877	0.1851670157120635
-76.4	0.6022759326594176	0.27181653735083744	0.2008192378517002
-76.0	0.728842978426972	0.32672035808821276	0.22667967725359706
-75.6	0.8286774149961178	0.4029909828789924	0.2651913381876483
-75.2	0.9016965055123313	0.48324304835572596	0.3143500129963024
-74.8	0.9508399671791976	0.5342066730087578	0.3666770401059014
-74.4	0.9804938551142541	0.5297595120296266	0.4125927742706823
-74.0	0.9954043304929681	0.4744898364001937	0.44523957268356806
-73.6	1.0	0.41001402198643966	0.4626514660147083
-73.2	0.9980295716085953	0.37774183975183595	0.4668911996085092
-72.8	0.9924249549652986	0.3749478998872311	0.4618111669614886
-72.4	0.9853119355764359	0.37604718308846996	0.4511469222355151
-72.0	0.9781062734164401	0.3695074314193305	0.4377425000632411
-71.6	0.9716492296567552	0.35931810534941233	0.4235355450873297
-71.2	0.9663511315561246	0.35079250249165295	0.4097449630130714
-70.8	0.9623236563673749	0.34495791894170313	0.39705927977817224
-70.4	0.9594907526201965	0.341095247432607	0.38579502376194963
-70.0	0.9576746622991714	0.3384584571380249	0.37602088233083286
-69.6	0.9566577430203744	0.3360588233026989	0.3676587265559972
-69.2	0.9562231973496089	0.3332217293641877	0.3605563112438115
-68.8	0.9561788834733969	0.33025937404300976	0.3545344827478165
-68.4	0.9563685425469809	0.3278310981232324	0.34941928028087155
-68.0	0.9566743894794315	0.32600201461017564	0.34505491806344635
-67.6	0.9570143460368283	0.32435910464605167	0.34131157461260075
-67.2	0.9573364377578013	0.32267036734680543	0.33808374046856127
-66.8	0.9576121506577112	0.3210383413747735	0.3352878578041265
-66.4	0.9578299177351507	0.3195903885321476	0.3328604321121853
-66.0	0.957989407519589	0.3183154338796079	0.33074906272144045
-65.6	0.958096919831518	0.3171613488234519	0.3289143311088907
-65.2	0.9581619444793907	0.3161185860021969	0.32732224764991136
-64.8	0.9581947860024498	0.31518943678259825	0.32594425161825535
-64.4	0.9582050787931264	0.31435996201688976	0.3247565030688726
-64.0	0.9582009902739096	0.3136181320296023	0.3237363422520141
-63.6	0.958188916704134	0.3129633739790467	0.322863941886649
-63.2	0.9581735020197326	0.31239377839292626	0.32212112696516515
-62.8	0.9581578441679759	0.311896169912393	0.32149043059713067
-62.4	0.958143788492917	0.3114577550730595	0.320957218360832
-62.0	0.9581322395178903	0.31107356924695306	0.32050756395173563
-61.6	0.9581234487809865	0.3107401753839407	0.3201294293777863
-61.2	0.9581172565393483	0.31045108127821264	0.31981219288129026
-60.8	0.9581132794628786	0.31020055851287953	0.3195459408217305
-60.4	0.9581110457117459	0.30998306961827904	0.31932264787107156
-60.0	0.9581100840793987	0.30979555943873827	0.31913570493563626
-59.6	0.9581099762417915	0.30963439997689246	0.31897944707798676
-59.2	0.9581103815302958	0.30949558134091903	0.31884797332162673
-58.8	0.9581110428175537	0.3093768121640612	0.31873774308065617
-58.4	0.9581117806622393	0.3092752282378739	0.318645451808238
-58.0	0.9581124812152524	0.30918949293175	0.31856732287941325
-57.6	0.9581130818120823	0.3091167420372436	0.3185021760988831
-57.2	0.9581135568127304	0.30905563892374754	0.31844694295886766
-56.8	0.9581139051649005	0.3090044650661947	0.3184006793031293
-56.4	0.9581141403645693	0.308961501939518	0.3183619688973063
-56.0	0.9581142829423992	0.30892636764925774	0.31832892342892194
-55.6	0.9581143552699152	0.308897916512036	0.3183013068589138
-55.2	0.9581143783060494	0.3088750028444749	0.3182779389919843
-54.8	0.9581143698449829	0.30885667191042643	0.31825811171095353
-54.4	0.9581143438404887	0.30884235086820055	0.31824182501582055
-54.0	0.9581143104373315	0.308831848770569	0.31822766267222713
-53.6	0.9581142764141715	0.30882401993415165	0.31821586071923225
-53.2	0.9581142458186219	0.30881829151726103	0.3182059470787171
-52.8	0.9581142206443499	0.30881485446712764	0.31819792175068073
-52.4	0.9581142014573277	0.30881351783651967	0.31819060453982395
-52.0	0.9581141879225274	0.30881351783651967	0.31818470356332673
-51.6	0.958114179213424	0.30881409067820886	0.3181799827821288
-51.2	0.958114174307155	0.3088154273088164	0.31817573407905053
-50.8	0.958114172179592	0.3088179096228023	0.31817242953221214
-50.4	0.9581141719200008	0.30882115572570656	0.3181693610244336
-50.0	0.9581141727856862	0.30882459277584084	0.3181667645947748
-49.6	0.958114174215348	0.3088284117204343	0.3181648762822955
-49.2	0.958114175816698	0.30883261255948735	0.31816298796981624
-48.8	0.9581141773403621	0.30883681339853997	0.3181615717354571
-48.4	0.9581141786486354	0.3088406323431334	0.318160155501098
-48.0	0.9581141796846981	0.3088448331821865	0.318159447383918
-47.6	0.9581141804455386	0.3088492249684691	0.3181585032276786
-47.2	0.9581141809600576	0.30885323486029215	0.3181577951104986
-46.8	0.9581141812726701	0.3088572447521152	0.31815732303237887
-46.4	0.9581141814319384	0.30886087274947904	0.3181566149151993
-46.0	0.9581141814834578	0.3088648826413025	0.31815637887613946
-45.6	0.9581141814660036	0.30886870158589597	0.3181561428370796
-45.2	0.9581141814100037	0.3088721386360298	0.3181556707589599
-44.8	0.9581141813376217	0.3088753847389345	0.3181554347198996
-44.4	0.9581141812637005	0.30887843989460917	0.3181554347198996
-44.0	0.9581141811970996	0.30888168599751387	0.31815519868083975
-43.6	0.9581141811422268	0.30888455020595895	0.31815519868083975
-43.2	0.9581141811003462	0.30888684157271484	0.3181549626417799
-42.8	0.9581141810707701	0.30888951483393035	0.3181549626417799
-42.4	0.9581141810516962	0.3088918062006867	0.3181549626417799
-42.0	0.9581141810409202	0.30889409756744257	0.3181549626417799
-41.6	0.9581141810362146	0.3088961979869689	0.3181549626417799
-41.2	0.9581141810355953	0.30889810745926605	0.3181549626417799
-40.8	0.9581141810374432	0.3089000169315623	0.3181549626417799
-40.4	0.9581141810405337	0.30890173545662947	0.3181549626417799
-40.0	0.9581141810440088	0.30890307208723744	0.3181549626417799
-39.6	0.9581141810473229	0.30890459966507455	0.3181549626417799
-39.2	0.9581141810501724	0.3089059362956825	0.3181549626417799
-38.8	0.958114181052432	0.30890765482074967	0.3181549626417799
-38.4	0.958114181054094	0.308908418609668	0.3181549626417799
-38.0	0.9581141810552191	0.3089089914513572	0.3181549626417799
-37.6	0.958114181055909	0.30891032808196517	0.3181549626417799
-37.2	0.958114181056257	0.3089118556598023	0.3181549626417799
-36.8	0.9581141810563671	0.30891261944872106	0.3181549626417799
-36.4	0.9581141810563303	0.30891319229041025	0.3181549626417799
-36.0	0.9581141810562113	0.3089135741848694	0.31815519868083975
-35.6	0.9581141810560556	0.3089145289210178	0.31815519868083975
-35.2	0.9581141810558998	0.30891529270993656	0.31815519868083975
-34.8	0.9581141810557531	0.30891548365716615	0.31815519868083975
-34.4	0.9581141810556342	0.3089160564988549	0.31815519868083975
-34.0	0.9581141810555424	0.3089166293405441	0.31815519868083975
-33.6	0.9581141810554785	0.30891739312946287	0.31815519868083975
-33.2	0.9581141810554344	0.30891758407669245	0.31815519868083975
-32.8	0.9581141810554105	0.30891758407669245	0.31815519868083975
-32.4	0.9581141810554005	0.30891834786561123	0.3181554347198996
-32.0	0.9581141810553986	0.3089189207073004	0.3181554347198996
-31.6	0.9581141810554022	0.30891911165453	0.3181554347198996
-31.2	0.9581141810554096	0.3089193026017596	0.3181554347198996
-30.8	0.9581141810554169	0.3089194935489896	0.3181554347198996
-30.4	0.9581141810554241	0.3089196844962192	0.3181554347198996
-30.0	0.9581141810554298	0.30892006639067837	0.3181554347198996
-29.6	0.9581141810554351	0.30892006639067837	0.3181554347198996
-29.2	0.9581141810554389	0.30892025733790796	0.3181554347198996
-28.8	0.9581141810554417	0.308920448285138	0.3181554347198996
-28.4	0.9581141810554417	0.308920448285138	0.3181554347198996
-28.0	0.9581141810554417	0.30892063923236757	0.3181554347198996
-27.6	0.9581141810554417	0.30892063923236757	0.3181554347198996
-27.2	0.9581141810554417	0.30892102112682673	0.3181554347198996
-26.8	0.9581141810554417	0.30892102112682673	0.3181554347198996
-26.4	0.9581141810554417	0.3089212120740563	0.3181554347198996
-26.0	0.9581141810554417	0.3089212120740563	0.3181554347198996
-25.6	0.9581141810554417	0.3089214030212859	0.3181554347198996
-25.2	0.9581141810554417	0.3089214030212859	0.3181554347198996
-24.8	0.9581141810554417	0.3089214030212859	0.3181554347198996
-24.4	0.9581141810554417	0.3089214030212859	0.3181554347198996
-24.0	0.9581141810554417	0.30892159396851593	0.3181554347198996
-23.6	0.9581141810554417	0.3089219758629751	0.3181554347198996
-23.2	0.9581141810554417	0.3089219758629751	0.3181554347198996
-22.8	0.9581141810554417	0.3089219758629751	0.3181554347198996
-22.4	0.9581141810554417	0.3089219758629751	0.3181554347198996
-22.0	0.9581141810554417	0.3089219758629751	0.3181554347198996
-21.6	0.9581141810554417	0.3089219758629751	0.3181554347198996
-21.2	0.9581141810554417	0.3089219758629751	0.3181554347198996
-20.8	0.9581141810554417	0.3089219758629751	0.3181554347198996
-20.4	0.9581141810554417	0.3089221668102051	0.3181554347198996
-20.0	0.9581141810554417	0.3089221668102051	0.3181554347198996
-19.6	0.9581141810554417	0.3089219758629751	0.3181554347198996
-19.2	0.9581141810554417	0.3089219758629751	0.3181554347198996
-18.8	0.9581141810554417	0.3089221668102051	0.3181554347198996
-18.4	0.9581141810554417	0.3089219758629751	0.3181554347198996
-18.0	0.9581141810554417	0.3089221668102051	0.3181554347198996
-17.6	0.9581141810554417	0.3089221668102051	0.3181554347198996
-17.2	0.9581141810554417	0.3089221668102051	0.3181554347198996
-16.8	0.9581141810554417	0.3089221668102051	0.3181554347198996
-16.4	0.9581141810554417	0.3089221668102051	0.3181554347198996
-16.0	0.9581141810554417	0.3089219758629751	0.3181554347198996
-15.6	0.9581141810554417	0.3089219758629751	0.3181554347198996
-15.2	0.9581141810554417	0.3089219758629751	0.3181554347198996
-14.8	0.9581141810554417	0.3089221668102051	0.3181554347198996
-14.4	0.9581141810554417	0.3089221668102051	0.3181554347198996
-14.0	0.9581141810554417	0.3089221668102051	0.3181554347198996
-13.6	0.9581141810554417	0.3089219758629751	0.3181554347198996
-13.2	0.9581141810554417	0.3089221668102051	0.3181554347198996
-12.8	0.9581141810554417	0.3089221668102051	0.31815519868083975
-12.4	0.9581141810554417	0.3089221668102051	0.3181554347198996
-12.0	0.9581141810554417	0.3089221668102051	0.3181554347198996
-11.6	0.9581141810554417	0.3089221668102051	0.3181554347198996
-11.2	0.9581141810554417	0.3089219758629751	0.3181554347198996
-10.8	0.9581141810554417	0.3089221668102051	0.31815519868083975
-10.4	0.9581141810554417	0.3089221668102051	0.3181554347198996
-10.0	0.9581141810554417	0.3089221668102051	0.3181554347198996
-9.6	0.9581141810554417	0.3089221668102051	0.3181554347198996
-9.2	0.9581141810554417	0.3089219758629751	0.3181554347198996
-8.8	0.9581141810554417	0.3089221668102051	0.3181554347198996
-8.4	0.9581141810554417	0.3089221668102051	0.3181554347198996
-8.0	0.9581141810554417	0.3089221668102051	0.3181554347198996
-7.6	0.9581141810554417	0.3089221668102051	0.3181554347198996
-7.2	0.9581141810554417	0.3089221668102051	0.3181554347198996
-6.8	0.9581141810554417	0.3089221668102051	0.31815519868083975
-6.4	0.9581141810554417	0.3089221668102051	0.3181554347198996
-6.0	0.9581141810554417	0.3089221668102051	0.3181554347198996
-5.6	0.9581141810554417	0.3089221668102051	0.3181554347198996
-5.2	0.9581141810554417	0.3089219758629751	0.3181554347198996
-4.8	0.9581141810554417	0.3089221668102051	0.3181554347198996
-4.4	0.9581141810554417	0.3089221668102051	0.3181554347198996
-4.0	0.9581141810554417	0.3089221668102051	0.3181554347198996
-3.6	0.9581141810554417	0.3089221668102051	0.3181554347198996
-3.2	0.9581141810554417	0.3089219758629751	0.3181554347198996
-2.8	0.9581141810554417	0.3089221668102051	0.31815519868083975
-2.4	0.9581141810554417	0.3089221668102051	0.3181554347198996
-2.0	0.9581141810554417	0.3089221668102051	0.3181554347198996
-1.6	0.9581141810554417	0.3089221668102051	0.3181554347198996
-1.2	0.9581141810554417	0.3089221668102051	0.3181554347198996
-0.8	0.9581141810554417	0.3089221668102051	0.3181554347198996
-0.4	0.9581141810554417	0.3089221668102051	0.3181554347198996
0.0	0.9581141810554417	0.3089221668102051	0.3181554347198996
0.4	0.9581141810554417	0.3089221668102051	0.3181554347198996
0.8	0.9581141810554417	0.3089219758629751	0.3181554347198996
1.2	0.9581141810554417	0.3089221668102051	0.3181554347198996
1.6	0.9325882731771457	0.2832571406168163	0.30810843213554673
2.0	0.843873479541181	0.19222476739432048	0.2714385839858413
2.4	0.7024322818904056	0.0714443433662948	0.2131926414103602
2.8	0.5458070038769351	0.019259611179491598	0.15826894860287588
3.2	0.39772406734057786	0.05717313836761395	0.1261834510744162
3.6	0.2711570215730236	0.11827319670794356	0.12362974448543174
4.0	0.17132258500387848	0.15065154560224636	0.144718890330648
4.4	0.0983034944876641	0.16085404703101203	0.17529184956331223
4.8	0.04916003282079817	0.1707349933250053	0.20285885136823678
5.2	0.01950614488574446	0.18349332342297098	0.22240548195705134
5.6	0.004595669507025765	0.19364255057465707	0.2346398585094347
6.0	0.0	0.2014998381285542	0.24207461681795062
6.4	0.001970428391404537	0.20988967750601484	0.246757631766231
6.8	0.007575045034696991	0.21877903483630545	0.24973243203806428
7.2	0.014688064423555941	0.22682516920035134	0.2513110612706302
7.6	0.02189372658355987	0.233515196339245	0.25150862596376067
8.0	0.028350770343242414	0.23889036085459692	0.25034896606250534
8.4	0.03364886844387128	0.2430209313269267	0.2479845627995556
8.8	0.03767634363262206	0.2460399979753185	0.24468450070318903
9.2	0.04050924737979743	0.24816848674450576	0.24076719646520184
9.6	0.04232533770082475	0.2496240774763181	0.23653596027755697
10.0	0.04334225697962158	0.2505784317302342	0.23224075750468032
10.4	0.0437768026503866	0.25116483067256645	0.2280649904961103
10.8	0.04382111652659886	0.2514869586490276	0.224127622938032
11.2	0.0436314574530143	0.25162310402378596	0.22049805031405434
11.6	0.04332561052056362	0.25163074191297286	0.21720742978008367
12.0	0.042985653963167406	0.2515522626015767	0.21426095419543678
12.4	0.042663562242194204	0.25141879048803384	0.21164870991959894
12.8	0.0423878493422843	0.2512524754509866	0.20934921739811996
13.2	0.0421700822648452	0.2510691661104989	0.20733769252971035
13.6	0.04201059248040673	0.250879937405891	0.20558651874436285
14.0	0.04190308016847743	0.2506920453318906	0.20406807947206973
14.4	0.04183805552060373	0.2505108364109292	0.20275593833812344
14.8	0.04180521399754266	0.2503391748514514	0.20162531124123584
15.2	0.04179492120687013	0.25017897012575396	0.20065330239259493
15.6	0.04179900972608181	0.2500311769699852	0.1998193763939926
16.0	0.041811083295859995	0.24989541348968647	0.19910535823781572
16.4	0.041826497980267635	0.24977244347377558	0.19849496122893173
16.8	0.04184215583202051	0.2496609302916455	0.19797402302374767
17.2	0.0418562115070811	0.24956049204883657	0.1975302695911485
17.6	0.04186776048210639	0.24947055590366007	0.19715213501719964
18.0	0.04187655121900773	0.2493901671199663	0.19683041377856503
18.4	0.04188274346064996	0.24931856190883828	0.19655708054720877
18.8	0.04188672053711745	0.24925478553412672	0.1963252901903938
19.2	0.041888954288249444	0.2491980742069133	0.19612866965350317
19.6	0.04188991592059674	0.24914823697996802	0.19596179003815806
20.0	0.04189002375820357	0.24910393722268376	0.19582063868034272
20.4	0.04188961846969933	0.24906479304060003	0.1957014389550955
20.8	0.041888957182442156	0.24903042253925856	0.19560041423746188
21.2	0.041888219337756126	0.24900025287697014	0.19551496809778035
21.6	0.04188751878474316	0.24897371121204515	0.19544297618451356
22.0	0.041886918187912965	0.24895041565002485	0.19538231414612062
22.4	0.041886443187265275	0.24892979334922005	0.19533085763106373
22.8	0.04188609483509504	0.24891165336240073	0.19528766248310347
23.2	0.04188585963542684	0.24889599568956733	0.19525107642882
23.6	0.04188571705760046	0.24888243843626068	0.19522039135103375
24.0	0.0418856447300795	0.24887021781356156	0.1951946630935053
24.4	0.04188562169394452	0.2488595247687	0.1951727114609354
24.8	0.041885630155010865	0.24885055024890468	0.1951545364533236
25.2	0.04188565615950581	0.24884233951802903	0.1951389578753706
25.6	0.041885689562664655	0.2488352744705309	0.19512621176613631
26.0	0.041885723585826894	0.24882897321195196	0.19511511793032144
26.4	0.04188575418137185	0.24882381763675054	0.19510614844604524
26.8	0.04188577935564246	0.2488190439560083	0.19509859519612904
27.2	0.04188579854266422	0.2488146521697261	0.1950917500633924
27.6	0.04188581207746908	0.24881102417236223	0.1950865572040743
28.0	0.04188582078657159	0.2488079690166871	0.1950820724619362
28.4	0.04188582569284101	0.24880548670270164	0.19507829583697767
28.8	0.04188582782040343	0.24880300438871572	0.19507522732919957
29.2	0.04188582807999494	0.2488009039691894	0.19507239486048134
29.6	0.04188582721430925	0.2487989944968927	0.19507027050894177
30.0	0.04188582578464762	0.24879746691905513	0.19506814615740264
30.4	0.041885824183297664	0.2487961302884476	0.19506649388398323
30.8	0.04188582265963342	0.24879498460506966	0.1950653136886844
31.2	0.04188582135136015	0.24879364797446168	0.19506413349338425
31.6	0.0418858203152968	0.24879269323831332	0.19506318933714528
32.0	0.041885819554456694	0.24879212039662413	0.19506248121996528
32.4	0.04188581903993779	0.2487913566077058	0.19506200914184557
32.8	0.0418858187273271	0.24879059281878657	0.19506130102466557
33.2	0.04188581856805733	0.2487902109243274	0.19506082894654586
33.6	0.04188581851653521	0.24878963808263865	0.195060592907486
34.0	0.04188581853399386	0.24878944713540863	0.1950601208293663
34.4	0.0418858185899931	0.24878887429371943	0.1950598847903069
34.8	0.04188581866237206	0.2487886833464903	0.1950596487512466
35.2	0.041885818736298756	0.24878849239926026	0.1950596487512466
35.6	0.04188581880289552	0.24878830145203068	0.1950594127121863
36.0	0.04188581885776873	0.2487879195575715	0.1950591766731269
36.4	0.04188581889964613	0.24878772861034193	0.1950591766731269
36.8	0.04188581892922926	0.24878753766311235	0.1950591766731269
37.2	0.04188581894829994	0.24878753766311235	0.1950589406340666
37.6	0.041885818959075415	0.24878734671588232	0.1950589406340666
38.0	0.04188581896378148	0.24878734671588232	0.1950589406340666
38.4	0.04188581896440085	0.24878734671588232	0.1950589406340666
38.8	0.04188581896255263	0.24878696482142315	0.19505870459500674
39.2	0.041885818959462105	0.24878696482142315	0.19505870459500674
39.6	0.041885818955986844	0.24878696482142315	0.19505870459500674
40.0	0.041885818952673064	0.24878677387419357	0.19505870459500674
40.4	0.041885818949823336	0.24878677387419357	0.19505870459500674
40.8	0.04188581894756354	0.24878677387419357	0.19505870459500674
41.2	0.04188581894590182	0.24878677387419357	0.19505870459500674
41.6	0.041885818944776304	0.24878677387419357	0.19505870459500674
42.0	0.04188581894409092	0.24878677387419357	0.19505870459500674
42.4	0.04188581894374024	0.24878677387419357	0.19505870459500674
42.8	0.04188581894362508	0.24878677387419357	0.19505870459500674
43.2	0.04188581894366099	0.24878658292696354	0.19505870459500674
43.6	0.04188581894378156	0.24878658292696354	0.19505870459500674
44.0	0.04188581894393838	0.24878658292696354	0.19505870459500674
44.4	0.041885818944099	0.24878658292696354	0.19505870459500674
44.8	0.04188581894424396	0.24878658292696354	0.19505870459500674
45.2	0.041885818944363565	0.24878658292696354	0.19505870459500674
45.6	0.041885818944454964	0.24878658292696354	0.19505870459500674
46.0	0.04188581894451962	0.24878658292696354	0.19505870459500674
46.4	0.04188581894456138	0.24878658292696354	0.19505870459500674
46.8	0.04188581894458505	0.24878658292696354	0.19505870459500674
47.2	0.04188581894459545	0.24878658292696354	0.19505870459500674
47.6	0.04188581894459692	0.24878658292696354	0.19505870459500674
48.0	0.04188581894459297	0.24878658292696354	0.19505870459500674
48.4	0.041885818944586296	0.24878658292696354	0.19505870459500674
48.8	0.041885818944578754	0.24878658292696354	0.19505870459500674
49.2	0.041885818944571544	0.24878658292696354	0.19505870459500674
49.6	0.04188581894456534	0.24878658292696354	0.19505870459500674
50.0	0.04188581894456041	0.24878658292696354	0.19505870459500674
50.4	0.04188581894455678	0.24878658292696354	0.19505870459500674
50.8	0.041885818944554315	0.24878658292696354	0.19505870459500674
51.2	0.041885818944552816	0.24878658292696354	0.19505870459500674
51.6	0.041885818944552046	0.24878658292696354	0.19505870459500674
52.0	0.04188581894455179	0.24878658292696354	0.19505870459500674
52.4	0.04188581894455186	0.24878658292696354	0.19505870459500674
52.8	0.04188581894455212	0.24878658292696354	0.19505870459500674
53.2	0.04188581894455246	0.24878658292696354	0.19505870459500674
53.6	0.04188581894455281	0.24878658292696354	0.19505870459500674
54.0	0.04188581894455312	0.24878658292696354	0.19505870459500674
54.4	0.041885818944553385	0.24878658292696354	0.19505870459500674
54.8	0.041885818944553586	0.24878658292696354	0.19505870459500674
55.2	0.041885818944553725	0.24878658292696354	0.19505870459500674
55.6	0.041885818944553815	0.24878658292696354	0.19505870459500674
56.0	0.04188581894455387	0.24878658292696354	0.19505870459500674
56.4	0.04188581894455389	0.24878658292696354	0.19505870459500674
56.8	0.04188581894455389	0.24878658292696354	0.19505870459500674
57.2	0.041885818944553885	0.24878658292696354	0.19505870459500674
57.6	0.04188581894455387	0.24878658292696354	0.19505870459500674
58.0	0.04188581894455386	0.24878658292696354	0.19505870459500674
58.4	0.04188581894455384	0.24878658292696354	0.19505870459500674
58.8	0.04188581894455383	0.24878658292696354	0.19505870459500674
59.2	0.041885818944553815	0.24878658292696354	0.19505870459500674
59.6	0.04188581894455381	0.24878658292696354	0.19505870459500674
60.0	0.0418858189445538	0.24878658292696354	0.19505870459500674
60.4	0.0418858189445538	0.24878658292696354	0.19505870459500674
60.8	0.041885818944553795	0.24878658292696354	0.19505870459500674
61.2	0.041885818944553795	0.24878658292696354	0.19505870459500674
61.6	0.041885818944553795	0.24878658292696354	0.19505870459500674
62.0	0.041885818944553795	0.24878658292696354	0.19505870459500674
62.4	0.0418858189445538	0.24878658292696354	0.19505870459500674
62.8	0.0418858189445538	0.24878658292696354	0.19505870459500674
63.2	0.0418858189445538	0.24878658292696354	0.19505870459500674
63.6	0.0418858189445538	0.24878658292696354	0.19505870459500674
64.0	0.0418858189445538	0.24878658292696354	0.19505870459500674
64.4	0.0418858189445538	0.24878658292696354	0.19505870459500674
64.8	0.0418858189445538	0.24878658292696354	0.19505870459500674
65.2	0.0418858189445538	0.24878658292696354	0.19505870459500674
65.6	0.0418858189445538	0.24878658292696354	0.19505870459500674
66.0	0.0418858189445538	0.24878658292696354	0.19505870459500674
66.4	0.0418858189445538	0.24878658292696354	0.19505870459500674
66.8	0.0418858189445538	0.24878658292696354	0.19505870459500674
67.2	0.0418858189445538	0.24878658292696354	0.19505870459500674
67.6	0.0418858189445538	0.24878658292696354	0.19505870459500674
68.0	0.0418858189445538	0.24878658292696354	0.19505870459500674
68.4	0.0418858189445538	0.24878658292696354	0.19505870459500674
68.8	0.0418858189445538	0.24878658292696354	0.19505870459500674
69.2	0.0418858189445538	0.24878658292696354	0.19505870459500674
69.6	0.0418858189445538	0.24878658292696354	0.19505870459500674
70.0	0.0418858189445538	0.24878658292696354	0.19505870459500674
70.4	0.0418858189445538	0.24878658292696354	0.19505870459500674
70.8	0.0418858189445538	0.24878658292696354	0.19505870459500674
71.2	0.0418858189445538	0.24878658292696354	0.19505870459500674
71.6	0.0418858189445538	0.24878658292696354	0.19505870459500674
72.0	0.0418858189445538	0.24878658292696354	0.19505870459500674
72.4	0.0418858189445538	0.24878658292696354	0.19505870459500674
72.8	0.0418858189445538	0.24878658292696354	0.19505870459500674
73.2	0.0418858189445538	0.24878658292696354	0.19505870459500674
73.6	0.0418858189445538	0.24878658292696354	0.19505870459500674
74.0	0.0418858189445538	0.24878658292696354	0.19505870459500674
74.4	0.0418858189445538	0.24878658292696354	0.19505870459500674
74.8	0.0418858189445538	0.24878658292696354	0.19505870459500674
75.2	0.0418858189445538	0.24878658292696354	0.19505870459500674
75.6	0.0418858189445538	0.24878658292696354	0.19505870459500674
76.0	0.0418858189445538	0.24878658292696354	0.19505870459500674
76.4	0.0418858189445538	0.24878658292696354	0.19505870459500674
76.8	0.0418858189445538	0.24878658292696354	0.19505870459500674
77.2	0.0418858189445538	0.24878658292696354	0.19505870459500674
77.6	0.0418858189445538	0.24878658292696354	0.19505870459500674
78.0	0.0418858189445538	0.24878658292696354	0.19505870459500674
78.4	0.0418858189445538	0.24878658292696354	0.19505870459500674
78.8	0.0418858189445538	0.24878658292696354	0.19505870459500674
79.2	0.0418858189445538	0.24878658292696354	0.19505870459500674
79.6	0.0418858189445538	0.24878658292696354	0.19505870459500674
80.0	0.0418858189445538	0.24878658292696354	0.19505870459500674
80.4	0.0418858189445538	0.24878658292696354	0.19505870459500674
80.8	0.0418858189445538	0.24878658292696354	0.19505870459500674
