TIEMPO	VFSCd	VFSCi	PAMn	PCC	RAP
0.40	39.17	48.40	59.00	8.17	1.06
1.00	37.67	47.08	59.93	6.91	1.12
1.60	36.64	45.41	60.57	6.46	1.17
2.20	36.00	43.64	60.98	7.01	1.22
2.80	35.09	41.92	60.79	5.89	1.30
3.40	34.64	41.16	60.52	2.61	1.41
4.00	34.74	41.50	60.27	-4.85	1.57
4.60	36.00	43.28	61.18	-6.39	1.56
5.20	37.18	44.81	62.07	-6.08	1.52
5.80	37.80	45.40	61.93	-8.49	1.55
6.40	35.99	43.39	60.69	-4.72	1.48
7.00	34.45	41.51	59.30	-0.29	1.42
7.60	33.89	40.14	58.31	0.56	1.43
8.20	33.51	40.04	57.72	-0.55	1.46
8.80	33.45	40.88	57.56	-3.49	1.49
9.40	34.40	42.56	57.66	-5.31	1.48
10.00	35.82	44.18	58.15	-5.12	1.43
10.60	37.50	45.50	59.15	-2.49	1.37
11.20	36.44	44.49	59.08	0.57	1.30
11.80	35.13	42.88	58.50	2.64	1.28
12.40	33.97	40.79	57.78	3.04	1.33
13.00	33.62	40.48	57.07	1.50	1.37
13.60	34.04	41.36	56.42	-1.25	1.40
14.20	35.51	43.61	57.44	-0.31	1.34
14.80	36.55	44.45	57.83	0.66	1.28
15.40	36.88	44.26	57.24	1.01	1.26
16.00	35.78	43.16	56.67	3.15	1.23
16.60	35.42	42.91	56.36	3.93	1.22
17.20	35.99	43.57	56.49	0.24	1.27
17.80	35.83	44.59	56.84	-0.18	1.27
18.40	35.76	44.91	57.11	0.55	1.26
19.00	35.92	44.48	57.04	0.67	1.26
19.60	35.12	43.36	57.14	3.09	1.23
20.20	34.75	42.64	57.28	4.38	1.23
20.80	34.98	42.40	57.38	2.53	1.29
21.40	35.03	42.92	57.65	3.39	1.26
22.00	34.86	42.52	57.71	4.03	1.25
22.60	34.51	41.15	56.90	1.12	1.35
23.20	34.52	41.07	56.81	0.40	1.37
23.80	34.78	41.54	56.97	0.13	1.37
24.40	35.21	42.40	56.94	-2.03	1.39
25.00	36.16	42.63	57.08	-1.92	1.37
25.60	36.73	42.89	57.33	0.02	1.33
26.20	36.37	43.60	57.49	1.34	1.27
26.80	36.37	43.68	57.56	3.31	1.22
27.40	36.45	43.65	57.82	4.66	1.21
28.00	36.16	43.81	58.99	-0.02	1.33
28.60	36.60	44.77	60.76	-2.83	1.41
29.20	37.11	45.96	62.24	-4.54	1.45
29.80	37.42	47.15	62.96	-6.57	1.46
30.40	37.83	47.65	62.71	-7.25	1.47
31.00	38.20	48.04	62.00	-7.25	1.49
31.60	38.34	48.62	61.00	-7.25	1.54
32.20	39.07	49.65	60.21	-7.25	1.55
32.80	40.15	50.83	59.72	-7.22	1.51
33.40	40.35	51.21	59.54	-7.47	1.43
34.00	39.91	50.56	59.37	-7.13	1.35
34.60	39.01	49.06	59.01	-5.71	1.29
35.20	38.20	46.77	58.58	-3.81	1.30
35.80	37.16	44.82	58.32	-2.35	1.32
36.40	35.65	43.38	58.33	-2.07	1.37
37.00	36.37	43.33	58.87	-1.18	1.37
37.60	37.33	43.75	59.68	0.10	1.35
38.20	37.54	44.23	60.66	1.36	1.32
38.80	36.64	43.47	60.74	2.97	1.31
39.40	35.60	42.33	60.28	3.41	1.33
40.00	34.76	41.07	59.43	0.87	1.41
40.60	34.56	40.07	58.85	-2.08	1.51
41.20	34.79	39.61	58.64	-5.02	1.60
41.80	35.28	40.09	58.20	-3.83	1.55
42.40	36.07	41.14	58.13	-3.07	1.49
43.00	36.97	42.47	58.89	-6.12	1.52
43.60	37.13	43.89	58.98	-3.43	1.43
44.20	36.84	44.10	58.93	-0.88	1.35
44.80	36.34	43.19	59.07	-2.98	1.43
45.40	36.06	41.84	58.82	0.25	1.38
46.00	36.42	41.72	58.83	2.99	1.34
46.60	37.22	42.73	59.80	0.39	1.39
47.20	36.32	42.25	59.99	0.94	1.39
47.80	35.52	41.35	59.55	2.20	1.38
48.40	35.16	40.31	58.59	3.06	1.35
49.00	34.82	40.10	57.53	2.41	1.36
49.60	35.28	41.11	56.83	1.18	1.36
50.20	37.09	43.73	57.22	-0.40	1.32
50.80	37.85	44.68	57.69	-0.02	1.28
51.40	37.43	44.28	57.98	1.79	1.25
52.00	35.63	42.82	57.28	3.68	1.24
52.60	35.45	41.97	56.78	2.96	1.28
53.20	36.14	41.95	56.67	-0.40	1.36
53.80	36.98	42.96	56.96	-0.68	1.34
54.40	37.21	43.98	57.53	-1.59	1.35
55.00	37.10	44.34	58.22	-3.35	1.37
55.60	36.93	43.44	58.05	1.78	1.28
56.20	36.55	42.66	57.79	4.99	1.22
56.80	36.07	42.18	57.62	4.57	1.24
57.40	35.30	41.82	57.08	6.73	1.20
58.00	35.44	42.36	56.82	5.39	1.22
58.60	36.34	43.58	57.26	-5.57	1.44
59.20	36.78	43.59	57.50	-1.60	1.35
59.80	36.74	43.34	57.48	3.15	1.25
60.40	36.25	43.05	57.20	0.29	1.32
61.00	35.35	42.73	56.74	1.33	1.29
61.60	35.31	42.95	56.79	2.19	1.27
62.20	36.90	44.11	57.99	-2.60	1.37
62.80	38.13	44.82	59.04	0.21	1.31
63.40	37.95	44.38	59.45	5.03	1.21
64.00	36.17	42.67	59.03	7.95	1.18
64.60	35.41	41.89	58.47	5.61	1.26
65.20	35.24	41.62	58.02	1.37	1.36
65.80	35.31	41.28	57.47	-2.66	1.45
66.40	36.41	42.99	57.72	-4.18	1.45
67.00	37.74	44.95	58.75	-3.15	1.37
67.60	38.73	45.48	59.58	-0.96	1.32
68.20	38.24	45.27	59.67	0.92	1.29
68.80	37.19	44.55	59.11	2.29	1.26
69.40	36.24	43.05	58.18	-1.67	1.38
70.00	35.84	42.46	57.38	-4.15	1.45
70.60	36.02	42.89	56.72	-3.23	1.40
71.20	36.63	43.93	56.74	-2.39	1.35
71.80	37.47	44.93	56.94	-0.96	1.29
72.40	38.66	45.57	57.09	2.77	1.19
73.00	38.59	46.34	56.76	1.17	1.19
73.60	38.91	47.34	57.24	-1.13	1.22
74.20	40.33	48.64	59.62	-0.04	1.21
74.80	40.04	47.18	60.82	3.21	1.19
75.40	38.89	45.88	61.01	4.24	1.22
76.00	37.49	45.29	60.34	0.38	1.31
76.60	37.39	45.90	59.85	-2.00	1.35
77.20	37.73	46.88	59.49	-3.26	1.34
77.80	38.03	47.74	58.73	-2.96	1.26
78.40	39.52	49.36	58.68	-2.61	1.25
79.00	41.68	51.45	59.72	-2.23	1.33
79.60	42.42	53.83	60.46	-4.91	1.28
80.20	42.41	54.21	60.67	-5.80	1.21
80.80	41.92	52.83	60.18	-2.22	1.16
81.40	40.79	50.95	59.55	0.86	1.13
82.00	40.22	49.29	59.24	2.39	1.14
82.60	40.37	47.96	59.45	1.73	1.19
83.20	38.88	46.97	59.98	2.12	1.22
83.80	37.41	46.06	60.35	1.66	1.26
84.40	36.33	45.25	60.19	-2.97	1.38
85.00	36.51	45.36	59.90	-3.17	1.39
85.60	36.82	45.80	59.79	-1.10	1.34
86.20	36.73	46.33	60.04	2.16	1.26
86.80	37.24	46.18	60.78	1.74	1.28
87.40	37.49	45.58	61.32	1.29	1.30
88.00	37.23	44.65	61.07	4.40	1.25
88.60	36.52	43.23	60.73	5.91	1.25
89.20	35.99	42.22	60.42	5.61	1.28
89.80	35.84	42.11	60.23	2.23	1.38
90.40	36.56	42.64	60.44	0.68	1.40
91.00	37.02	43.06	60.81	0.20	1.40
91.60	36.52	42.88	60.94	-2.92	1.48
92.20	35.32	42.36	60.57	-2.03	1.46
92.80	34.51	42.16	59.93	1.62	1.39
93.40	34.72	42.99	59.36	2.11	1.34
94.00	35.94	42.88	59.30	1.68	1.33
94.60	37.09	42.84	59.74	1.01	1.37
95.20	37.24	44.09	61.09	-2.63	1.45
95.80	36.87	44.17	61.88	-1.76	1.43
96.40	36.16	43.50	62.05	2.61	1.35
97.00	34.89	42.40	61.91	2.49	1.38
97.60	35.01	42.29	61.74	1.78	1.40
98.20	35.76	43.05	61.49	1.42	1.39
98.80	36.35	45.05	62.55	-1.70	1.43
99.40	36.57	45.31	62.65	-2.18	1.42
100.00	36.33	44.34	61.69	0.15	1.36
100.60	35.41	42.30	60.64	0.36	1.41
101.20	34.69	41.53	59.78	0.74	1.42
101.80	34.33	42.18	59.14	3.89	1.30
102.40	35.32	42.36	58.81	0.62	1.37
103.00	36.58	42.79	58.87	-2.40	1.43
103.60	37.70	43.90	59.63	1.40	1.31
104.20	36.96	44.04	59.66	2.50	1.28
104.80	36.23	44.00	59.43	2.03	1.30
105.40	36.56	44.31	59.52	1.47	1.30
106.00	36.68	43.97	59.35	2.31	1.28
106.60	36.77	43.75	59.14	3.52	1.27
107.20	37.04	44.43	59.71	2.31	1.29
107.80	37.13	44.40	59.85	0.18	1.34
108.40	36.82	44.00	59.73	-0.60	1.36
109.00	35.97	43.38	59.69	5.40	1.25
109.60	35.18	42.73	59.54	6.26	1.24
110.20	34.87	42.20	59.28	0.85	1.38
110.80	35.66	41.44	59.37	0.08	1.42
111.40	36.51	42.05	59.53	0.08	1.42
112.00	37.28	43.78	59.47	-1.09	1.38
112.60	38.26	45.76	60.66	-0.72	1.35
113.20	38.91	46.42	61.72	0.45	1.32
113.80	39.11	46.00	62.00	2.12	1.30
114.40	38.33	45.78	61.35	1.68	1.32
115.00	37.59	45.51	60.72	0.98	1.29
115.60	37.07	45.16	60.51	0.98	1.16
116.20	38.14	45.05	60.99	0.72	1.23
116.80	38.60	44.78	61.63	1.11	1.34
117.40	37.60	44.19	62.05	2.70	1.33
118.00	36.47	43.10	62.30	5.13	1.31
118.60	35.70	42.53	62.52	5.74	1.32
119.20	35.49	43.09	62.79	1.87	1.41
119.80	35.96	43.53	63.19	-0.57	1.45
120.40	36.59	43.70	63.60	-1.54	1.46
121.00	37.10	43.48	63.53	-3.61	1.53
121.60	37.26	43.78	63.66	-4.39	1.53
122.20	37.22	44.23	63.93	-4.11	1.49
122.80	37.10	44.51	63.48	-3.39	1.60
123.40	36.90	44.57	62.88	-4.06	1.65
124.00	36.68	44.48	62.28	-8.26	1.61
124.60	37.05	44.73	61.53	-7.27	1.52
125.20	37.85	45.39	61.08	-5.01	1.45
125.80	39.23	46.56	61.62	-6.65	1.46
126.40	39.52	47.56	62.32	-6.59	1.44
127.00	39.58	48.26	63.02	-4.19	1.39
127.60	40.60	48.25	63.46	-2.79	1.36
128.20	41.33	48.84	64.13	-2.61	1.36
128.80	41.66	49.80	65.33	-3.84	1.38
129.40	41.91	49.38	65.68	-4.49	1.42
130.00	41.72	49.20	65.62	-4.69	1.43
130.60	41.19	49.39	65.25	-4.69	1.40
131.20	41.92	50.26	65.25	-2.59	1.34
131.80	41.69	50.23	65.15	-0.93	1.30
132.40	40.38	49.14	64.65	-3.13	1.36
133.00	39.97	47.58	63.88	0.76	1.30
133.60	39.48	46.07	63.05	4.85	1.25
134.20	38.01	44.60	62.23	1.93	1.30
134.80	39.45	45.50	61.62	0.35	1.44
135.40	41.78	47.72	61.24	1.32	1.65
136.00	42.81	50.59	62.42	-5.45	1.49
136.60	44.01	51.89	63.50	-8.01	1.38
137.20	44.65	52.14	64.03	-6.04	1.34
137.80	44.23	52.03	63.47	-4.35	1.31
138.40	43.11	50.18	62.73	-2.21	1.28
139.00	42.23	48.50	62.11	-0.28	1.27
139.60	42.20	48.33	62.58	-1.38	1.31
140.20	42.44	48.57	62.86	-3.22	1.35
140.80	42.20	48.19	62.76	-4.92	1.39
141.40	41.04	46.53	62.15	-5.79	1.44
142.00	39.90	45.71	61.62	-3.96	1.42
142.60	39.13	45.46	61.23	0.03	1.34
143.20	39.13	45.47	60.55	0.68	1.31
143.80	39.10	45.51	60.04	0.64	1.30
144.40	39.03	45.65	59.93	1.15	1.28
145.00	38.54	45.77	59.63	0.42	1.29
145.60	39.21	46.69	59.69	-0.00	1.29
146.20	40.80	48.21	60.49	1.04	1.23
146.80	40.99	49.26	61.66	1.24	1.22
147.40	41.65	49.40	62.41	1.22	1.23
148.00	42.18	49.18	62.43	1.26	1.25
148.60	41.20	49.13	62.35	0.68	1.25
149.20	40.79	49.32	62.06	0.79	1.23
149.80	41.18	49.75	61.32	3.93	1.13
150.40	41.34	50.05	60.89	2.94	1.14
151.00	41.73	50.68	60.65	-0.07	1.19
151.60	42.89	51.95	60.39	-4.60	1.25
152.20	42.88	53.28	60.80	-5.69	1.24
152.80	43.00	53.74	61.60	-3.88	1.21
153.40	44.43	52.49	62.34	0.34	1.18
154.00	43.80	52.63	63.78	3.38	1.15
154.60	43.14	52.59	64.74	4.37	1.15
155.20	43.21	51.76	64.40	2.87	1.16
155.80	42.85	50.98	64.23	3.15	1.18
156.40	42.51	50.57	64.24	2.18	1.23
157.00	42.34	50.65	64.27	-2.71	1.33
157.60	43.68	51.60	64.64	-4.70	1.34
158.20	44.02	51.77	64.80	-3.01	1.30
158.80	42.28	50.41	64.20	2.80	1.20
159.40	42.84	50.47	65.45	3.12	1.22
160.00	41.96	49.74	66.64	2.79	1.26
160.60	40.60	48.40	66.77	4.28	1.27
161.20	40.17	46.90	66.32	5.70	1.28
161.80	39.45	45.55	65.60	4.61	1.33
162.40	38.88	44.82	64.68	1.00	1.41
163.00	39.39	45.68	63.79	-2.86	1.46
163.60	39.97	46.62	62.76	-4.37	1.43
164.20	40.40	47.34	61.38	-1.04	1.31
164.80	41.06	48.12	60.40	0.04	1.25
165.40	41.72	49.05	59.90	-1.47	1.25
166.00	42.02	50.34	60.00	-4.80	1.29
166.60	42.83	51.32	60.03	-4.96	1.27
167.20	43.88	51.82	59.75	0.06	1.15
167.80	43.81	51.14	59.89	0.05	1.17
168.40	44.02	50.63	60.15	-0.57	1.20
169.00	44.65	50.43	60.36	0.64	1.17
169.60	44.83	51.38	60.74	1.94	1.13
170.20	45.14	51.87	60.94	2.58	1.11
170.80	45.65	51.61	60.61	2.31	1.13
171.40	45.37	52.09	60.94	0.15	1.16
172.00	45.07	52.63	61.44	-0.88	1.17
172.60	45.07	52.87	61.35	2.09	1.12
173.20	47.81	55.46	63.46	2.48	1.10
173.80	49.79	59.11	66.61	0.56	1.12
174.40	49.90	61.35	69.62	-2.14	1.16
175.00	47.84	57.61	69.21	4.71	1.10
175.60	45.43	54.44	68.64	6.60	1.13
176.20	43.66	52.33	68.25	4.89	1.20
176.80	43.48	51.89	68.59	1.01	1.29
177.40	43.36	51.57	68.49	-2.29	1.35
178.00	43.09	51.17	67.53	-4.29	1.39
178.60	42.73	50.84	66.49	-5.66	1.40
179.20	42.30	50.60	65.35	-6.39	1.41