TIEMPO	VFSCd	VFSCi	PAMn	PCC	RAP
0.40	51.12	48.01	70.57	22.10	0.99
1.00	52.55	47.81	69.13	18.33	1.05
1.60	53.52	48.17	68.47	16.34	1.07
2.20	53.91	49.24	68.47	16.25	1.06
2.80	54.84	50.35	69.93	17.35	1.03
3.40	54.57	49.65	71.34	19.38	1.02
4.00	52.60	47.03	71.80	22.22	1.03
4.60	48.11	44.15	71.59	25.78	1.01
5.20	45.23	42.37	71.17	26.74	1.03
5.80	46.27	42.26	70.76	20.43	1.18
6.40	48.79	44.03	70.55	18.51	1.19
7.00	50.83	45.66	70.40	20.29	1.08
7.60	50.82	45.59	69.80	20.03	1.07
8.20	50.30	46.00	69.92	21.61	1.04
8.80	49.45	45.91	70.12	23.53	0.99
9.40	48.10	44.49	69.52	23.16	1.02
10.00	47.72	43.42	68.71	22.76	1.03
10.60	48.25	42.95	67.65	23.30	1.02
11.20	50.13	44.70	67.67	19.75	1.06
11.80	51.05	45.71	67.69	18.85	1.05
12.40	51.24	46.12	67.09	23.89	0.93
13.00	52.37	47.89	68.37	23.51	0.93
13.60	50.92	46.54	68.95	24.01	0.95
14.20	48.46	44.11	68.63	25.77	0.95
14.80	46.40	42.37	67.94	26.89	0.95
15.40	45.14	41.52	67.31	26.19	0.97
16.00	45.50	41.90	67.03	24.73	1.00
16.60	48.68	43.90	67.53	27.51	0.90
17.20	50.71	46.67	69.68	26.94	0.91
17.80	51.13	47.03	71.53	25.13	0.97
18.40	49.63	45.74	72.19	24.69	1.01
19.00	46.61	43.81	71.81	29.71	0.93
19.60	44.77	42.18	71.13	30.44	0.93
20.20	43.55	40.15	70.34	28.82	1.00
20.80	45.40	41.63	70.49	24.64	1.10
21.40	47.05	43.10	71.39	20.08	1.16
22.00	46.57	42.32	69.91	24.03	1.06
22.60	47.52	42.75	70.53	27.78	0.98
23.20	46.51	41.64	70.67	29.54	0.96
23.80	44.89	40.00	69.91	28.82	1.01
24.40	43.91	38.34	68.11	24.18	1.14
25.00	43.56	38.56	66.37	21.08	1.17
25.60	45.14	39.98	65.33	20.31	1.12
26.20	48.16	42.19	65.33	21.63	1.03
26.80	51.13	45.69	67.43	21.97	0.98
27.40	50.84	45.78	67.60	21.41	0.98
28.00	51.68	45.55	67.63	21.60	0.99
28.60	49.72	44.45	68.31	22.54	1.01
29.20	48.04	43.90	69.50	23.74	1.04
29.80	48.47	44.18	71.84	25.24	1.02
30.40	45.05	41.83	71.56	25.81	1.06
31.00	43.70	40.47	70.59	24.00	1.13
31.60	43.84	40.66	69.95	21.85	1.17
32.20	45.32	41.98	69.98	20.05	1.16
32.80	47.51	43.44	70.38	17.68	1.19
33.40	46.86	42.29	70.18	22.58	1.10
34.00	46.44	43.04	70.56	24.14	1.06
34.60	45.78	42.77	70.74	24.69	1.05
35.20	44.89	41.62	70.20	26.10	1.04
35.80	44.09	41.26	68.85	27.18	1.00
36.40	43.67	39.04	67.29	24.52	1.03
37.00	46.46	41.71	67.82	22.68	1.17
37.60	48.53	43.59	69.05	22.47	1.24
38.20	48.06	42.75	68.20	21.87	1.08
38.80	45.98	41.62	68.32	22.53	1.08
39.40	43.42	39.82	68.24	25.37	1.04
40.00	42.15	39.21	68.15	26.26	1.04
40.60	41.52	38.37	67.72	25.30	1.08
41.20	41.13	36.91	66.48	25.15	1.09
41.80	41.82	37.82	65.37	20.51	1.15
42.40	44.87	40.61	66.42	19.78	1.29
43.00	48.20	44.71	67.94	16.54	1.21
43.60	47.82	45.42	69.09	20.84	1.04
44.20	46.61	45.18	70.43	25.96	0.97
44.80	44.52	43.30	71.62	26.62	0.99
45.40	41.28	39.30	71.16	26.05	0.98
46.00	39.47	36.20	69.47	29.90	1.02
46.60	41.26	35.76	68.29	25.32	1.17
47.20	44.65	38.68	68.13	19.22	1.27
47.80	46.82	41.31	68.51	17.46	1.22
48.40	46.66	41.30	67.51	20.36	1.12
49.00	45.58	39.96	66.75	21.67	1.11
49.60	44.25	38.96	66.05	23.16	1.09
50.20	42.84	38.10	65.28	25.43	1.03
50.80	40.92	36.64	63.53	24.73	1.04
51.40	40.99	36.61	62.24	24.38	1.03
52.00	42.86	38.34	61.68	24.89	0.98
52.60	46.31	41.99	62.57	17.68	1.06
53.20	48.25	44.38	63.46	19.37	0.98
53.80	48.52	45.25	64.17	24.24	0.87
54.40	47.45	44.78	64.63	25.79	0.85
55.00	45.57	43.51	65.52	27.75	0.85
55.60	43.59	41.43	65.98	29.01	0.87
56.20	42.17	39.22	65.42	29.09	0.91
56.80	43.32	39.18	66.19	27.39	0.97
57.40	46.48	41.03	67.03	25.51	1.00
58.00	49.51	43.03	67.43	24.21	0.99
58.60	48.85	42.28	67.56	26.21	0.96
59.20	48.05	40.78	67.84	27.41	0.97
59.80	46.82	39.30	68.20	27.54	1.02
60.40	44.65	38.21	68.37	27.05	1.07
61.00	43.09	37.36	68.30	28.18	1.06
61.60	42.44	37.33	68.21	28.69	1.05
62.20	42.77	38.45	68.65	17.60	1.33
62.80	44.69	41.09	69.44	19.87	1.23
63.40	47.26	44.34	71.20	25.54	1.04
64.00	49.27	46.70	74.48	26.25	1.03
64.60	48.82	45.38	75.20	26.34	0.99
65.20	46.59	43.09	75.26	26.38	0.98
65.80	44.48	40.91	75.06	26.36	1.03
66.40	43.54	39.28	74.63	26.40	1.18
67.00	44.17	39.41	74.45	24.84	1.25
67.60	45.39	40.56	74.56	23.68	1.24
68.20	46.68	42.30	75.04	24.70	1.17
68.80	46.13	41.93	74.04	25.58	1.14
69.40	45.78	41.42	73.23	26.32	1.12
70.00	46.49	41.67	73.51	28.22	1.07
70.60	48.73	43.36	75.41	20.30	1.26
71.20	49.51	44.93	77.20	17.29	1.32
71.80	48.69	45.17	78.09	20.33	1.25
72.40	47.29	44.50	77.97	27.21	1.11
73.00	45.77	43.44	78.17	25.00	1.21
73.60	45.39	42.45	77.86	23.09	1.28
74.20	45.57	41.76	76.95	22.83	1.29
74.80	45.04	41.51	75.62	20.74	1.32
75.40	45.36	41.67	74.30	18.52	1.33
76.00	46.63	42.18	73.07	17.06	1.31
76.60	48.08	42.98	72.60	16.07	1.30
77.20	48.93	43.59	72.87	17.25	1.26
77.80	49.09	43.92	73.74	20.95	1.19
78.40	48.90	44.27	75.13	24.14	1.15
79.00	47.09	42.79	75.73	25.17	1.16
79.60	45.04	41.00	75.52	24.29	1.22
80.20	43.36	40.02	74.36	25.86	1.20
80.80	44.55	40.26	73.86	23.46	1.24
81.40	46.84	41.67	74.03	17.87	1.34
82.00	48.69	44.03	73.46	15.28	1.33
82.60	49.07	44.62	73.49	19.13	1.20
83.20	48.88	44.34	73.90	23.50	1.11
83.80	48.42	43.63	74.56	24.59	1.14
84.40	45.77	41.20	74.00	26.19	1.14
85.00	43.87	39.14	73.10	26.35	1.17
85.60	43.26	37.86	72.25	24.54	1.26
86.20	43.75	38.99	72.04	19.03	1.35
86.80	44.78	40.49	72.00	15.76	1.37
87.40	45.95	41.43	71.64	20.22	1.24
88.00	46.55	42.37	71.99	23.13	1.14
88.60	45.72	41.70	72.05	24.27	1.12
89.20	44.19	40.12	71.46	23.82	1.17
89.80	43.77	39.60	70.83	26.21	1.12
90.40	43.83	39.36	70.26	26.67	1.10
91.00	44.34	39.48	69.78	22.97	1.18
91.60	44.69	40.23	69.16	20.72	1.19
92.20	48.37	43.27	69.71	19.51	1.17
92.80	51.17	45.45	71.35	19.52	1.13
93.40	49.82	44.31	71.12	23.79	1.05
94.00	49.87	44.32	71.20	26.35	0.99
94.60	49.59	43.14	71.61	26.08	1.02
95.20	48.26	40.93	72.09	23.90	1.15
95.80	46.61	40.00	72.39	27.08	1.13
96.40	47.95	41.87	74.77	19.93	1.30
97.00	46.96	41.31	75.56	25.41	1.18
97.60	44.63	38.95	74.47	28.51	1.16
98.20	42.97	37.38	73.12	28.16	1.20
98.80	42.57	37.34	72.61	27.53	1.18
99.40	42.47	37.53	71.23	25.81	1.20
100.00	43.06	38.09	69.70	23.91	1.20
100.60	44.59	39.04	68.43	22.89	1.16
101.20	46.77	40.97	67.66	20.12	1.15
101.80	48.23	42.57	67.23	18.31	1.13
102.40	48.76	43.55	66.63	19.87	1.08
103.00	50.12	45.59	68.62	20.81	1.04
103.60	49.45	45.52	69.39	23.20	0.99
104.20	47.63	43.97	68.91	25.95	0.95
104.80	44.58	40.93	68.57	25.61	1.03
105.40	44.71	40.07	68.42	24.71	1.07
106.00	45.39	40.22	68.40	23.99	1.09
106.60	45.63	40.70	68.32	23.47	1.10
107.20	46.35	41.23	69.36	24.47	1.07
107.80	46.57	41.62	69.92	24.61	1.07
108.40	45.95	41.52	69.71	23.72	1.09
109.00	43.02	40.05	68.57	25.93	1.04
109.60	42.60	39.24	67.66	26.07	1.04
110.20	44.50	39.32	67.49	21.26	1.17
110.80	46.38	39.85	67.51	20.87	1.16
111.40	47.10	41.57	68.24	21.62	1.12
112.00	46.98	42.44	69.40	22.44	1.09
112.60	46.16	40.82	68.92	25.49	1.04
113.20	46.28	40.10	68.84	25.69	1.06
113.80	46.19	39.62	69.11	23.53	1.13
114.40	44.77	38.42	67.03	24.39	1.09
115.00	44.39	38.85	66.31	24.75	1.06
115.60	44.78	40.02	67.03	24.08	1.06
116.20	45.48	41.23	67.36	23.59	1.05
116.80	46.75	41.76	67.76	20.99	1.10
117.40	48.14	42.06	68.26	17.01	1.21
118.00	49.39	42.58	68.73	20.33	1.13
118.60	47.64	41.46	68.84	23.87	1.07
119.20	45.26	40.18	68.96	26.25	1.05
119.80	43.55	39.61	69.56	27.19	1.06
120.40	42.94	39.37	69.67	27.47	1.05
121.00	42.62	39.17	69.29	26.90	1.05
121.60	41.86	38.75	68.04	22.47	1.18
122.20	42.86	38.87	67.40	20.89	1.20
122.80	46.13	41.20	68.04	20.36	1.15
123.40	51.03	45.70	70.37	16.28	1.17
124.00	52.40	46.09	71.34	20.70	1.09
124.60	50.37	44.87	72.45	25.62	1.02
125.20	47.75	43.07	73.76	28.39	1.03
125.80	45.44	40.84	75.04	28.37	1.14
126.40	43.21	38.11	76.73	28.42	1.16
127.00	40.38	34.91	75.75	28.26	1.29
127.60	39.60	34.28	74.59	27.10	1.39
128.20	40.49	35.63	74.64	24.62	1.39
128.80	41.04	36.57	73.74	24.19	1.33
129.40	41.58	37.19	72.36	23.90	1.28
130.00	42.30	37.69	70.78	22.54	1.27
130.60	42.10	36.54	68.49	23.31	1.21
131.20	42.07	35.97	66.30	24.77	1.15
131.80	42.69	37.29	66.31	20.31	1.21
132.40	45.59	39.97	67.40	19.45	1.20
133.00	47.56	42.08	68.86	21.09	1.14
133.60	46.47	42.64	69.67	19.36	1.16
134.20	45.88	40.46	68.92	20.96	1.14
134.80	43.41	38.50	68.58	22.83	1.16
135.40	41.65	36.89	68.41	22.16	1.24
136.00	41.73	35.98	67.58	17.35	1.37
136.60	42.97	37.24	67.65	20.62	1.25
137.20	42.76	37.98	67.24	20.11	1.23
137.80	42.67	38.51	66.38	16.33	1.29
138.40	44.07	39.32	65.80	15.73	1.27
139.00	44.08	39.71	64.89	16.27	1.21
139.60	44.38	40.44	64.22	17.32	1.15
140.20	47.05	42.47	65.80	18.30	1.11
140.80	47.88	43.56	66.45	19.14	1.08
141.40	48.24	44.02	66.53	20.42	1.03
142.00	48.81	43.97	66.58	23.09	0.97
142.60	50.20	44.96	67.39	21.72	0.99
143.20	52.12	46.53	68.96	19.80	1.07
143.80	53.82	48.02	71.22	19.72	1.22
144.40	54.04	48.52	72.09	22.00	1.06
145.00	54.33	48.40	74.67	22.82	1.06
145.60	53.45	47.67	77.14	23.21	1.12
146.20	51.12	46.36	77.56	24.42	1.13
146.80	50.22	44.37	79.05	24.98	1.20
147.40	49.35	42.72	79.86	24.91	1.27
148.00	47.62	41.96	78.61	24.52	1.26
148.60	46.45	40.99	76.86	21.89	1.32
149.20	47.10	42.00	75.49	19.18	1.34
149.80	48.70	44.31	75.06	17.21	1.28
150.40	47.12	43.44	73.65	20.80	1.19
151.00	45.90	42.41	72.81	23.47	1.14
151.60	45.35	41.64	72.86	23.95	1.17
152.20	43.59	39.65	71.72	24.69	1.13
152.80	43.55	39.30	70.81	25.17	1.14
153.40	45.30	40.74	71.11	25.79	1.32
154.00	45.88	41.65	70.87	21.44	1.27
154.60	47.34	44.10	71.76	20.08	1.16
155.20	48.35	45.52	73.20	22.45	1.09
155.80	47.91	44.15	72.80	24.48	1.07
156.40	46.81	42.99	73.16	26.08	1.07
157.00	44.95	41.13	72.81	26.25	1.11
157.60	42.28	38.19	70.48	24.31	1.20
158.20	42.38	38.45	70.59	23.23	1.24
158.80	42.63	38.90	70.96	22.88	1.23
159.40	41.96	38.28	69.99	22.84	1.20
160.00	41.69	37.98	68.66	23.78	1.16
160.60	42.55	38.57	67.98	23.08	1.16
161.20	44.95	40.29	68.56	18.70	1.23
161.80	44.25	41.33	69.25	19.13	1.20
162.40	44.06	41.57	70.28	21.96	1.14
163.00	43.59	41.07	71.48	25.15	1.10
163.60	41.66	39.95	71.05	25.97	1.12
164.20	40.55	38.18	70.56	26.39	1.14
164.80	40.71	37.55	70.33	26.29	1.15
165.40	42.34	39.31	70.47	24.99	1.15
166.00	43.91	40.67	70.79	22.66	1.17
166.60	44.32	41.45	71.14	22.20	1.17
167.20	43.65	41.43	71.47	24.56	1.13
167.80	42.41	40.13	70.40	25.60	1.10
168.40	40.84	38.34	69.44	24.73	1.15
169.00	40.35	37.37	68.91	22.43	1.24
169.60	42.28	38.21	68.86	21.64	1.24
170.20	44.38	39.65	69.72	22.30	1.19
170.80	45.66	40.61	70.82	23.60	1.14
171.40	45.68	40.54	70.94	24.24	1.14
172.00	44.52	40.15	70.56	24.04	1.15
172.60	43.37	39.65	70.02	23.10	1.16
173.20	42.70	39.20	69.32	20.66	1.22
173.80	41.63	38.86	68.96	20.80	1.22
174.40	42.05	39.77	69.51	22.61	1.17
175.00	42.91	40.73	70.76	24.84	1.11
175.60	43.20	40.76	70.91	23.47	1.15
176.20	43.80	40.86	70.71	21.72	1.19
176.80	44.36	41.15	70.59	20.84	1.21
177.40	44.54	41.58	70.74	21.25	1.17
178.00	45.83	42.49	72.26	25.04	1.09
178.60	45.88	42.32	73.34	27.32	1.07
179.20	44.29	40.79	73.09	25.74	1.14