Time	ABP	LCBFV	RCBFV
-78.0	0.06741172682284972	0.09686136562399339	0.11563868359673402
-77.6	0.15612652045881448	0.10687555581292374	0.13865716566855557
-77.2	0.2975677181095899	0.13517172970757052	0.1878578794605703
-76.8	0.4541929961230602	0.22417483957742546	0.314742171314089
-76.4	0.6022759326594176	0.4454287331976947	0.5868726161441886
-76.0	0.728842978426972	0.7159059608347498	0.8445000453122833
-75.6	0.8286774149961178	0.8360538961246311	0.9056020498084512
-75.2	0.9016965055123313	0.839693317004083	0.8555625320750813
-74.8	0.9508399671791976	0.7862922743918594	0.7623862625832918
-74.4	0.9804938551142541	0.7102486471117624	0.7133066804163484
-74.0	0.9954043304929681	0.6462202446181098	0.7143573561606957
-73.6	1.0	0.6081653025643683	0.7465353862401609
-73.2	0.9980295716085953	0.5866718229915797	0.7659715850199942
-72.8	0.9924249549652986	0.5708631007980927	0.7539938815344347
-72.4	0.9853119355764359	0.5580857264705887	0.7306302394556892
-72.0	0.9781062734164401	0.5491779076833403	0.7218006557313945
-71.6	0.9716492296567552	0.5441184736157618	0.7292522044091774
-71.2	0.9663511315561246	0.5418022290228715	0.7370558597103751
-70.8	0.9623236563673749	0.5412059175763946	0.7359205220775373
-70.4	0.9594907526201965	0.5417692966352949	0.7298843465099085
-70.0	0.9576746622991714	0.5431732356818659	0.7266732730366883
-69.6	0.9566577430203744	0.5451405537873373	0.728162453947065
-69.2	0.9562231973496089	0.547432883194011	0.7307578835337214
-68.8	0.9561788834733969	0.5498812493894412	0.7313457409543189
-68.4	0.9563685425469809	0.5523837187930329	0.7302004175602743
-68.0	0.9566743894794315	0.5548775630474974	0.7292582826986074
-67.6	0.9570143460368283	0.5573231848772964	0.729449314652125
-67.2	0.9573364377578013	0.5596966690962129	0.7301600403519162
-66.8	0.9576121506577112	0.5619862541372553	0.7304939121070424
-66.4	0.9578299177351507	0.564189587687026	0.7302963677005638
-66.0	0.957989407519589	0.5663054935888252	0.7300020048267339
-65.6	0.958096919831518	0.5683355400515855	0.7299533785112935
-65.2	0.9581619444793907	0.5702820793887047	0.7300944816587771
-64.8	0.9581947860024498	0.5721466798091153	0.7301952075979052
-64.4	0.9582050787931264	0.5739309095217497	0.7301583036977939
-64.0	0.9582009902739096	0.5756355526310744	0.7300662610292816
-63.6	0.958188916704134	0.5772621773460203	0.730022410512678
-63.2	0.9581735020197326	0.5788111757188217	0.7300402112174376
-62.8	0.9581578441679759	0.5802833318539444	0.7300662610292816
-62.4	0.958143788492917	0.5816802139603201	0.7300619193939739
-62.0	0.9581322395178903	0.5830033902468816	0.7300376062362535
-61.6	0.9581234487809865	0.5842540368703277	0.7300206738585562
-61.2	0.9581172565393483	0.5854337220395913	0.7300206738585562
-60.8	0.9581132794628786	0.586545582172536	0.7300276204750475
-60.4	0.9581110457117459	0.5875915775303273	0.730028488802108
-60.0	0.9581100840793987	0.5885740604263638	0.7300232788397394
-59.6	0.9581099762417915	0.5894961672785097	0.7300180688773699
-59.2	0.9581103815302958	0.5903602504001637	0.7300167663867785
-58.8	0.9581110428175537	0.5911694462091894	0.7300180688773699
-58.4	0.9581117806622393	0.5919264990712194	0.7300189372044321
-58.0	0.9581124812152524	0.5926337612996511	0.7300176347138407
-57.6	0.9581130818120823	0.5932943693123489	0.7300158980597171
-57.2	0.9581135568127304	0.5939106754227121	0.7300154638961867
-56.8	0.9581139051649005	0.594485423996371	0.7300154638961867
-56.4	0.9581141403645693	0.5950213593989577	0.7300154638961867
-56.0	0.9581142829423992	0.5955196577871709	0.7300150297326558
-55.6	0.9581143552699152	0.5959838476311083	0.7300141614055935
-55.2	0.9581143783060494	0.5964154971397022	0.7300137272420644
-54.8	0.9581143698449829	0.5968165665741174	0.7300137272420644
-54.4	0.9581143438404887	0.5971894082477531	0.730013293078533
-54.0	0.9581143104373315	0.597535590369541	0.730013293078533
-53.6	0.9581142764141715	0.597856681148413	0.730013293078533
-53.2	0.9581142458186219	0.5981546408455354	0.7300128589150021
-52.8	0.9581142206443499	0.5984306456176061	0.7300128589150021
-52.4	0.9581142014573277	0.5986866557257913	0.7300128589150021
-52.0	0.9581141879225274	0.5989234552745564	0.7300128589150021
-51.6	0.958114179213424	0.5991426124728343	0.7300124247514717
-51.2	0.958114174307155	0.5993456955295571	0.7300124247514717
-50.8	0.958114172179592	0.5995334885491905	0.7300128589150021
-50.4	0.9581141719200008	0.5997071676884338	0.7300124247514717
-50.0	0.9581141727856862	0.5998679091039865	0.7300119905879408
-49.6	0.958114174215348	0.6000157127958485	0.7300119905879408
-49.2	0.958114175816698	0.6001529310774179	0.7300119905879408
-48.8	0.9581141773403621	0.6002791718964615	0.7300119905879408
-48.4	0.9581141786486354	0.600396003461912	0.7300119905879408
-48.0	0.9581141796846981	0.6005034257737694	0.7300119905879408
-47.6	0.9581141804455386	0.6006026149887322	0.7300119905879408
-47.2	0.9581141809600576	0.6006943552112669	0.7300119905879408
-46.8	0.9581141812726701	0.6007786464413738	0.7300119905879408
-46.4	0.9581141814319384	0.6008562727835192	0.7300119905879408
-46.0	0.9581141814834578	0.6009280183421679	0.7300119905879408
-45.6	0.9581141814660036	0.6009938831173214	0.7300119905879408
-45.2	0.9581141814100037	0.6010546512134449	0.7300119905879408
-44.8	0.9581141813376217	0.6011107146827719	0.7300119905879408
-44.4	0.9581141812637005	0.6011620735253023	0.7300119905879408
-44.0	0.9581141811970996	0.6012095118455019	0.7300119905879408
-43.6	0.9581141811422268	0.601253421695604	0.7300119905879408
-43.2	0.9581141811003462	0.6012934110233754	0.7300119905879408
-42.8	0.9581141810707701	0.6013302639332827	0.7300119905879408
-42.4	0.9581141810516962	0.6013639804253255	0.7300119905879408
-42.0	0.9581141810409202	0.6013953446039699	0.7300119905879408
-41.6	0.9581141810362146	0.6014239644169828	0.7300119905879408
-41.2	0.9581141810355953	0.6014502319165977	0.7300115564244098
-40.8	0.9581141810374432	0.6014745391550469	0.7300115564244098
-40.4	0.9581141810405337	0.6014964940800982	0.7300119905879408
-40.0	0.9581141810440088	0.6015172728484499	0.7300119905879408
-39.6	0.9581141810473229	0.6015356993034038	0.7300119905879408
-39.2	0.9581141810501724	0.6015529496016581	0.7300119905879408
-38.8	0.958114181052432	0.6015686316909803	0.7300115564244098
-38.4	0.958114181054094	0.6015831376236034	0.7300115564244098
-38.0	0.9581141810552191	0.6015964673995273	0.7300119905879408
-37.6	0.958114181055909	0.6016086210187521	0.7300119905879408
-37.2	0.958114181056257	0.6016199905335107	0.7300115564244098
-36.8	0.9581141810563671	0.6016301838915701	0.7300119905879408
-36.4	0.9581141810563303	0.6016395931451632	0.7300119905879408
-36.0	0.9581141810562113	0.6016482182942906	0.7300119905879408
-35.6	0.9581141810560556	0.6016560593389517	0.7300119905879408
-35.2	0.9581141810558998	0.6016631162791466	0.7300119905879408
-34.8	0.9581141810557531	0.6016701732193415	0.7300119905879408
-34.4	0.9581141810556342	0.6016764460550705	0.7300119905879408
-34.0	0.9581141810555424	0.6016819347863334	0.7300119905879408
-33.6	0.9581141810554785	0.6016870314653628	0.7300115564244098
-33.2	0.9581141810554344	0.6016917360921599	0.7300115564244098
-32.8	0.9581141810554105	0.6016960486667231	0.7300119905879408
-32.4	0.9581141810554005	0.6016999691890539	0.7300119905879408
-32.0	0.9581141810553986	0.6017034976591513	0.7300119905879408
-31.6	0.9581141810554022	0.6017070261292488	0.7300119905879408
-31.2	0.9581141810554096	0.6017101625471133	0.7300119905879408
-30.8	0.9581141810554169	0.6017129069127445	0.7300115564244098
-30.4	0.9581141810554241	0.6017156512783761	0.7300115564244098
-30.0	0.9581141810554298	0.6017180035917744	0.7300115564244098
-29.6	0.9581141810554351	0.6017199638529398	0.7300119905879408
-29.2	0.9581141810554389	0.6017219241141047	0.7300119905879408
-28.8	0.9581141810554417	0.6017234923230372	0.7300119905879408
-28.4	0.9581141810554417	0.6017254525842026	0.7300119905879408
-28.0	0.9581141810554417	0.6017270207931347	0.7300115564244098
-27.6	0.9581141810554417	0.6017281969498338	0.7300115564244098
-27.2	0.9581141810554417	0.6017297651587659	0.7300115564244098
-26.8	0.9581141810554417	0.6017309413154655	0.7300119905879408
-26.4	0.9581141810554417	0.6017321174721646	0.7300119905879408
-26.0	0.9581141810554417	0.6017329015766304	0.7300119905879408
-25.6	0.9581141810554417	0.6017336856810966	0.7300115564244098
-25.2	0.9581141810554417	0.6017344697855629	0.7300115564244098
-24.8	0.9581141810554417	0.6017352538900287	0.7300119905879408
-24.4	0.9581141810554417	0.6017360379944949	0.7300119905879408
-24.0	0.9581141810554417	0.6017368220989612	0.7300119905879408
-23.6	0.9581141810554417	0.601737606203427	0.7300119905879408
-23.2	0.9581141810554417	0.6017379982556603	0.7300115564244098
-22.8	0.9581141810554417	0.6017379982556603	0.7300119905879408
-22.4	0.9581141810554417	0.6017387823601261	0.7300119905879408
-22.0	0.9581141810554417	0.6017391744123595	0.7300115564244098
-21.6	0.9581141810554417	0.6017395664645924	0.7300119905879408
-21.2	0.9581141810554417	0.6017399585168257	0.7300119905879408
-20.8	0.9581141810554417	0.6017403505690586	0.7300115564244098
-20.4	0.9581141810554417	0.6017403505690586	0.7300119905879408
-20.0	0.9581141810554417	0.6017407426212915	0.7300119905879408
-19.6	0.9581141810554417	0.6017407426212915	0.7300119905879408
-19.2	0.9581141810554417	0.6017411346735249	0.7300119905879408
-18.8	0.9581141810554417	0.6017415267257578	0.7300119905879408
-18.4	0.9581141810554417	0.6017415267257578	0.7300115564244098
-18.0	0.9581141810554417	0.6017415267257578	0.7300115564244098
-17.6	0.9581141810554417	0.6017419187779907	0.7300115564244098
-17.2	0.9581141810554417	0.601742310830224	0.7300115564244098
-16.8	0.9581141810554417	0.601742310830224	0.7300119905879408
-16.4	0.9581141810554417	0.601742310830224	0.7300119905879408
-16.0	0.9581141810554417	0.601742310830224	0.7300119905879408
-15.6	0.9581141810554417	0.601742310830224	0.7300115564244098
-15.2	0.9581141810554417	0.6017427028824569	0.7300115564244098
-14.8	0.9581141810554417	0.6017427028824569	0.7300119905879408
-14.4	0.9581141810554417	0.6017427028824569	0.7300119905879408
-14.0	0.9581141810554417	0.6017430949346898	0.7300119905879408
-13.6	0.9581141810554417	0.6017430949346898	0.7300119905879408
-13.2	0.9581141810554417	0.6017430949346898	0.7300119905879408
-12.8	0.9581141810554417	0.6017430949346898	0.7300115564244098
-12.4	0.9581141810554417	0.6017430949346898	0.7300119905879408
-12.0	0.9581141810554417	0.6017430949346898	0.7300115564244098
-11.6	0.9581141810554417	0.6017430949346898	0.7300119905879408
-11.2	0.9581141810554417	0.6017430949346898	0.7300119905879408
-10.8	0.9581141810554417	0.6017430949346898	0.7300119905879408
-10.4	0.9581141810554417	0.6017434869869231	0.7300119905879408
-10.0	0.9581141810554417	0.6017434869869231	0.7300119905879408
-9.6	0.9581141810554417	0.6017434869869231	0.7300119905879408
-9.2	0.9581141810554417	0.6017434869869231	0.7300119905879408
-8.8	0.9581141810554417	0.6017434869869231	0.7300119905879408
-8.4	0.9581141810554417	0.6017434869869231	0.7300119905879408
-8.0	0.9581141810554417	0.6017434869869231	0.7300115564244098
-7.6	0.9581141810554417	0.6017434869869231	0.7300119905879408
-7.2	0.9581141810554417	0.6017434869869231	0.7300119905879408
-6.8	0.9581141810554417	0.6017434869869231	0.7300119905879408
-6.4	0.9581141810554417	0.6017434869869231	0.7300119905879408
-6.0	0.9581141810554417	0.6017434869869231	0.7300119905879408
-5.6	0.9581141810554417	0.6017434869869231	0.7300119905879408
-5.2	0.9581141810554417	0.6017434869869231	0.7300119905879408
-4.8	0.9581141810554417	0.6017434869869231	0.7300119905879408
-4.4	0.9581141810554417	0.6017434869869231	0.7300119905879408
-4.0	0.9581141810554417	0.6017434869869231	0.7300119905879408
-3.6	0.9581141810554417	0.6017434869869231	0.7300119905879408
-3.2	0.9581141810554417	0.6017434869869231	0.7300119905879408
-2.8	0.9581141810554417	0.6017434869869231	0.7300119905879408
-2.4	0.9581141810554417	0.6017434869869231	0.7300119905879408
-2.0	0.9581141810554417	0.6017434869869231	0.7300119905879408
-1.6	0.9581141810554417	0.6017434869869231	0.7300119905879408
-1.2	0.9581141810554417	0.6017434869869231	0.7300119905879408
-0.8	0.9581141810554417	0.6017434869869231	0.7300119905879408
-0.4	0.9581141810554417	0.6017434869869231	0.7300119905879408
0.0	0.9581141810554417	0.6017434869869231	0.7300115564244098
0.4	0.9581141810554417	0.6017434869869231	0.7300115564244098
0.8	0.9581141810554417	0.6017434869869231	0.7300119905879408
1.2	0.9581141810554417	0.6017434869869231	0.7300119905879408
1.6	0.9325882731771457	0.5848777919731187	0.715678515784683
2.0	0.843873479541181	0.5099111321772245	0.650623886504822
2.4	0.7024322818904056	0.3523418112422192	0.5047158512256553
2.8	0.5458070038769351	0.16729982212809924	0.306541039300515
3.2	0.39772406734057786	0.05414413841475829	0.14278909999043732
3.6	0.2711570215730236	0.026562087662621803	0.06690426143671502
4.0	0.17132258500387848	0.0284702058809021	0.05622123359976827
4.4	0.0983034944876641	0.02241848761146059	0.06269938764167238
4.8	0.04916003282079817	0.011048384774508868	0.07801146704317707
5.2	0.01950614488574446	0.007464047233801008	0.10926364339337713
5.6	0.004595669507025765	0.013725121395693485	0.13708918407735338
6.0	0.0	0.02426720991643272	0.14739904835964435
6.4	0.001970428391404537	0.03527152801994449	0.15337227021531818
6.8	0.007575045034696991	0.0466014455030086	0.16682764927769078
7.2	0.014688064423555941	0.059038518492220415	0.18370054657214174
7.6	0.02189372658355987	0.07256706489825815	0.19822309959302853
8.0	0.028350770343242414	0.08661978513989066	0.21044871045463065
8.4	0.03364886844387128	0.10065721534443428	0.22187155294792804
8.8	0.03767634363262206	0.11429592842796055	0.2326051608362043
9.2	0.04050924737979743	0.12722875146587098	0.24212528165611147
9.6	0.04232533770082475	0.13920300679396114	0.25019377671105003
10.0	0.04334225697962158	0.1500414868028903	0.25700493418101766
10.4	0.0437768026503866	0.1596512751134238	0.2628594123110388
10.8	0.04382111652659886	0.16800865256546293	0.2679035242109675
11.2	0.0436314574530143	0.17514341512871967	0.2721934940580324
11.6	0.04332561052056362	0.18111966334329654	0.27580703712423205
12.0	0.042985653963167406	0.18602247254376936	0.2788385839774987
12.4	0.042663562242194204	0.18994671937053598	0.28137040860690465
12.8	0.0423878493422843	0.1929910049602106	0.2834765358944371
13.2	0.0421700822648452	0.19525314634493895	0.2852333786215038
13.6	0.04201059248040673	0.1968303724785203	0.286714093343031
14.0	0.04190308016847743	0.19781834410581967	0.28798445583392374
14.4	0.04183805552060373	0.19830958555383793	0.28909808529022607
14.8	0.04180521399754266	0.198392504601129	0.2900964443291212
15.2	0.04179492120687013	0.1981500202949844	0.29100840482540313
15.6	0.04179900972608181	0.1976560344813345	0.29185263581089194
16.0	0.041811083295859995	0.19697601988310076	0.29263999137385666
16.4	0.041826497980267635	0.1961652558651421	0.2933765498037264
16.8	0.04184215583202051	0.1952688284342612	0.2940651331634516
17.2	0.0418562115070811	0.19432339447424862	0.2947070439436241
17.6	0.04186776048210639	0.19335737777200057	0.2953040187983671
18.0	0.04187655121900773	0.19239253722645122	0.29585714313650735
18.4	0.04188274346064996	0.1914445549269237	0.2963685877756972
18.8	0.04188672053711745	0.190525192440409	0.29684008937006157
19.2	0.041888954288249444	0.18964287888991826	0.29727360165548733
19.6	0.04188991592059674	0.18880212287613185	0.2976725979402213
20.0	0.04189002375820357	0.18800664889526209	0.2980388148783857
20.4	0.04188961846969933	0.18725743707789366	0.2983750745329292
20.8	0.041888957182442156	0.1865552715284915	0.29868419896680365
21.2	0.041888219337756126	0.1858995641687069	0.29896814191589627
21.6	0.04188751878474316	0.1852893348679565	0.29922885711609437
22.0	0.041886918187912965	0.18472242733895827	0.2994685153850529
22.4	0.041886443187265275	0.18419707734666435	0.29968907045865967
22.8	0.04188609483509504	0.18371152065602514	0.299891607745741
23.2	0.04188585963542684	0.1832630129014099	0.30007764681865634
23.6	0.04188571705760046	0.1828497898477699	0.30024849016799493
24.0	0.0418856447300795	0.1824694991817064	0.3004052232025858
24.4	0.04188562169394452	0.18211998461593737	0.3005493654947853
24.8	0.041885630155010865	0.18179889383706582	0.3006809170445943
25.2	0.04188565615950581	0.18150446261004083	0.3008016145061352
25.6	0.041885689562664655	0.18123473067369877	0.30091189204293833
26.0	0.041885723585826894	0.1809875417407576	0.30101240090030057
26.4	0.04188575418137185	0.18076152362840103	0.3011040094052828
26.8	0.04188577935564246	0.18055510812769793	0.3011875858849473
27.2	0.04188579854266422	0.18036613895136488	0.30126334742105776
27.6	0.04188581207746908	0.180193831994937	0.3013319452589118
28.0	0.04188582078657159	0.18003642302336553	0.30139424772557044
28.4	0.04188582569284101	0.17989312793218382	0.3014506889845645
28.8	0.04188582782040343	0.1797623785124598	0.3015014861176586
29.2	0.04188582807999494	0.17964339065972723	0.3015475074519154
29.6	0.04188582721430925	0.1795347921911712	0.301588752987334
30.0	0.04188582578464762	0.17943619105455788	0.30162565688744536
30.4	0.041885824183297664	0.17934621506707193	0.3016590874793108
30.8	0.04188582265963342	0.17926447217647956	0.3016890447629308
31.2	0.04188582135136015	0.17919037430443208	0.3017157458200703
31.6	0.0418858203152968	0.17912294132034656	0.30173962481425987
32.0	0.041885819554456694	0.17906138911975678	0.3017608988272653
32.4	0.04188581903993779	0.1790055216765465	0.3017800020226167
32.8	0.0418858187273271	0.17895494693848235	0.30179671731854985
33.2	0.04188581856805733	0.1789090768272148	0.30181169596035984
33.6	0.04188581851653521	0.17886751929051092	0.3018251550298121
34.0	0.04188581853399386	0.17882968625002116	0.30183709452690755
34.4	0.0418858185899931	0.17879518565351216	0.3018472973698789
34.8	0.04188581866237206	0.17876401750098436	0.3018566318857894
35.2	0.041885818736298756	0.17873598576632066	0.301864663911108
35.6	0.04188581880289552	0.1787103063450557	0.3018718276093644
36.0	0.04188581885776873	0.17868697923718901	0.30187834006232617
36.4	0.04188581889964613	0.17866600444272063	0.3018837671064598
36.8	0.04188581892922926	0.17864698990941763	0.30188854290529754
37.2	0.04188581894829994	0.1786297396111629	0.3018928845406048
37.6	0.041885818959075415	0.17861405752184067	0.3018965749306157
38.0	0.04188581896378148	0.17859994364145093	0.3018998311570962
38.4	0.04188581896440085	0.178587201943877	0.3019028703018112
38.8	0.04188581896255263	0.1785754403768851	0.30190525820123026
39.2	0.041885818959462105	0.1785648549665928	0.3019074290188839
39.6	0.041885818955986844	0.17855544571299875	0.30190916567300663
40.0	0.041885818952673064	0.17854682056387183	0.3019109023271298
40.4	0.041885818949823336	0.1785391755453274	0.3019124218994871
40.8	0.04188581894756354	0.17853211860513252	0.30191350730831434
41.2	0.04188581894590182	0.17852564974328677	0.30191437563537527
41.6	0.041885818944776304	0.17851996498590728	0.3019154610442021
42.0	0.04188581894409092	0.17851467228076157	0.30191611228949844
42.4	0.04188581894374024	0.17850996765396454	0.30191676353479435
42.8	0.04188581894362508	0.1785056550794013	0.3019176318618557
43.2	0.04188581894366099	0.17850173455707052	0.3019180660253866
43.6	0.04188581894378156	0.1784982060869731	0.3019182831071521
44.0	0.04188581894393838	0.17849506966910855	0.30191871727068254
44.4	0.041885818944099	0.17849232530347736	0.30191893435244754
44.8	0.04188581894424396	0.17848958093784617	0.30191915143421344
45.2	0.041885818944363565	0.1784874246505641	0.30191958559774434
45.6	0.041885818944454964	0.17848526836328205	0.30191980267950935
46.0	0.04188581894451962	0.17848350412823333	0.30191980267950935
46.4	0.04188581894456138	0.17848154386706838	0.30192001976127436
46.8	0.04188581894458505	0.1784799756581359	0.30192001976127436
47.2	0.04188581894459545	0.17847860347532007	0.30192023684304026
47.6	0.04188581894459692	0.17847742731862093	0.30192023684304026
48.0	0.04188581894459297	0.17847625116192178	0.30192023684304026
48.4	0.041885818944586296	0.1784752710313393	0.30192023684304026
48.8	0.041885818944578754	0.17847429090075684	0.30192045392480615
49.2	0.041885818944571544	0.17847331077017392	0.30192045392480615
49.6	0.04188581894456534	0.17847272269182435	0.30192045392480615
50.0	0.04188581894456041	0.1784719385873581	0.30192045392480615
50.4	0.04188581894455678	0.17847115448289275	0.30192045392480615
50.8	0.041885818944554315	0.17847076243065896	0.30192045392480615
51.2	0.041885818944552816	0.17847037037842606	0.30192045392480615
51.6	0.041885818944552046	0.17846978230007604	0.30192045392480615
52.0	0.04188581894455179	0.17846939024784403	0.30192045392480615
52.4	0.04188581894455186	0.1784691942217269	0.30192045392480615
52.8	0.04188581894455212	0.17846860614337734	0.30192045392480615
53.2	0.04188581894455246	0.17846841011726067	0.30192045392480615
53.6	0.04188581894455281	0.17846821409114444	0.30192045392480615
54.0	0.04188581894455312	0.1784678220389111	0.30192045392480615
54.4	0.041885818944553385	0.17846762601279442	0.30192045392480615
54.8	0.041885818944553586	0.1784674299866782	0.30192045392480615
55.2	0.041885818944553725	0.17846723396056152	0.30192045392480615
55.6	0.041885818944553815	0.17846723396056152	0.30192045392480615
56.0	0.04188581894455387	0.1784670379344453	0.30192045392480615
56.4	0.04188581894455389	0.17846664588221195	0.30192045392480615
56.8	0.04188581894455389	0.17846664588221195	0.30192045392480615
57.2	0.041885818944553885	0.17846644985609572	0.30192045392480615
57.6	0.04188581894455387	0.17846644985609572	0.30192045392480615
58.0	0.04188581894455386	0.17846644985609572	0.30192045392480615
58.4	0.04188581894455384	0.1784662538299795	0.30192045392480615
58.8	0.04188581894455383	0.1784662538299795	0.30192045392480615
59.2	0.041885818944553815	0.1784662538299795	0.30192045392480615
59.6	0.04188581894455381	0.17846605780386238	0.30192045392480615
60.0	0.0418858189445538	0.17846605780386238	0.30192045392480615
60.4	0.0418858189445538	0.17846605780386238	0.30192045392480615
60.8	0.041885818944553795	0.17846605780386238	0.30192045392480615
61.2	0.041885818944553795	0.17846605780386238	0.30192045392480615
61.6	0.041885818944553795	0.17846605780386238	0.30192045392480615
62.0	0.041885818944553795	0.17846586177774615	0.30192045392480615
62.4	0.0418858189445538	0.17846586177774615	0.30192045392480615
62.8	0.0418858189445538	0.17846586177774615	0.30192045392480615
63.2	0.0418858189445538	0.17846586177774615	0.30192045392480615
63.6	0.0418858189445538	0.17846586177774615	0.30192045392480615
64.0	0.0418858189445538	0.17846586177774615	0.30192045392480615
64.4	0.0418858189445538	0.17846586177774615	0.30192045392480615
64.8	0.0418858189445538	0.17846586177774615	0.30192045392480615
65.2	0.0418858189445538	0.17846586177774615	0.30192045392480615
65.6	0.0418858189445538	0.17846586177774615	0.30192045392480615
66.0	0.0418858189445538	0.17846586177774615	0.30192045392480615
66.4	0.0418858189445538	0.17846586177774615	0.30192045392480615
66.8	0.0418858189445538	0.17846586177774615	0.30192045392480615
67.2	0.0418858189445538	0.17846586177774615	0.30192045392480615
67.6	0.0418858189445538	0.1784654697255128	0.30192045392480615
68.0	0.0418858189445538	0.1784654697255128	0.30192045392480615
68.4	0.0418858189445538	0.1784654697255128	0.30192045392480615
68.8	0.0418858189445538	0.1784654697255128	0.30192045392480615
69.2	0.0418858189445538	0.1784654697255128	0.30192045392480615
69.6	0.0418858189445538	0.1784654697255128	0.30192045392480615
70.0	0.0418858189445538	0.1784654697255128	0.30192045392480615
70.4	0.0418858189445538	0.1784654697255128	0.30192045392480615
70.8	0.0418858189445538	0.1784654697255128	0.30192045392480615
71.2	0.0418858189445538	0.1784654697255128	0.30192045392480615
71.6	0.0418858189445538	0.1784654697255128	0.30192045392480615
72.0	0.0418858189445538	0.1784654697255128	0.30192045392480615
72.4	0.0418858189445538	0.1784654697255128	0.30192045392480615
72.8	0.0418858189445538	0.1784654697255128	0.30192045392480615
73.2	0.0418858189445538	0.1784654697255128	0.30192045392480615
73.6	0.0418858189445538	0.1784654697255128	0.30192045392480615
74.0	0.0418858189445538	0.1784654697255128	0.30192045392480615
74.4	0.0418858189445538	0.1784654697255128	0.30192045392480615
74.8	0.0418858189445538	0.1784654697255128	0.30192045392480615
75.2	0.0418858189445538	0.1784654697255128	0.30192045392480615
75.6	0.0418858189445538	0.1784654697255128	0.30192045392480615
76.0	0.0418858189445538	0.1784654697255128	0.30192045392480615
76.4	0.0418858189445538	0.1784654697255128	0.30192045392480615
76.8	0.0418858189445538	0.1784654697255128	0.30192045392480615
77.2	0.0418858189445538	0.1784654697255128	0.30192045392480615
77.6	0.0418858189445538	0.1784654697255128	0.30192045392480615
78.0	0.0418858189445538	0.1784654697255128	0.30192045392480615
78.4	0.0418858189445538	0.1784654697255128	0.30192045392480615
78.8	0.0418858189445538	0.1784654697255128	0.30192045392480615
79.2	0.0418858189445538	0.1784654697255128	0.30192045392480615
79.6	0.0418858189445538	0.1784654697255128	0.30192045392480615
80.0	0.0418858189445538	0.1784654697255128	0.30192045392480615
80.4	0.0418858189445538	0.1784654697255128	0.30192045392480615
80.8	0.0418858189445538	0.1784654697255128	0.30192045392480615
