Time	ABP	LCBFV	RCBFV
-78.0	0.06741172682284972	0.1564218108714286	0.10054642598435493
-77.6	0.15612652045881448	0.17243922881425888	0.11774432098978416
-77.2	0.2975677181095899	0.2498360814916376	0.14865979799907159
-76.8	0.4541929961230602	0.5909882445624932	0.2255848716779445
-76.4	0.6022759326594176	0.9048251864848895	0.43347437344119477
-76.0	0.728842978426972	0.9487507210294908	0.7682144407996798
-75.6	0.8286774149961178	0.9520457770078297	0.8926204232457149
-75.2	0.9016965055123313	0.9482880896853274	0.8324530458070134
-74.8	0.9508399671791976	0.9360492251694392	0.75732705714963
-74.4	0.9804938551142541	0.9259196257252649	0.7201515789455666
-74.0	0.9954043304929681	0.9198094341707161	0.647798761041309
-73.6	1.0	0.9117169626943324	0.6041085583594281
-73.2	0.9980295716085953	0.9014085109263839	0.5965380085889977
-72.8	0.9924249549652986	0.8884906037545655	0.596463601148109
-72.4	0.9853119355764359	0.8730067619109949	0.5977757790837837
-72.0	0.9781062734164401	0.8558113033289034	0.5984117726113789
-71.6	0.9716492296567552	0.8382712559363377	0.597485209880313
-71.2	0.9663511315561246	0.821885998380945	0.5966515206703518
-70.8	0.9623236563673749	0.8077012205823904	0.5968796310730777
-70.4	0.9594907526201965	0.7963900034524798	0.5981070822877399
-70.0	0.9576746622991714	0.7879237306194078	0.5999819325501345
-69.6	0.9566577430203744	0.7819423127379759	0.602080548255203
-69.2	0.9562231973496089	0.7778471906979529	0.6040786867590713
-68.8	0.9561788834733969	0.7751041922256654	0.6058286194199738
-68.4	0.9563685425469809	0.773255455372249	0.6072950434374906
-68.0	0.9566743894794315	0.7719903732687508	0.6084942524118153
-67.6	0.9570143460368283	0.7710889575569286	0.6094604629033551
-67.2	0.9573364377578013	0.7704164728195355	0.6102278914725234
-66.8	0.9576121506577112	0.7698870699411646	0.6108296684397114
-66.4	0.9578299177351507	0.7694524587943912	0.6112945791652651
-66.0	0.957989407519589	0.769082234484177	0.6116492365295016
-65.6	0.958096919831518	0.7687608964757962	0.611918624052719
-65.2	0.9581619444793907	0.7684795021530579	0.6121228371751597
-64.8	0.9581947860024498	0.7682332821206606	0.6122781694970145
-64.4	0.9582050787931264	0.7680180631577187	0.6123976558984401
-64.0	0.9582009902739096	0.7678314605665815	0.6124905294195511
-63.6	0.958188916704134	0.7676722819984221	0.6125638506204263
-63.2	0.9581735020197326	0.7675375465811793	0.6126225075811274
-62.8	0.9581578441679759	0.7674242734427885	0.6126692159016853
-62.4	0.958143788492917	0.7673306740600143	0.6127066911821331
-62.0	0.9581322395178903	0.7672543637352041	0.612736562782489
-61.6	0.9581234487809865	0.7671923615962939	0.6127604600627752
-61.2	0.9581172565393483	0.7671422829456374	0.6127783830229889
-60.8	0.9581132794628786	0.7671017430855827	0.612793047263164
-60.4	0.9581110457117459	0.7670707420161271	0.6128033665432877
-60.0	0.9581100840793987	0.7670462988652114	0.6128104271033719
-59.6	0.9581099762417915	0.7670272212840095	0.6128153151834299
-59.2	0.9581103815302958	0.7670123169236938	0.6128185739034686
-58.8	0.9581110428175537	0.7670015857842678	0.6128202032634888
-58.4	0.9581117806622393	0.7669926431680807	0.6128202032634888
-58.0	0.9581124812152524	0.7669872775983668	0.6128191170234754
-57.6	0.9581130818120823	0.766982508203065	0.612817487663456
-57.2	0.9581135568127304	0.766980123505415	0.6128158583034367
-56.8	0.9581139051649005	0.7669783349821762	0.6128136858234106
-56.4	0.9581141403645693	0.7669777388077659	0.6128115133433845
-56.0	0.9581142829423992	0.7669777388077659	0.6128098839833642
-55.6	0.9581143552699152	0.7669777388077659	0.6128071683833332
-55.2	0.9581143783060494	0.76697893115659	0.6128055390233147
-54.8	0.9581143698449829	0.766980123505415	0.6128033665432877
-54.4	0.9581143438404887	0.76698131585424	0.6128017371832684
-54.0	0.9581143104373315	0.7669831043774789	0.6127995647032423
-53.6	0.9581142764141715	0.7669848929007159	0.6127979353432229
-53.2	0.9581142458186219	0.7669866814239539	0.6127968491032103
-52.8	0.9581142206443499	0.7669878737727771	0.6127952197431901
-52.4	0.9581142014573277	0.7669896622960168	0.6127941335031775
-52.0	0.9581141879225274	0.7669914508192539	0.612793047263164
-51.6	0.958114179213424	0.7669920469936669	0.6127919610231523
-51.2	0.958114174307155	0.7669944316913169	0.6127914179031446
-50.8	0.958114172179592	0.7669950278657298	0.612790331663132
-50.4	0.9581141719200008	0.7669962202145548	0.612790331663132
-50.0	0.9581141727856862	0.7669974125633789	0.6127892454231185
-49.6	0.958114174215348	0.7669986049122048	0.6127887023031118
-49.2	0.958114175816698	0.7669992010866178	0.6127881591831068
-48.8	0.9581141773403621	0.7669997972610307	0.6127876160630992
-48.4	0.9581141786486354	0.7670009896098557	0.6127876160630992
-48.0	0.9581141796846981	0.7670015857842678	0.6127870729430933
-47.6	0.9581141804455386	0.7670015857842678	0.6127865298230866
-47.2	0.9581141809600576	0.7670021819586816	0.6127859867030798
-46.8	0.9581141812726701	0.7670027781330919	0.6127859867030798
-46.4	0.9581141814319384	0.7670033743075058	0.6127859867030798
-46.0	0.9581141814834578	0.7670033743075058	0.6127859867030798
-45.6	0.9581141814660036	0.7670033743075058	0.6127859867030798
-45.2	0.9581141814100037	0.7670033743075058	0.6127859867030798
-44.8	0.9581141813376217	0.7670039704819187	0.6127859867030798
-44.4	0.9581141812637005	0.7670039704819187	0.6127854435830731
-44.0	0.9581141811970996	0.7670039704819187	0.6127854435830731
-43.6	0.9581141811422268	0.7670039704819187	0.6127854435830731
-43.2	0.9581141811003462	0.7670039704819187	0.6127854435830731
-42.8	0.9581141810707701	0.7670039704819187	0.6127854435830731
-42.4	0.9581141810516962	0.7670039704819187	0.6127854435830731
-42.0	0.9581141810409202	0.7670039704819187	0.6127849004630672
-41.6	0.9581141810362146	0.7670033743075058	0.6127849004630672
-41.2	0.9581141810355953	0.7670033743075058	0.6127849004630672
-40.8	0.9581141810374432	0.7670033743075058	0.6127849004630672
-40.4	0.9581141810405337	0.7670033743075058	0.6127849004630672
-40.0	0.9581141810440088	0.7670033743075058	0.6127849004630672
-39.6	0.9581141810473229	0.7670027781330919	0.6127849004630672
-39.2	0.9581141810501724	0.7670027781330919	0.6127849004630672
-38.8	0.958114181052432	0.7670027781330919	0.6127849004630672
-38.4	0.958114181054094	0.7670027781330919	0.6127849004630672
-38.0	0.9581141810552191	0.7670021819586816	0.6127849004630672
-37.6	0.958114181055909	0.7670021819586816	0.6127849004630672
-37.2	0.958114181056257	0.7670021819586816	0.6127849004630672
-36.8	0.9581141810563671	0.7670015857842678	0.6127849004630672
-36.4	0.9581141810563303	0.7670015857842678	0.6127849004630672
-36.0	0.9581141810562113	0.7670015857842678	0.6127849004630672
-35.6	0.9581141810560556	0.7670015857842678	0.6127849004630672
-35.2	0.9581141810558998	0.7670015857842678	0.6127849004630672
-34.8	0.9581141810557531	0.7670015857842678	0.6127849004630672
-34.4	0.9581141810556342	0.7670015857842678	0.6127849004630672
-34.0	0.9581141810555424	0.7670009896098557	0.6127849004630672
-33.6	0.9581141810554785	0.7670009896098557	0.6127849004630672
-33.2	0.9581141810554344	0.7670009896098557	0.6127849004630672
-32.8	0.9581141810554105	0.7670009896098557	0.6127849004630672
-32.4	0.9581141810554005	0.7670009896098557	0.6127849004630672
-32.0	0.9581141810553986	0.7670003934354428	0.6127849004630672
-31.6	0.9581141810554022	0.7670003934354428	0.6127849004630672
-31.2	0.9581141810554096	0.7670003934354428	0.6127849004630672
-30.8	0.9581141810554169	0.7670003934354428	0.6127849004630672
-30.4	0.9581141810554241	0.7670003934354428	0.6127849004630672
-30.0	0.9581141810554298	0.7670003934354428	0.6127849004630672
-29.6	0.9581141810554351	0.7669997972610307	0.6127849004630672
-29.2	0.9581141810554389	0.7669997972610307	0.6127849004630672
-28.8	0.9581141810554417	0.7669997972610307	0.6127849004630672
-28.4	0.9581141810554417	0.7669997972610307	0.6127849004630672
-28.0	0.9581141810554417	0.7669997972610307	0.6127849004630672
-27.6	0.9581141810554417	0.7669997972610307	0.6127849004630672
-27.2	0.9581141810554417	0.7669992010866178	0.6127849004630672
-26.8	0.9581141810554417	0.7669992010866178	0.6127849004630672
-26.4	0.9581141810554417	0.7669992010866178	0.6127849004630672
-26.0	0.9581141810554417	0.7669992010866178	0.6127849004630672
-25.6	0.9581141810554417	0.7669992010866178	0.6127849004630672
-25.2	0.9581141810554417	0.7669992010866178	0.6127849004630672
-24.8	0.9581141810554417	0.7669992010866178	0.6127849004630672
-24.4	0.9581141810554417	0.7669992010866178	0.6127849004630672
-24.0	0.9581141810554417	0.7669992010866178	0.6127849004630672
-23.6	0.9581141810554417	0.7669992010866178	0.6127849004630672
-23.2	0.9581141810554417	0.7669992010866178	0.6127849004630672
-22.8	0.9581141810554417	0.7669992010866178	0.6127849004630672
-22.4	0.9581141810554417	0.7669992010866178	0.6127849004630672
-22.0	0.9581141810554417	0.7669992010866178	0.6127849004630672
-21.6	0.9581141810554417	0.7669992010866178	0.6127849004630672
-21.2	0.9581141810554417	0.7669992010866178	0.6127849004630672
-20.8	0.9581141810554417	0.7669992010866178	0.6127849004630672
-20.4	0.9581141810554417	0.7669992010866178	0.6127849004630672
-20.0	0.9581141810554417	0.7669992010866178	0.6127849004630672
-19.6	0.9581141810554417	0.7669992010866178	0.6127849004630672
-19.2	0.9581141810554417	0.7669992010866178	0.6127849004630672
-18.8	0.9581141810554417	0.7669992010866178	0.6127849004630672
-18.4	0.9581141810554417	0.7669992010866178	0.6127849004630672
-18.0	0.9581141810554417	0.7669992010866178	0.6127849004630672
-17.6	0.9581141810554417	0.7669992010866178	0.6127849004630672
-17.2	0.9581141810554417	0.7669992010866178	0.6127849004630672
-16.8	0.9581141810554417	0.7669992010866178	0.6127849004630672
-16.4	0.9581141810554417	0.7669992010866178	0.6127849004630672
-16.0	0.9581141810554417	0.7669992010866178	0.6127849004630672
-15.6	0.9581141810554417	0.7669992010866178	0.6127849004630672
-15.2	0.9581141810554417	0.7669992010866178	0.6127849004630672
-14.8	0.9581141810554417	0.7669986049122048	0.6127849004630672
-14.4	0.9581141810554417	0.7669992010866178	0.6127849004630672
-14.0	0.9581141810554417	0.7669992010866178	0.6127849004630672
-13.6	0.9581141810554417	0.7669992010866178	0.6127849004630672
-13.2	0.9581141810554417	0.7669992010866178	0.6127849004630672
-12.8	0.9581141810554417	0.7669986049122048	0.6127849004630672
-12.4	0.9581141810554417	0.7669992010866178	0.6127849004630672
-12.0	0.9581141810554417	0.7669992010866178	0.6127849004630672
-11.6	0.9581141810554417	0.7669992010866178	0.6127849004630672
-11.2	0.9581141810554417	0.7669992010866178	0.6127849004630672
-10.8	0.9581141810554417	0.7669992010866178	0.6127849004630672
-10.4	0.9581141810554417	0.7669992010866178	0.6127849004630672
-10.0	0.9581141810554417	0.7669986049122048	0.6127849004630672
-9.6	0.9581141810554417	0.7669992010866178	0.6127849004630672
-9.2	0.9581141810554417	0.7669992010866178	0.6127849004630672
-8.8	0.9581141810554417	0.7669986049122048	0.6127849004630672
-8.4	0.9581141810554417	0.7669992010866178	0.6127849004630672
-8.0	0.9581141810554417	0.7669992010866178	0.6127849004630672
-7.6	0.9581141810554417	0.7669992010866178	0.6127849004630672
-7.2	0.9581141810554417	0.7669992010866178	0.6127849004630672
-6.8	0.9581141810554417	0.7669992010866178	0.6127849004630672
-6.4	0.9581141810554417	0.7669992010866178	0.6127849004630672
-6.0	0.9581141810554417	0.7669992010866178	0.6127849004630672
-5.6	0.9581141810554417	0.7669992010866178	0.6127849004630672
-5.2	0.9581141810554417	0.7669992010866178	0.6127849004630672
-4.8	0.9581141810554417	0.7669992010866178	0.6127849004630672
-4.4	0.9581141810554417	0.7669992010866178	0.6127849004630672
-4.0	0.9581141810554417	0.7669992010866178	0.6127849004630672
-3.6	0.9581141810554417	0.7669986049122048	0.6127849004630672
-3.2	0.9581141810554417	0.7669986049122048	0.6127849004630672
-2.8	0.9581141810554417	0.7669992010866178	0.6127849004630672
-2.4	0.9581141810554417	0.7669992010866178	0.6127849004630672
-2.0	0.9581141810554417	0.7669986049122048	0.6127849004630672
-1.6	0.9581141810554417	0.7669986049122048	0.6127849004630672
-1.2	0.9581141810554417	0.7669992010866178	0.6127849004630672
-0.8	0.9581141810554417	0.7669992010866178	0.6127849004630672
-0.4	0.9581141810554417	0.7669986049122048	0.6127849004630672
0.0	0.9581141810554417	0.7669986049122048	0.6127849004630672
0.4	0.9581141810554417	0.7669986049122048	0.6127849004630672
0.8	0.9581141810554417	0.7669992010866178	0.6127849004630672
1.2	0.9581141810554417	0.7669992010866178	0.6127849004630672
1.6	0.9325882731771457	0.754431248294984	0.5998184534281812
2.0	0.843873479541181	0.706116677724955	0.5493479405853092
2.4	0.7024322818904056	0.6192761242650784	0.44903204602703184
2.8	0.5458070038769351	0.5247008039763665	0.30351118708877856
3.2	0.39772406734057786	0.4516068401217952	0.1399212686546898
3.6	0.2711570215730236	0.39980703393581507	0.021607463321425158
4.0	0.17132258500387848	0.3589935298248905	0.015363212606837706
4.4	0.0983034944876641	0.3245489569635742	0.1271595778622503
4.8	0.04916003282079817	0.2946117607485812	0.2712734844236975
5.2	0.01950614488574446	0.2712238385430039	0.3632060501218364
5.6	0.004595669507025765	0.261657027744306	0.4058208751908712
6.0	0.0	0.27070695532729516	0.42749788088980534
6.4	0.001970428391404537	0.29507945957525195	0.43639853155612407
6.8	0.007575045034696991	0.32724634809329967	0.43938134663175266
7.2	0.014688064423555941	0.3601173185926063	0.4454979641448169
7.6	0.02189372658355987	0.3885083364685693	0.45427532656966374
8.0	0.028350770343242414	0.4101768916682609	0.46140920785487705
8.4	0.03364886844387128	0.42586104811445935	0.46601975358994974
8.8	0.03767634363262206	0.43774220798279906	0.46831389249735356
9.2	0.04050924737979743	0.4478837309152235	0.46824491625653053
9.6	0.04232533770082475	0.4576216437703309	0.46666117831761245
10.0	0.04334225697962158	0.4675950455184106	0.4647195242944191
10.4	0.0437768026503866	0.4779195939954999	0.4629951182738221
10.8	0.04382111652659886	0.48836099265745325	0.46169434585828295
11.2	0.0436314574530143	0.49856153685672666	0.46089378696872085
11.6	0.04332561052056362	0.508202273282583	0.4604902488039002
12.0	0.042985653963167406	0.5170626174023711	0.4603077604817205
12.4	0.042663562242194204	0.5250131993685585	0.46022955120078635
12.8	0.0423878493422843	0.5320039405304913	0.4601937052803571
13.2	0.0421700822648452	0.5380610725623214	0.46016383368000113
13.6	0.04201059248040673	0.5432710407538721	0.46012798775957187
14.0	0.04190308016847743	0.5477602340806111	0.4600850812790602
14.4	0.04183805552060373	0.5516645803086071	0.46003076927841224
14.8	0.04180521399754266	0.5551074875412683	0.4599579911975429
15.2	0.04179492120687013	0.5581855360334265	0.4598618589563941
15.6	0.04179900972608181	0.5609625164472316	0.45973694135490106
16.0	0.041811083295859995	0.5634688336777245	0.45958160903304623
16.4	0.041826497980267635	0.5657158150387449	0.45939749135084806
16.8	0.04184215583202051	0.567702268181467	0.4591878470283435
17.2	0.0418562115070811	0.5694228275361777	0.4589564779055797
17.6	0.04186776048210639	0.570877493102877	0.45870718582260306
18.0	0.04187655121900773	0.5720686495792151	0.4584443157394613
18.4	0.04188274346064996	0.5730076242790307	0.45817166949620525
18.8	0.04188672053711745	0.5737099177370517	0.45789196269286414
19.2	0.041888954288249444	0.5741934151856558	0.4576084540494776
19.6	0.04188991592059674	0.5744795789036949	0.45732277292606494
20.0	0.04189002375820357	0.574590467344434	0.45703763492265903
20.4	0.04188961846969933	0.5745463504379043	0.4567562987592968
20.8	0.041888957182442156	0.5743680942885421	0.4564809369160088
21.2	0.041888219337756126	0.5740741803031391	0.45621209251279726
21.6	0.04188751878474316	0.573681301365248	0.45595193802969014
22.0	0.041886918187912965	0.5732061503584207	0.45570210282670587
22.4	0.041886443187265275	0.5726624392941462	0.4554642162638638
22.8	0.04188609483509504	0.5720638801839142	0.4552382783411657
23.2	0.04188585963542684	0.5714200118183257	0.4550242890586089
23.6	0.04188571705760046	0.5707421615112196	0.45482387777621547
24.0	0.0418856447300795	0.5700392718787874	0.45463704449398357
24.4	0.04188562169394452	0.5693184970139757	0.4544627029719015
24.8	0.041885630155010865	0.5685869910097381	0.4543013963299751
25.2	0.04188565615950581	0.5678507156101995	0.4541525814481968
25.6	0.041885689562664655	0.5671144402106618	0.4540168014465751
26.0	0.041885723585826894	0.5663829342064224	0.4538924269650888
26.4	0.04188575418137185	0.5656597746439624	0.45377837176372715
26.8	0.04188577935564246	0.5649485385697526	0.4536751789624942
27.2	0.04188579854266422	0.5642510145070316	0.45358176232137826
27.6	0.04188581207746908	0.5635695871534514	0.45349757872037166
28.0	0.04188582078657159	0.5629072373810731	0.45342208503947123
28.4	0.04188582569284101	0.5622645613643096	0.4533536519186532
28.8	0.04188582782040343	0.5616421552775739	0.45329336559793454
29.2	0.04188582807999494	0.5610418076441048	0.45323851047727803
29.6	0.04188582721430925	0.5604629222894895	0.4531901727967007
30.0	0.04188582578464762	0.5599066915625492	0.4531472663161882
30.4	0.041885824183297664	0.5593731154632895	0.4531092479157337
30.8	0.04188582265963342	0.5588621939917067	0.4530755744753314
31.2	0.04188582135136015	0.5583739271478034	0.4530457028749737
31.6	0.0418858203152968	0.5579071225827494	0.4530196331146623
32.0	0.041885819554456694	0.5574635688197915	0.4529968220743914
32.4	0.04188581903993779	0.5570396888124449	0.4529767266341507
32.8	0.0418858187273271	0.5566378672583658	0.45295880367393604
33.2	0.04188581856805733	0.5562563156343137	0.4529441394337619
33.6	0.04188581851653521	0.5558938415914634	0.4529311045536062
34.0	0.04188581853399386	0.5555510413042271	0.45291969903347074
34.4	0.0418858185899931	0.5552255300749591	0.45290992287335285
34.8	0.04188581866237206	0.5549185002524792	0.4529017760732561
35.2	0.041885818736298756	0.5546281633135521	0.45289471551317106
35.6	0.04188581880289552	0.5543539230837657	0.4528887411931013
36.0	0.04188581885776873	0.5540951833887036	0.4528843962330482
36.4	0.04188581889964613	0.553851348053958	0.4528800512729969
36.8	0.04188581892922926	0.5536212247307013	0.45287679255295643
37.2	0.04188581894829994	0.5534048134189335	0.4528740769529245
37.6	0.041885818959075415	0.5532015179442444	0.4528724475929051
38.0	0.04188581896378148	0.5530101459578054	0.4528708182328858
38.4	0.04188581896440085	0.5528301012852053	0.45286973199287317
38.8	0.04188581896255263	0.5526607877520311	0.4528691888728664
39.2	0.041885818959462105	0.5525016091838735	0.4528686457528597
39.6	0.041885818955986844	0.55235316175514	0.4528686457528597
40.0	0.041885818952673064	0.5522130607681834	0.4528686457528597
40.4	0.041885818949823336	0.5520819023974157	0.4528691888728664
40.8	0.04188581894756354	0.551958494294011	0.45286973199287317
41.2	0.04188581894590182	0.5518440288067961	0.45287027511287903
41.6	0.041885818944776304	0.5517361212381182	0.4528713613528934
42.0	0.04188581894409092	0.5516347715879792	0.4528724475929051
42.4	0.04188581894374024	0.55153997985638	0.45287299071291187
42.8	0.04188581894362508	0.5514511498689041	0.4528740769529245
43.2	0.04188581894366099	0.5513682816255567	0.45287516319293797
43.6	0.04188581894378156	0.5512913751263326	0.45287624943295146
44.0	0.04188581894393838	0.5512186418479974	0.45287679255295643
44.4	0.041885818944099	0.5511506779649631	0.45287842191297667
44.8	0.04188581894424396	0.5510874834772297	0.45287950815299016
45.2	0.041885818944363565	0.5510278660359713	0.4528805943930019
45.6	0.041885818944454964	0.5509730179900139	0.4528811375130095
46.0	0.04188581894451962	0.5509211508161194	0.45288276687302886
46.4	0.04188581894456138	0.550872860688699	0.45288385311304147
46.8	0.04188581894458505	0.5508275514333443	0.4528843962330482
47.2	0.04188581894459545	0.5507858192244637	0.45288548247305993
47.6	0.04188581894459692	0.5507464717132331	0.4528865687130743
48.0	0.04188581894459297	0.5507101050740664	0.4528876549530869
48.4	0.041885818944586296	0.5506755269581358	0.45288819807309366
48.8	0.041885818944578754	0.5506439297142673	0.4528887411931013
49.2	0.041885818944571544	0.5506141209936395	0.452889827433113
49.6	0.04188581894456534	0.5505861007962496	0.4528909136731256
50.0	0.04188581894456041	0.550560465296507	0.4528919999131391
50.4	0.04188581894455678	0.5505360221455913	0.4528919999131391
50.8	0.041885818944554315	0.5505133675179135	0.4528930861531517
51.2	0.041885818944552816	0.5504925014134727	0.45289362927315935
51.6	0.041885818944552046	0.5504728276578579	0.4528941723931643
52.0	0.04188581894455179	0.550454346251068	0.45289471551317106
52.4	0.04188581894455186	0.550437653367517	0.45289580175318456
52.8	0.04188581894455212	0.5504215566583763	0.4528963448731913
53.2	0.04188581894455246	0.5504066522980615	0.4528963448731913
53.6	0.04188581894455281	0.5503929402865717	0.45289688799319716
54.0	0.04188581894455312	0.5503798244494948	0.4528974311132048
54.4	0.041885818944553385	0.5503679009612439	0.4528979742332089
54.8	0.041885818944553586	0.5503571698218179	0.4528985173532165
55.2	0.041885818944553725	0.5503464386823911	0.45289906047322326
55.6	0.041885818944553815	0.5503368998917892	0.45289960359323
56.0	0.04188581894455387	0.5503279572756004	0.45289960359323
56.4	0.04188581894455389	0.5503196108338235	0.45290014671323586
56.8	0.04188581894455389	0.5503118605664605	0.45290014671323586
57.2	0.041885818944553885	0.5503047064735087	0.4529006898332426
57.6	0.04188581894455387	0.5502975523805587	0.4529006898332426
58.0	0.04188581894455386	0.5502909944620198	0.45290123295324936
58.4	0.04188581894455384	0.5502856288923059	0.45290123295324936
58.8	0.04188581894455383	0.5502796671481818	0.4529017760732561
59.2	0.041885818944553815	0.5502743015784679	0.4529017760732561
59.6	0.04188581894455381	0.5502701283575799	0.45290231919326285
60.0	0.0418858189445538	0.5502653589622799	0.45290231919326285
60.4	0.0418858189445538	0.5502617819158049	0.4529028623132678
60.8	0.041885818944553795	0.550257608694916	0.4529028623132678
61.2	0.041885818944553795	0.5502540316484401	0.45290340543327545
61.6	0.041885818944553795	0.5502504546019651	0.4529028623132678
62.0	0.041885818944553795	0.5502480699043151	0.45290340543327545
62.4	0.0418858189445538	0.5502444928578392	0.45290340543327545
62.8	0.0418858189445538	0.5502421081601891	0.4529039485532813
63.2	0.0418858189445538	0.5502391272881262	0.4529039485532813
63.6	0.0418858189445538	0.5502373387648891	0.4529039485532813
64.0	0.0418858189445538	0.5502349540672382	0.4529039485532813
64.4	0.0418858189445538	0.5502331655440011	0.4529039485532813
64.8	0.0418858189445538	0.5502313770207623	0.4529039485532813
65.2	0.0418858189445538	0.5502295884975243	0.4529039485532813
65.6	0.0418858189445538	0.5502277999742882	0.4529039485532813
66.0	0.0418858189445538	0.5502266076254614	0.45290449167328806
66.4	0.0418858189445538	0.5502248191022243	0.45290449167328806
66.8	0.0418858189445538	0.5502236267534002	0.45290449167328806
67.2	0.0418858189445538	0.5502224344045734	0.45290449167328806
67.6	0.0418858189445538	0.5502212420557484	0.45290449167328806
68.0	0.0418858189445538	0.5502200497069234	0.4529050347932948
68.4	0.0418858189445538	0.5502194535325104	0.4529050347932948
68.8	0.0418858189445538	0.5502182611836863	0.4529050347932948
69.2	0.0418858189445538	0.5502176650092734	0.4529050347932948
69.6	0.0418858189445538	0.5502170688348604	0.4529050347932948
70.0	0.0418858189445538	0.5502158764860354	0.4529050347932948
70.4	0.0418858189445538	0.5502152803116225	0.4529050347932948
70.8	0.0418858189445538	0.5502146841372086	0.4529050347932948
71.2	0.0418858189445538	0.5502140879627984	0.4529050347932948
71.6	0.0418858189445538	0.5502134917883845	0.45290557791330155
72.0	0.0418858189445538	0.5502128956139725	0.45290557791330155
72.4	0.0418858189445538	0.5502128956139725	0.45290557791330155
72.8	0.0418858189445538	0.5502122994395595	0.45290557791330155
73.2	0.0418858189445538	0.5502117032651475	0.45290557791330155
73.6	0.0418858189445538	0.5502111070907345	0.45290557791330155
74.0	0.0418858189445538	0.5502105109163224	0.45290557791330155
74.4	0.0418858189445538	0.5502105109163224	0.45290557791330155
74.8	0.0418858189445538	0.5502105109163224	0.45290557791330155
75.2	0.0418858189445538	0.5502099147419095	0.45290557791330155
75.6	0.0418858189445538	0.5502099147419095	0.45290557791330155
76.0	0.0418858189445538	0.5502093185674957	0.45290557791330155
76.4	0.0418858189445538	0.5502093185674957	0.45290557791330155
76.8	0.0418858189445538	0.5502087223930854	0.4529061210333083
77.2	0.0418858189445538	0.5502087223930854	0.4529061210333083
77.6	0.0418858189445538	0.5502087223930854	0.4529061210333083
78.0	0.0418858189445538	0.5502081262186715	0.45290557791330155
78.4	0.0418858189445538	0.5502081262186715	0.4529061210333083
78.8	0.0418858189445538	0.5502081262186715	0.4529061210333083
79.2	0.0418858189445538	0.5502081262186715	0.45290557791330155
79.6	0.0418858189445538	0.5502081262186715	0.4529061210333083
80.0	0.0418858189445538	0.5502081262186715	0.4529061210333083
80.4	0.0418858189445538	0.5502075300442595	0.4529061210333083
80.8	0.0418858189445538	0.5502075300442595	0.4529061210333083
