Time	ABP	LCBFV	RCBFV
-78.0	0.06741172682284972	0.11482889864507007	0.10388842226053407
-77.6	0.15612652045881448	0.13803051391448928	0.12072059195560314
-77.2	0.2975677181095899	0.18213128908942666	0.1518375008309305
-76.8	0.4541929961230602	0.2810930404419594	0.22373696433148593
-76.4	0.6022759326594176	0.4732384900896651	0.36751124901078924
-76.0	0.728842978426972	0.696595195164647	0.536677128470934
-75.6	0.8286774149961178	0.8184670206537703	0.636672742566589
-75.2	0.9016965055123313	0.8367789438046067	0.6634852965772224
-74.8	0.9508399671791976	0.7921716240884868	0.6564597950281419
-74.4	0.9804938551142541	0.7161090440627911	0.6394268270078469
-74.0	0.9954043304929681	0.6392592811728393	0.622582214160182
-73.6	1.0	0.5814022128747784	0.6090160060464984
-73.2	0.9980295716085953	0.5479905523829007	0.5987238109658808
-72.8	0.9924249549652986	0.5337623856536138	0.5910395542793623
-72.4	0.9853119355764359	0.5307270434180325	0.5853503497257431
-72.0	0.9781062734164401	0.5324180692109155	0.5812521608207284
-71.6	0.9716492296567552	0.5349880795261854	0.5784558672539979
-71.2	0.9663511315561246	0.5368498433198199	0.5767184615748526
-70.8	0.9623236563673749	0.5378417809512612	0.5758086475350352
-70.4	0.9594907526201965	0.5384545188594498	0.5755065961053503
-70.0	0.9576746622991714	0.5392774629396997	0.5756154126947206
-69.6	0.9566577430203744	0.5407057310175056	0.5759713844523207
-69.2	0.9562231973496089	0.5428542387076765	0.5764488599352711
-68.8	0.9561788834733969	0.5456024009343312	0.5769587852083244
-68.4	0.9563685425469809	0.5486977086235609	0.5774438241761861
-68.0	0.9566743894794315	0.5518584331713159	0.5778717710321368
-67.6	0.9570143460368283	0.5548473294373442	0.5782289627066581
-67.2	0.9573364377578013	0.5575071789049892	0.578513935299446
-66.8	0.9576121506577112	0.5597666771984584	0.5787327883951052
-66.4	0.9578299177351507	0.561621463193851	0.5788952813290069
-66.0	0.957989407519589	0.5631149300739864	0.5790128813202089
-65.6	0.958096919831518	0.5643100960792466	0.5790960796542333
-65.2	0.9581619444793907	0.5652730322367416	0.5791543916830664
-64.8	0.9581947860024498	0.5660628317753393	0.5791953808916177
-64.4	0.9582050787931264	0.5667233239902507	0.5792249028811103
-64.0	0.9582009902739096	0.5672869992545446	0.5792475933358445
-63.6	0.958188916704134	0.5677730465133894	0.5792658920896616
-63.2	0.9581735020197326	0.568193240801318	0.5792819949930212
-62.8	0.9581578441679759	0.5685552140851589	0.5792968779794596
-62.4	0.958143788492917	0.5688635455450086	0.5793105410489776
-62.0	0.9581322395178903	0.5691225963047701	0.5793237161517255
-61.6	0.9581234487809865	0.5693373816569283	0.579336403287706
-61.2	0.9581172565393483	0.5695126988377766	0.5793483584735335
-60.8	0.9581132794628786	0.5696537811959961	0.5793593377258244
-60.4	0.9581110457117459	0.5697660801364655	0.5793693410445777
-60.0	0.9581100840793987	0.5698552651202551	0.5793781244464102
-59.6	0.9581099762417915	0.5699248250464866	0.5793859319147061
-59.2	0.9581103815302958	0.5699793390952581	0.5793927634494644
-58.8	0.9581110428175537	0.5700218600532994	0.5793988630340703
-58.4	0.9581117806622393	0.5700545684825622	0.5794039866851395
-58.0	0.9581124812152524	0.5700796449449972	0.5794083783860557
-57.6	0.9581130818120823	0.5700986158339694	0.5794122821202032
-57.2	0.9581135568127304	0.57011322559904	0.5794152099208141
-56.8	0.9581139051649005	0.5701236922964039	0.5794178937380408
-56.4	0.9581141403645693	0.5701311062070369	0.5794203335718833
-56.0	0.9581142829423992	0.570136775668109	0.579422285438957
-55.6	0.9581143552699152	0.5701404826234255	0.5794235053558783
-55.2	0.9581143783060494	0.5701428812415719	0.5794249692561841
-54.8	0.9581143698449829	0.5701437534663518	0.5794264331564891
-54.4	0.9581143438404887	0.5701444076349378	0.5794271651066425
-54.0	0.9581143104373315	0.5701446256911322	0.5794283850235629
-53.6	0.9581142764141715	0.570144189578742	0.5794291169737158
-53.2	0.9581142458186219	0.5701437534663518	0.5794298489238683
-52.8	0.9581142206443499	0.5701430992977667	0.579430336890637
-52.4	0.9581142014573277	0.5701420090167915	0.5794308248574054
-52.0	0.9581141879225274	0.5701413548482064	0.5794313128241737
-51.6	0.958114179213424	0.5701407006796209	0.5794318007909425
-51.2	0.958114174307155	0.5701400465110353	0.5794320447743266
-50.8	0.958114172179592	0.5701391742862549	0.5794322887577108
-50.4	0.9581141719200008	0.5701389562300601	0.579432532741095
-50.0	0.9581141727856862	0.570138302061475	0.5794327767244791
-49.6	0.958114174215348	0.5701380840052797	0.5794330207078637
-49.2	0.958114175816698	0.5701376478928895	0.5794330207078637
-48.8	0.9581141773403621	0.570137429836695	0.5794332646912483
-48.4	0.9581141786486354	0.570136775668109	0.5794332646912483
-48.0	0.9581141796846981	0.5701365576119142	0.5794335086746321
-47.6	0.9581141804455386	0.5701363395557189	0.5794335086746321
-47.2	0.9581141809600576	0.5701363395557189	0.5794335086746321
-46.8	0.9581141812726701	0.570136121499524	0.5794337526580162
-46.4	0.9581141814319384	0.570136121499524	0.5794337526580162
-46.0	0.9581141814834578	0.570136121499524	0.5794337526580162
-45.6	0.9581141814660036	0.5701363395557189	0.5794337526580162
-45.2	0.9581141814100037	0.570136121499524	0.5794337526580162
-44.8	0.9581141813376217	0.570136121499524	0.5794337526580162
-44.4	0.9581141812637005	0.570136121499524	0.5794337526580162
-44.0	0.9581141811970996	0.570136121499524	0.5794337526580162
-43.6	0.9581141811422268	0.570136121499524	0.5794337526580162
-43.2	0.9581141811003462	0.570136121499524	0.5794337526580162
-42.8	0.9581141810707701	0.5701363395557189	0.5794337526580162
-42.4	0.9581141810516962	0.5701363395557189	0.5794337526580162
-42.0	0.9581141810409202	0.5701363395557189	0.5794337526580162
-41.6	0.9581141810362146	0.570136121499524	0.5794337526580162
-41.2	0.9581141810355953	0.5701363395557189	0.5794337526580162
-40.8	0.9581141810374432	0.5701363395557189	0.5794337526580162
-40.4	0.9581141810405337	0.5701365576119142	0.5794337526580162
-40.0	0.9581141810440088	0.5701365576119142	0.5794339966414004
-39.6	0.9581141810473229	0.570136775668109	0.5794339966414004
-39.2	0.9581141810501724	0.5701365576119142	0.5794339966414004
-38.8	0.958114181052432	0.570136775668109	0.5794337526580162
-38.4	0.958114181054094	0.570136775668109	0.5794337526580162
-38.0	0.9581141810552191	0.570136775668109	0.5794337526580162
-37.6	0.958114181055909	0.570136775668109	0.5794337526580162
-37.2	0.958114181056257	0.570136775668109	0.5794337526580162
-36.8	0.9581141810563671	0.570136775668109	0.5794337526580162
-36.4	0.9581141810563303	0.570136775668109	0.5794337526580162
-36.0	0.9581141810562113	0.570136775668109	0.5794337526580162
-35.6	0.9581141810560556	0.570136775668109	0.5794339966414004
-35.2	0.9581141810558998	0.570136775668109	0.5794337526580162
-34.8	0.9581141810557531	0.570136775668109	0.5794337526580162
-34.4	0.9581141810556342	0.5701369937243044	0.5794337526580162
-34.0	0.9581141810555424	0.5701369937243044	0.5794337526580162
-33.6	0.9581141810554785	0.5701369937243044	0.5794337526580162
-33.2	0.9581141810554344	0.5701369937243044	0.5794337526580162
-32.8	0.9581141810554105	0.5701369937243044	0.5794337526580162
-32.4	0.9581141810554005	0.570137429836695	0.5794337526580162
-32.0	0.9581141810553986	0.5701369937243044	0.5794337526580162
-31.6	0.9581141810554022	0.5701369937243044	0.5794337526580162
-31.2	0.9581141810554096	0.570137429836695	0.5794337526580162
-30.8	0.9581141810554169	0.570137429836695	0.5794337526580162
-30.4	0.9581141810554241	0.570137429836695	0.5794337526580162
-30.0	0.9581141810554298	0.570137429836695	0.5794337526580162
-29.6	0.9581141810554351	0.570137429836695	0.5794337526580162
-29.2	0.9581141810554389	0.570137429836695	0.5794337526580162
-28.8	0.9581141810554417	0.570137429836695	0.5794337526580162
-28.4	0.9581141810554417	0.570137429836695	0.5794337526580162
-28.0	0.9581141810554417	0.570137429836695	0.5794337526580162
-27.6	0.9581141810554417	0.5701369937243044	0.5794337526580162
-27.2	0.9581141810554417	0.570137429836695	0.5794337526580162
-26.8	0.9581141810554417	0.570137429836695	0.5794337526580162
-26.4	0.9581141810554417	0.570137429836695	0.5794337526580162
-26.0	0.9581141810554417	0.570137429836695	0.5794337526580162
-25.6	0.9581141810554417	0.570137429836695	0.5794337526580162
-25.2	0.9581141810554417	0.570137429836695	0.5794337526580162
-24.8	0.9581141810554417	0.570137429836695	0.5794337526580162
-24.4	0.9581141810554417	0.570137429836695	0.5794337526580162
-24.0	0.9581141810554417	0.570137429836695	0.5794337526580162
-23.6	0.9581141810554417	0.570137429836695	0.5794337526580162
-23.2	0.9581141810554417	0.570137429836695	0.5794337526580162
-22.8	0.9581141810554417	0.570137429836695	0.5794337526580162
-22.4	0.9581141810554417	0.570137429836695	0.5794337526580162
-22.0	0.9581141810554417	0.570137429836695	0.5794337526580162
-21.6	0.9581141810554417	0.570137429836695	0.5794337526580162
-21.2	0.9581141810554417	0.570137429836695	0.5794337526580162
-20.8	0.9581141810554417	0.570137429836695	0.5794339966414004
-20.4	0.9581141810554417	0.570137429836695	0.5794337526580162
-20.0	0.9581141810554417	0.570137429836695	0.5794337526580162
-19.6	0.9581141810554417	0.570137429836695	0.5794337526580162
-19.2	0.9581141810554417	0.570137429836695	0.5794337526580162
-18.8	0.9581141810554417	0.570137429836695	0.5794337526580162
-18.4	0.9581141810554417	0.570137429836695	0.5794339966414004
-18.0	0.9581141810554417	0.570137429836695	0.5794337526580162
-17.6	0.9581141810554417	0.570137429836695	0.5794337526580162
-17.2	0.9581141810554417	0.570137429836695	0.5794337526580162
-16.8	0.9581141810554417	0.570137429836695	0.5794337526580162
-16.4	0.9581141810554417	0.570137429836695	0.5794339966414004
-16.0	0.9581141810554417	0.570137429836695	0.5794337526580162
-15.6	0.9581141810554417	0.570137429836695	0.5794337526580162
-15.2	0.9581141810554417	0.570137429836695	0.5794337526580162
-14.8	0.9581141810554417	0.570137429836695	0.5794337526580162
-14.4	0.9581141810554417	0.570137429836695	0.5794337526580162
-14.0	0.9581141810554417	0.5701376478928895	0.5794339966414004
-13.6	0.9581141810554417	0.570137429836695	0.5794337526580162
-13.2	0.9581141810554417	0.570137429836695	0.5794337526580162
-12.8	0.9581141810554417	0.570137429836695	0.5794337526580162
-12.4	0.9581141810554417	0.570137429836695	0.5794339966414004
-12.0	0.9581141810554417	0.570137429836695	0.5794337526580162
-11.6	0.9581141810554417	0.570137429836695	0.5794337526580162
-11.2	0.9581141810554417	0.570137429836695	0.5794337526580162
-10.8	0.9581141810554417	0.570137429836695	0.5794337526580162
-10.4	0.9581141810554417	0.570137429836695	0.5794337526580162
-10.0	0.9581141810554417	0.570137429836695	0.5794337526580162
-9.6	0.9581141810554417	0.570137429836695	0.5794337526580162
-9.2	0.9581141810554417	0.570137429836695	0.5794337526580162
-8.8	0.9581141810554417	0.570137429836695	0.5794337526580162
-8.4	0.9581141810554417	0.570137429836695	0.5794337526580162
-8.0	0.9581141810554417	0.570137429836695	0.5794337526580162
-7.6	0.9581141810554417	0.570137429836695	0.5794339966414004
-7.2	0.9581141810554417	0.570137429836695	0.5794337526580162
-6.8	0.9581141810554417	0.570137429836695	0.5794337526580162
-6.4	0.9581141810554417	0.570137429836695	0.5794337526580162
-6.0	0.9581141810554417	0.5701376478928895	0.5794337526580162
-5.6	0.9581141810554417	0.570137429836695	0.5794337526580162
-5.2	0.9581141810554417	0.570137429836695	0.5794337526580162
-4.8	0.9581141810554417	0.570137429836695	0.5794337526580162
-4.4	0.9581141810554417	0.570137429836695	0.5794337526580162
-4.0	0.9581141810554417	0.570137429836695	0.5794337526580162
-3.6	0.9581141810554417	0.570137429836695	0.5794337526580162
-3.2	0.9581141810554417	0.570137429836695	0.5794337526580162
-2.8	0.9581141810554417	0.570137429836695	0.5794337526580162
-2.4	0.9581141810554417	0.570137429836695	0.5794337526580162
-2.0	0.9581141810554417	0.570137429836695	0.5794337526580162
-1.6	0.9581141810554417	0.570137429836695	0.5794337526580162
-1.2	0.9581141810554417	0.570137429836695	0.5794337526580162
-0.8	0.9581141810554417	0.570137429836695	0.5794337526580162
-0.4	0.9581141810554417	0.570137429836695	0.5794337526580162
0.0	0.9581141810554417	0.570137429836695	0.5794337526580162
0.4	0.9581141810554417	0.570137429836695	0.5794337526580162
0.8	0.9581141810554417	0.5701376478928895	0.5794337526580162
1.2	0.9581141810554417	0.570137429836695	0.5794337526580162
1.6	0.9325882731771457	0.5554833993584065	0.5656494233988258
2.0	0.843873479541181	0.4972368826959239	0.5132081227578733
2.4	0.7024322818904056	0.38533654895183655	0.41633744784751414
2.8	0.5458070038769351	0.2454907874142589	0.2967143464235966
3.2	0.39772406734057786	0.12389676551767348	0.18771501349947428
3.6	0.2711570215730236	0.058005416711711	0.11701668019951361
4.0	0.17132258500387848	0.05664758078491827	0.09369626036745249
4.4	0.0983034944876641	0.10715462891525362	0.10943709238483335
4.8	0.04916003282079817	0.18821178608936817	0.14705298666605948
5.2	0.01950614488574446	0.2766647552321757	0.18992745482772788
5.6	0.004595669507025765	0.35483920950726855	0.2272781391702896
6.0	0.0	0.41505869862287836	0.25489705826582343
6.4	0.001970428391404537	0.4572948752736452	0.27299184197431403
6.8	0.007575045034696991	0.48470584733298283	0.28374321378406586
7.2	0.014688064423555941	0.5008908503569613	0.2896007668728071
7.6	0.02189372658355987	0.5089142280551084	0.2924978255772275
8.0	0.028350770343242414	0.5111750346857482	0.29369285619321595
8.4	0.03364886844387128	0.5095204242774445	0.2939229325245507
8.8	0.03767634363262206	0.5053773565708322	0.29361404956010784
9.2	0.04050924737979743	0.49983916532806694	0.2930304413050151
9.6	0.04232533770082475	0.49371898210062026	0.2923453359620791
10.0	0.04334225697962158	0.4875892044005896	0.2916636463865241
10.4	0.0437768026503866	0.481821181928205	0.2910344132385787
10.8	0.04382111652659886	0.4766227222373818	0.2904617842357764
11.2	0.0436314574530143	0.4720773408508383	0.28992233697323
11.6	0.04332561052056362	0.4681798044198908	0.28938166979376323
12.0	0.042985653963167406	0.46486556831079673	0.28880586900696503
12.4	0.042663562242194204	0.4620365072357657	0.2881700483076459
12.8	0.0423878493422843	0.4595816305915008	0.2874593247093662
13.2	0.0421700822648452	0.4573914741680678	0.2866700384613625
13.6	0.04201059248040673	0.4553709654644118	0.2858056053310136
14.0	0.04190308016847743	0.4534450931494223	0.28487676058722666
14.4	0.04183805552060373	0.45156217790486464	0.28389521543244456
14.8	0.04180521399754266	0.44969343631298697	0.28287536488633735
15.2	0.04179492120687013	0.44782840167642624	0.2818301400682697
15.6	0.04179900972608181	0.44596969066952274	0.2807719841308369
16.0	0.041811083295859995	0.4441295144392017	0.27971187632633177
16.4	0.041826497980267635	0.44232335497531405	0.2786593320067361
16.8	0.04184215583202051	0.4405671303801002	0.2776221586403489
17.2	0.0418562115070811	0.4388750143062423	0.2766071877619263
17.6	0.04186776048210639	0.43725790956349275	0.27561978700592205
18.0	0.04187655121900773	0.43572388423107045	0.2746645920566375
18.4	0.04188274346064996	0.43427751748907273	0.27374550664822017
18.8	0.04188672053711745	0.43292120795564504	0.27286545858128
19.2	0.041888954288249444	0.43165430146220185	0.27202664370627616
19.6	0.04188991592059674	0.4304752716153786	0.27123125787366575
20.0	0.04189002375820357	0.4293815017408322	0.27048003303360346
20.4	0.04188961846969933	0.42836863071466347	0.26977345715285583
20.8	0.041888957182442156	0.42743316963774936	0.269111530231422
21.2	0.041888219337756126	0.42657032127379857	0.2684937643025367
21.6	0.04188751878474316	0.4257755064427142	0.26791918343266063
22.0	0.041886918187912965	0.42504436402059476	0.26738656770487346
22.4	0.041886443187265275	0.42437253288353816	0.2668942092354838
22.8	0.04188609483509504	0.4237556519076433	0.2664404001408047
23.2	0.04188585963542684	0.42318979608139795	0.266022944570377
23.6	0.04188571705760046	0.4226706042809014	0.26563940269035813
24.0	0.0418856447300795	0.4221950237194205	0.2652883106004418
24.4	0.04188562169394452	0.42175912938544613	0.2649669844834026
24.8	0.041885630155010865	0.421360522660831	0.26467298450539767
25.2	0.04188565615950581	0.4209952785340638	0.26440460278273825
25.6	0.041885689562664655	0.420661216443194	0.2641596434649651
26.0	0.041885723585826894	0.42035571971387986	0.2639359107016208
26.4	0.04188575418137185	0.42007617167178113	0.26373194059239946
26.8	0.04188577935564246	0.419820827867337	0.2635460252536115
27.2	0.04188579854266422	0.4195872896824011	0.26337621281818313
27.6	0.04188581207746908	0.4193738126674127	0.2632212833691936
28.0	0.04188582078657159	0.41917887042900714	0.26307952902295195
28.4	0.04188582569284101	0.41900071851762277	0.26295046181269077
28.8	0.04188582782040343	0.4188380485960894	0.2628321298713363
29.2	0.04188582807999494	0.41868933427104205	0.2627238012487356
29.6	0.04188582721430925	0.4185537033176985	0.26262498797811995
30.0	0.04188582578464762	0.4184296293426959	0.2625342261591843
30.4	0.041885824183297664	0.41831645817744656	0.2624510278251595
30.8	0.04188582265963342	0.4182130995409761	0.2623749050092776
31.2	0.04188582135136015	0.41811889926469936	0.26230439381123327
31.6	0.0418858203152968	0.41803276706764114	0.26224022618117937
32.0	0.041885819554456694	0.41795404878121545	0.26218093821881006
32.4	0.04188581903993779	0.41788230829303297	0.26212628594074117
32.8	0.0418858187273271	0.41781667337831196	0.26207602536358854
33.2	0.04188581856805733	0.41775692598085845	0.262029912503968
33.6	0.04188581851653521	0.41770219387589247	0.2619872154117262
34.0	0.04188581853399386	0.41765247706341313	0.26194793408686445
34.4	0.0418858185899931	0.41760712137483535	0.2619113365792294
34.8	0.04188581866237206	0.41756547264157406	0.26187766687220426
35.2	0.041885818736298756	0.4175277489198246	0.2618466809824058
35.6	0.04188581880289552	0.4174930779848056	0.2618181349264508
36.0	0.04188581885776873	0.4174614598365185	0.26179154073756905
36.4	0.04188581889964613	0.41743289447496235	0.2617671423991452
36.8	0.04188581892922926	0.4174062916191623	0.2617444519444114
37.2	0.04188581894829994	0.41738252349389793	0.26172346937336766
37.6	0.041885818959075415	0.4173607178743892	0.26170395070262886
38.0	0.04188581896378148	0.41734065670444176	0.2616861399155792
38.4	0.04188581896440085	0.41732255804024954	0.2616693050620671
38.8	0.04188581896255263	0.4173057677132279	0.26165393410885995
39.2	0.041885818959462105	0.4172905037795722	0.2616395390891899
39.6	0.041885818955986844	0.417276766239282	0.26162612000305696
40.0	0.041885818952673064	0.4172641189799666	0.26161392083384527
40.4	0.041885818949823336	0.41725234394543254	0.26160269759817023
40.8	0.04188581894756354	0.4172418772480677	0.26159196232926396
41.2	0.04188581894590182	0.41723228277548463	0.26158220299389434
41.6	0.041885818944776304	0.41722356052768106	0.2615729316252935
42.0	0.04188581894409092	0.41721549244846257	0.26156439220684513
42.4	0.04188581894374024	0.41720807853783004	0.26155682872193387
42.8	0.04188581894362508	0.4172015368519779	0.26154950922040676
43.2	0.04188581894366099	0.4171954312785151	0.26154267768564843
43.6	0.04188581894378156	0.4171899798736378	0.2615365781010426
44.0	0.04188581894393838	0.41718474652495585	0.26153072249982046
44.4	0.041885818944099	0.41718016734485897	0.26152535486536754
44.8	0.04188581894424396	0.4171758062209574	0.26152023121429835
45.2	0.041885818944363565	0.41717209926564136	0.2615158395133821
45.6	0.041885818944454964	0.41716839231032443	0.26151144781246627
46.0	0.04188581894451962	0.41716533952359347	0.2615075440783188
46.4	0.04188581894456138	0.4171625047930574	0.26150388432755456
46.8	0.04188581894458505	0.41715967006252086	0.26150022457679123
47.2	0.04188581894459545	0.4171572714443754	0.2614972967761804
47.6	0.04188581894459692	0.4171550908824244	0.26149436897556955
48.0	0.04188581894459297	0.4171529103204734	0.26149144117495826
48.4	0.041885818944586296	0.41715094781471773	0.2614890013411162
48.8	0.041885818944578754	0.41714942142135225	0.2614868054906583
49.2	0.041885818944571544	0.41714789502798677	0.2614846096401999
49.6	0.04188581894456534	0.41714658669081617	0.261482413789742
50.0	0.04188581894456041	0.4171450602974507	0.26148046192266783
50.4	0.04188581894455678	0.41714397001647496	0.26147875403897824
50.8	0.041885818944554315	0.4171428797354997	0.2614772901386728
51.2	0.041885818944552816	0.4171420075107193	0.26147582623836785
51.6	0.041885818944552046	0.41714113528593844	0.261474362338062
52.0	0.04188581894455179	0.4171400450049636	0.26147289843775656
52.4	0.04188581894455186	0.4171393908363781	0.261471922504219
52.8	0.04188581894455212	0.4171389547239879	0.26147070258729865
53.2	0.04188581894455246	0.4171380824992079	0.2614694826703774
53.6	0.04188581894455281	0.4171376463868177	0.26146875072022446
54.0	0.04188581894455312	0.4171369922182322	0.2614677747866878
54.4	0.041885818944553385	0.41713677416203776	0.2614670428365349
54.8	0.041885818944553586	0.4171363380496471	0.26146631088638284
55.2	0.041885818944553725	0.41713568388106204	0.26146557893622946
55.6	0.041885818944553815	0.4171352477686723	0.26146484698607697
56.0	0.04188581894455387	0.4171350297124765	0.2614643590193082
56.4	0.04188581894455389	0.41713481165628163	0.2614636270691557
56.8	0.04188581894455389	0.4171345936000863	0.2614631391023874
57.2	0.041885818944553885	0.41713437554389143	0.2614626511356186
57.6	0.04188581894455387	0.4171341574876961	0.2614621631688503
58.0	0.04188581894455386	0.41713393943150123	0.26146167520208197
58.4	0.04188581894455384	0.41713372137530635	0.26146143121869736
58.8	0.04188581894455383	0.41713350331911103	0.26146094325192903
59.2	0.041885818944553815	0.41713350331911103	0.2614606992685453
59.6	0.04188581894455381	0.41713306720672083	0.2614604552851607
60.0	0.0418858189445538	0.4171328491505255	0.2614602113017761
60.4	0.0418858189445538	0.4171328491505255	0.2614597233350078
60.8	0.041885818944553795	0.41713263109433063	0.2614594793516236
61.2	0.041885818944553795	0.41713263109433063	0.26145923536823945
61.6	0.041885818944553795	0.41713263109433063	0.26145899138485484
62.0	0.041885818944553795	0.41713241303813575	0.26145899138485484
62.4	0.0418858189445538	0.41713241303813575	0.2614587474014711
62.8	0.0418858189445538	0.41713241303813575	0.26145850341808696
63.2	0.0418858189445538	0.41713241303813575	0.26145825943470236
63.6	0.0418858189445538	0.4171321949819409	0.26145825943470236
64.0	0.0418858189445538	0.4171321949819409	0.2614580154513182
64.4	0.0418858189445538	0.4171321949819409	0.2614580154513182
64.8	0.0418858189445538	0.41713197692574555	0.26145777146793403
65.2	0.0418858189445538	0.41713197692574555	0.26145777146793403
65.6	0.0418858189445538	0.41713197692574555	0.26145777146793403
66.0	0.0418858189445538	0.41713197692574555	0.26145752748454987
66.4	0.0418858189445538	0.41713197692574555	0.2614572835011657
66.8	0.0418858189445538	0.41713197692574555	0.2614572835011657
67.2	0.0418858189445538	0.41713197692574555	0.2614572835011657
67.6	0.0418858189445538	0.41713197692574555	0.2614572835011657
68.0	0.0418858189445538	0.4171317588695498	0.2614570395177811
68.4	0.0418858189445538	0.4171317588695498	0.2614570395177811
68.8	0.0418858189445538	0.4171317588695498	0.2614570395177811
69.2	0.0418858189445538	0.4171317588695498	0.2614570395177811
69.6	0.0418858189445538	0.4171317588695498	0.2614570395177811
70.0	0.0418858189445538	0.4171317588695498	0.2614570395177811
70.4	0.0418858189445538	0.4171317588695498	0.2614570395177811
70.8	0.0418858189445538	0.4171317588695498	0.2614567955343974
71.2	0.0418858189445538	0.4171317588695498	0.2614570395177811
71.6	0.0418858189445538	0.4171317588695498	0.2614567955343974
72.0	0.0418858189445538	0.4171317588695498	0.2614567955343974
72.4	0.0418858189445538	0.4171317588695498	0.2614567955343974
72.8	0.0418858189445538	0.4171317588695498	0.2614567955343974
73.2	0.0418858189445538	0.41713154081335535	0.2614567955343974
73.6	0.0418858189445538	0.41713154081335535	0.2614567955343974
74.0	0.0418858189445538	0.41713154081335535	0.2614567955343974
74.4	0.0418858189445538	0.41713154081335535	0.2614567955343974
74.8	0.0418858189445538	0.41713154081335535	0.2614567955343974
75.2	0.0418858189445538	0.41713154081335535	0.2614567955343974
75.6	0.0418858189445538	0.41713154081335535	0.2614565515510128
76.0	0.0418858189445538	0.41713154081335535	0.2614565515510128
76.4	0.0418858189445538	0.41713154081335535	0.2614565515510128
76.8	0.0418858189445538	0.41713154081335535	0.2614565515510128
77.2	0.0418858189445538	0.41713154081335535	0.2614565515510128
77.6	0.0418858189445538	0.41713154081335535	0.2614565515510128
78.0	0.0418858189445538	0.41713154081335535	0.2614565515510128
78.4	0.0418858189445538	0.41713154081335535	0.2614565515510128
78.8	0.0418858189445538	0.41713154081335535	0.2614565515510128
79.2	0.0418858189445538	0.41713154081335535	0.2614565515510128
79.6	0.0418858189445538	0.41713154081335535	0.2614565515510128
80.0	0.0418858189445538	0.41713154081335535	0.2614565515510128
80.4	0.0418858189445538	0.41713154081335535	0.2614565515510128
80.8	0.0418858189445538	0.41713154081335535	0.2614565515510128
