Time	ABP	LCBFV	RCBFV
-78.0	0.06741172682284972	0.06368355302762652	0.17875985367362768
-77.6	0.15612652045881448	0.0746289018948243	0.2190949644580935
-77.2	0.2975677181095899	0.0923199648838251	0.27278461991070735
-76.8	0.4541929961230602	0.13092083288619794	0.36041623603337003
-76.4	0.6022759326594176	0.23187784648242005	0.5115353222932604
-76.0	0.728842978426972	0.46756286126640667	0.7166552378621098
-75.6	0.8286774149961178	0.6907048208412045	0.8627747334691787
-75.2	0.9016965055123313	0.615582223930172	0.8926166904579373
-74.8	0.9508399671791976	0.3926898176025966	0.8584698416520231
-74.4	0.9804938551142541	0.31059457571322246	0.8287383321740043
-74.0	0.9954043304929681	0.26430244835346617	0.8101197631026835
-73.6	1.0	0.22953572209701534	0.7939662544159898
-73.2	0.9980295716085953	0.2142832821286773	0.7810512588268148
-72.8	0.9924249549652986	0.2096601845076833	0.7723108590058922
-72.4	0.9853119355764359	0.20903948266331707	0.7664270479917272
-72.0	0.9781062734164401	0.2099638194076321	0.761730307614731
-71.6	0.9716492296567552	0.21158096686661576	0.7572122040811919
-71.2	0.9663511315561246	0.21342186390844908	0.7526179077721284
-70.8	0.9623236563673749	0.215192065979398	0.7481395013149132
-70.4	0.9594907526201965	0.21674099279147807	0.7440881585658925
-70.0	0.9576746622991714	0.2180085536194376	0.7407065439109806
-69.6	0.9566577430203744	0.21898626506677088	0.7381044645854926
-69.2	0.9562231973496089	0.21969568909959714	0.7362710359072118
-68.8	0.9561788834733969	0.22017288015306802	0.7351127776641491
-68.4	0.9563685425469809	0.2204599017348592	0.7344913903645969
-68.0	0.9566743894794315	0.22059704997837493	0.7342567294214879
-67.6	0.9570143460368283	0.22062179321818443	0.7342666536905682
-67.2	0.9573364377578013	0.22056700461574907	0.7343988705657445
-66.8	0.9576121506577112	0.22045778088573265	0.7345586192841767
-66.4	0.9578299177351507	0.22031568399425439	0.7346793112017096
-66.0	0.957989407519589	0.2201559133600557	0.7347206089665947
-65.6	0.958096919831518	0.2199908406030402	0.7346636244538072
-65.2	0.9581619444793907	0.21982788869515124	0.7345061166993618
-64.8	0.9581947860024498	0.2196720062843509	0.7342580099723373
-64.4	0.9582050787931264	0.21952602116947428	0.7339362715714861
-64.0	0.9582009902739096	0.2193927611493569	0.7335610701726836
-63.6	0.958188916704134	0.2192711657994355	0.7331519341763775
-63.2	0.9581735020197326	0.21916229554427336	0.7327274315698817
-62.8	0.9581578441679759	0.2190647364844529	0.7323042095142362
-62.4	0.958143788492917	0.21897742819541044	0.7318941131047927
-62.0	0.9581322395178903	0.21890001720229169	0.7315057860597856
-61.6	0.9581234487809865	0.2188317965553881	0.7311449908580361
-61.2	0.9581172565393483	0.2187713523552821	0.7308152490143778
-60.8	0.9581132794628786	0.2187179776522643	0.7305168806665243
-60.4	0.9581110457117459	0.2186706120217714	0.7302502059521876
-60.0	0.9581100840793987	0.21862925546380385	0.7300133040450936
-59.6	0.9581099762417915	0.21859284755379838	0.7298036138435435
-59.2	0.9581103815302958	0.21856103481690026	0.7296185742458405
-58.8	0.9581110428175537	0.21853346377825567	0.7294559442879978
-58.4	0.9581117806622393	0.21850942748815472	0.7293125225928918
-58.0	0.9581124812152524	0.21848857247174358	0.7291863883342495
-57.6	0.9581130818120823	0.2184708987290227	0.7290759408235106
-57.2	0.9581135568127304	0.21845569931028264	0.7289786189589744
-56.8	0.9581139051649005	0.2184429742155234	0.7288928220520816
-56.4	0.9581141403645693	0.21843236996989068	0.7288169494142682
-56.0	0.9581142829423992	0.21842388657338452	0.7287503607701122
-55.6	0.9581143552699152	0.21841646360144162	0.7286911352933387
-55.2	0.9581143783060494	0.21841151495347955	0.7286395931216605
-54.8	0.9581143698449829	0.2184069197803722	0.7285934932910907
-54.4	0.9581143438404887	0.2184033850318281	0.7285531559393421
-54.0	0.9581143104373315	0.21840126418270156	0.7285179407909901
-53.6	0.9581142764141715	0.21839985028328357	0.728486887432898
-53.2	0.9581142458186219	0.21839914333357502	0.7284603160027769
-52.8	0.9581142206443499	0.21839914333357502	0.7284363056743564
-52.4	0.9581142014573277	0.2183994968084293	0.7284164571361949
-52.0	0.9581141879225274	0.2184002037581383	0.7283988495620193
-51.6	0.958114179213424	0.21840161765755584	0.7283834829518288
-51.2	0.958114174307155	0.2184033850318281	0.728370677443337
-50.8	0.958114172179592	0.21840515240609992	0.7283597927611192
-50.4	0.9581141719200008	0.2184069197803722	0.7283505087674627
-50.0	0.9581141727856862	0.21840904062949873	0.7283431456000802
-49.6	0.958114174215348	0.21841151495347955	0.7283364227081215
-49.2	0.958114175816698	0.2184139892774608	0.7283316206424377
-48.8	0.9581141773403621	0.21841646360144162	0.7283271387144659
-48.4	0.9581141786486354	0.21841929140027716	0.7283242574750552
-48.0	0.9581141796846981	0.21842176572425798	0.7283220165110693
-47.6	0.9581141804455386	0.2184242400482388	0.72832073596022
-47.2	0.9581141809600576	0.2184267143722196	0.7283191352716587
-46.8	0.9581141812726701	0.21842918869620087	0.7283191352716587
-46.4	0.9581141814319384	0.21843201649503596	0.7283191352716587
-46.0	0.9581141814834578	0.2184341373441625	0.7283191352716587
-45.6	0.9581141814660036	0.21843696514299804	0.7283200956847953
-45.2	0.9581141814100037	0.21843908599212458	0.7283210560979319
-44.8	0.9581141813376217	0.21844120684125112	0.7283223366487812
-44.4	0.9581141812637005	0.21844368116523194	0.7283239373373425
-44.0	0.9581141811970996	0.21844580201435848	0.7283258581636165
-43.6	0.9581141811422268	0.21844792286348502	0.7283271387144659
-43.2	0.9581141811003462	0.2184496902377573	0.728329059540739
-42.8	0.9581141810707701	0.21845145761202955	0.728330980367013
-42.4	0.9581141810516962	0.2184535784611561	0.7283335414687109
-42.0	0.9581141810409202	0.21845534583542792	0.7283354622949849
-41.6	0.9581141810362146	0.2184567597348459	0.7283377032589708
-41.2	0.9581141810355953	0.21845888058397245	0.7283402643606696
-40.8	0.9581141810374432	0.21846029448339	0.7283421851869427
-40.4	0.9581141810405337	0.21846206185766226	0.7283444261509295
-40.0	0.9581141810440088	0.2184634757570798	0.7283463469772027
-39.6	0.9581141810473229	0.21846488965649735	0.7283485879411886
-39.2	0.9581141810501724	0.21846630355591534	0.7283511490428873
-38.8	0.958114181052432	0.2184670105056239	0.7283530698691605
-38.4	0.958114181054094	0.21846842440504188	0.7283553108331473
-38.0	0.9581141810552191	0.21846983830445943	0.7283572316594213
-37.6	0.958114181055909	0.21847054525416842	0.7283591524856945
-37.2	0.958114181056257	0.21847195915358597	0.7283610733119685
-36.8	0.9581141810563671	0.21847301957814924	0.7283629941382426
-36.4	0.9581141810563303	0.21847372652785824	0.7283649149645157
-36.0	0.9581141810562113	0.2184744334775668	0.7283668357907898
-35.6	0.9581141810560556	0.21847549390213006	0.7283687566170629
-35.2	0.9581141810558998	0.21847655432669333	0.7283700371679123
-34.8	0.9581141810557531	0.21847726127640232	0.7283719579941863
-34.4	0.9581141810556342	0.2184776147512566	0.7283735586827476
-34.0	0.9581141810555424	0.2184783217009656	0.7283754795090216
-33.6	0.9581141810554785	0.2184790286506746	0.7283767600598701
-33.2	0.9581141810554344	0.21847938212552886	0.7283783607484313
-32.8	0.9581141810554105	0.21848044255009214	0.7283796412992807
-32.4	0.9581141810554005	0.2184807960249464	0.7283812419878428
-32.0	0.9581141810553986	0.21848114949980113	0.7283825225386913
-31.6	0.9581141810554022	0.2184815029746554	0.7283841232272534
-31.2	0.9581141810554096	0.21848256339921868	0.7283854037781019
-30.8	0.9581141810554169	0.21848256339921868	0.7283863641912394
-30.4	0.9581141810554241	0.21848327034892767	0.7283879648798006
-30.0	0.9581141810554298	0.21848362382378195	0.7283889252929372
-29.6	0.9581141810554351	0.21848397729863622	0.7283898857060738
-29.2	0.9581141810554389	0.2184843307734905	0.7283911662569231
-28.8	0.9581141810554417	0.21848468424834522	0.7283921266700606
-28.4	0.9581141810554417	0.2184850377231995	0.7283930870831963
-28.0	0.9581141810554417	0.21848539119805377	0.7283940474963337
-27.6	0.9581141810554417	0.2184857446729085	0.7283950079094712
-27.2	0.9581141810554417	0.21848609814776276	0.7283959683226087
-26.8	0.9581141810554417	0.21848609814776276	0.7283969287357444
-26.4	0.9581141810554417	0.21848609814776276	0.7283978891488818
-26.0	0.9581141810554417	0.21848680509747176	0.7283988495620193
-25.6	0.9581141810554417	0.21848680509747176	0.7283991696997303
-25.2	0.9581141810554417	0.21848680509747176	0.7284001301128677
-24.8	0.9581141810554417	0.21848715857232603	0.7284010905260052
-24.4	0.9581141810554417	0.2184875120471803	0.728401730801429
-24.0	0.9581141810554417	0.2184875120471803	0.7284026912145656
-23.6	0.9581141810554417	0.21848786552203503	0.7284030113522784
-23.2	0.9581141810554417	0.2184875120471803	0.728403651627703
-22.8	0.9581141810554417	0.21848786552203503	0.7284046120408396
-22.4	0.9581141810554417	0.2184882189968893	0.7284049321785515
-22.0	0.9581141810554417	0.2184882189968893	0.728405892591689
-21.6	0.9581141810554417	0.2184882189968893	0.7284065328671137
-21.2	0.9581141810554417	0.21848857247174358	0.7284068530048247
-20.8	0.9581141810554417	0.21848857247174358	0.7284074932802502
-20.4	0.9581141810554417	0.21848857247174358	0.7284078134179621
-20.0	0.9581141810554417	0.2184889259465983	0.7284084536933868
-19.6	0.9581141810554417	0.2184889259465983	0.7284087738310996
-19.2	0.9581141810554417	0.2184889259465983	0.7284094141065243
-18.8	0.9581141810554417	0.2184889259465983	0.7284097342442362
-18.4	0.9581141810554417	0.2184889259465983	0.7284103745196608
-18.0	0.9581141810554417	0.2184889259465983	0.7284106946573736
-17.6	0.9581141810554417	0.21848927942145258	0.7284113349327983
-17.2	0.9581141810554417	0.21848927942145258	0.7284116550705102
-16.8	0.9581141810554417	0.21848927942145258	0.7284122953459349
-16.4	0.9581141810554417	0.21848927942145258	0.7284126154836468
-16.0	0.9581141810554417	0.21848963289630685	0.7284126154836468
-15.6	0.9581141810554417	0.21848963289630685	0.7284129356213587
-15.2	0.9581141810554417	0.21848927942145258	0.7284135758967842
-14.8	0.9581141810554417	0.21848963289630685	0.7284135758967842
-14.4	0.9581141810554417	0.21848963289630685	0.7284138960344961
-14.0	0.9581141810554417	0.21848963289630685	0.7284145363099208
-13.6	0.9581141810554417	0.21848963289630685	0.7284148564476327
-13.2	0.9581141810554417	0.21848963289630685	0.7284148564476327
-12.8	0.9581141810554417	0.21848963289630685	0.7284154967230574
-12.4	0.9581141810554417	0.21848963289630685	0.7284158168607693
-12.0	0.9581141810554417	0.21848963289630685	0.7284158168607693
-11.6	0.9581141810554417	0.21848963289630685	0.7284158168607693
-11.2	0.9581141810554417	0.21848998637116157	0.7284164571361949
-10.8	0.9581141810554417	0.21848998637116157	0.7284167772739067
-10.4	0.9581141810554417	0.21848998637116157	0.7284167772739067
-10.0	0.9581141810554417	0.21848998637116157	0.7284167772739067
-9.6	0.9581141810554417	0.21848998637116157	0.7284174175493314
-9.2	0.9581141810554417	0.21848998637116157	0.7284177376870433
-8.8	0.9581141810554417	0.21848998637116157	0.7284177376870433
-8.4	0.9581141810554417	0.21848998637116157	0.7284177376870433
-8.0	0.9581141810554417	0.21848998637116157	0.728418377962468
-7.6	0.9581141810554417	0.21848998637116157	0.728418377962468
-7.2	0.9581141810554417	0.21848998637116157	0.7284186981001799
-6.8	0.9581141810554417	0.21848998637116157	0.7284186981001799
-6.4	0.9581141810554417	0.21848998637116157	0.7284193383756046
-6.0	0.9581141810554417	0.21848998637116157	0.7284193383756046
-5.6	0.9581141810554417	0.21849033984601585	0.7284193383756046
-5.2	0.9581141810554417	0.21848998637116157	0.7284193383756046
-4.8	0.9581141810554417	0.21848998637116157	0.7284196585133174
-4.4	0.9581141810554417	0.21849033984601585	0.7284196585133174
-4.0	0.9581141810554417	0.21848998637116157	0.7284196585133174
-3.6	0.9581141810554417	0.21849033984601585	0.7284196585133174
-3.2	0.9581141810554417	0.21849033984601585	0.728420298788742
-2.8	0.9581141810554417	0.21849033984601585	0.728420298788742
-2.4	0.9581141810554417	0.21848998637116157	0.7284206189264539
-2.0	0.9581141810554417	0.21849033984601585	0.7284206189264539
-1.6	0.9581141810554417	0.21849033984601585	0.7284206189264539
-1.2	0.9581141810554417	0.21849033984601585	0.7284206189264539
-0.8	0.9581141810554417	0.21849033984601585	0.7284212592018786
-0.4	0.9581141810554417	0.21849033984601585	0.7284212592018786
0.0	0.9581141810554417	0.21849033984601585	0.7284212592018786
0.4	0.9581141810554417	0.21849033984601585	0.7284212592018786
0.8	0.9581141810554417	0.21849033984601585	0.7284215793395914
1.2	0.9581141810554417	0.21849033984601585	0.7284215793395914
1.6	0.9325882731771457	0.21313519580151263	0.7236560093544524
2.0	0.843873479541181	0.19537273089191887	0.7016817567829143
2.4	0.7024322818904056	0.16934460998650547	0.6474408241897383
2.8	0.5458070038769351	0.1449668631763914	0.5469636823614681
3.2	0.39772406734057786	0.12804672884488655	0.40132279263427284
3.6	0.2711570215730236	0.12106277267120413	0.258681593271227
4.0	0.17132258500387848	0.12452965404338157	0.2001156001850224
4.4	0.0983034944876641	0.1372399028587119	0.2547154071536748
4.8	0.04916003282079817	0.15637667800230082	0.36610348249218916
5.2	0.01950614488574446	0.17815638463240813	0.4607752470458055
5.6	0.004595669507025765	0.19888273619633656	0.5141085892246422
6.0	0.0	0.21590078306251526	0.5394164357942479
6.4	0.001970428391404537	0.22798679528493526	0.5551691320651551
6.8	0.007575045034696991	0.23516162788000683	0.5711635323088409
7.2	0.014688064423555941	0.2382205992701807	0.589587137513377
7.6	0.02189372658355987	0.23826902532523642	0.6096645741396012
8.0	0.028350770343242414	0.23640232461903032	0.630196926454988
8.4	0.03364886844387128	0.233535290074808	0.6500864422440973
8.8	0.03767634363262206	0.23034765383762457	0.6683739889209122
9.2	0.04050924737979743	0.2272886824474507	0.6843527024166951
9.6	0.04232533770082475	0.22461499864859746	0.6976409785783995
10.0	0.04334225697962158	0.22244042134418907	0.7081546211876919
10.4	0.0437768026503866	0.22078014995296602	0.7160277679460227
10.8	0.04382111652659886	0.21958858621870725	0.7215210109511947
11.2	0.0436314574530143	0.21879079347227526	0.7249512865383752
11.6	0.04332561052056362	0.21830017037433658	0.726643534485536
12.0	0.042985653963167406	0.21803435728381082	0.7268986842422303
12.4	0.042663562242194204	0.21792124533039559	0.7259798890079603
12.8	0.0423878493422843	0.217902511163111	0.7241118854567521
13.2	0.0421700822648452	0.21793467737486338	0.7214822742880083
13.6	0.04201059248040673	0.21798593122875465	0.7182463222921873
14.0	0.04190308016847743	0.2180371850826459	0.7145375268953167
14.4	0.04183805552060373	0.21807712774119592	0.7104692168475442
14.8	0.04180521399754266	0.21810081055644215	0.7061390341511187
15.2	0.04179492120687013	0.21810717310382177	0.7016359770900573
15.6	0.04179900972608181	0.2180979827576066	0.6970368787153092
16.0	0.041811083295859995	0.21807642079148692	0.6924115290481536
16.4	0.041826497980267635	0.2180460219540068	0.687819793840788
16.8	0.04184215583202051	0.21800961404400088	0.6833148159534534
17.2	0.0418562115070811	0.2179703783351603	0.6789398139773075
17.6	0.04186776048210639	0.2179304356766103	0.6747312836115524
18.0	0.04187655121900773	0.217891553442624	0.6707154761485956
18.4	0.04188274346064996	0.2178547920577638	0.6669125602643105
18.8	0.04188672053711745	0.2178201515220306	0.6633353414671896
19.2	0.041888954288249444	0.21778869225998676	0.6599908627869038
19.6	0.04188991592059674	0.21776006079677845	0.6568804047743013
20.0	0.04189002375820357	0.2177346106072604	0.6540001257768342
20.4	0.04188961846969933	0.21771128126686845	0.6513442633156821
20.8	0.041888957182442156	0.21769042625045731	0.6489038535349012
21.2	0.041888219337756126	0.21767169208317316	0.6466670513391355
21.6	0.04188751878474316	0.21765472529016083	0.6446223317707442
22.0	0.041886918187912965	0.21763917239656605	0.6427559289080973
22.4	0.041886443187265275	0.21762538687724353	0.6410556775181284
22.8	0.04188609483509504	0.21761230830763	0.6395068512660727
23.2	0.04188585963542684	0.21760064363743403	0.6380982453320003
23.6	0.04188571705760046	0.2175903928666556	0.6368164139319932
24.0	0.0418856447300795	0.2175804955707319	0.6356504723838352
24.4	0.04188562169394452	0.21757201217422573	0.6345901762807342
24.8	0.041885630155010865	0.21756352877771956	0.6336240006650451
25.2	0.04188565615950581	0.2175564592806314	0.6327442622316735
25.6	0.041885689562664655	0.21754938978354277	0.6319423172623893
26.0	0.041885723585826894	0.21754338071101742	0.6312098421766708
26.4	0.04188575418137185	0.2175377251133468	0.6305407543579866
26.8	0.04188577935564246	0.21753242299053044	0.629928971189802
27.2	0.04188579854266422	0.21752818129227736	0.6293684100555836
27.6	0.04188581207746908	0.21752393959402427	0.6288542688896461
28.0	0.04188582078657159	0.21752005137062547	0.6283820657640193
28.4	0.04188582569284101	0.21751687009693565	0.6279485993015799
28.8	0.04188582782040343	0.21751404229810056	0.6275500278497805
29.2	0.04188582807999494	0.21751086102441075	0.6271825097560715
29.6	0.04188582721430925	0.21750838670042993	0.6268434839187575
30.0	0.04188582578464762	0.21750591237644867	0.626530709373851
30.4	0.041885824183297664	0.21750379152732213	0.6262416250196541
30.8	0.04188582265963342	0.2175023776279046	0.6259746301676037
31.2	0.04188582135136015	0.21750025677877804	0.6257274838537166
31.6	0.0418858203152968	0.2174988428793605	0.6254989055271425
32.0	0.041885819554456694	0.21749778245479723	0.6252866542238946
32.4	0.04188581903993779	0.21749636855537924	0.6250900896685492
32.8	0.0418858187273271	0.2174949546559617	0.6249079313102559
33.2	0.04188581856805733	0.21749389423139842	0.6247385784604553
33.6	0.04188581851653521	0.21749318728168943	0.6245817109814338
34.0	0.04188581853399386	0.21749248033198088	0.62443572818463
34.4	0.0418858185899931	0.21749177338227188	0.6242999897946184
34.8	0.04188581866237206	0.2174907129577086	0.6241741756736889
35.2	0.041885818736298756	0.21749000600799961	0.6240566851332794
35.6	0.04188581880289552	0.21749000600799961	0.6239481584488127
36.0	0.04188581885776873	0.21748929905829106	0.6238466747940175
36.4	0.04188581889964613	0.21748859210858207	0.6237525543066038
36.8	0.04188581892922926	0.2174882386337278	0.6236645164357242
37.2	0.04188581894829994	0.21748788515887307	0.6235828813190905
37.6	0.041885818959075415	0.2174875316840188	0.623507008681278
38.0	0.04188581896378148	0.2174875316840188	0.6234359381091501
38.4	0.04188581896440085	0.21748717820916452	0.6233703098781316
38.8	0.04188581896255263	0.2174868247343098	0.6233085232996585
39.2	0.041885818959462105	0.21748647125945553	0.6232518589245846
39.6	0.041885818955986844	0.21748647125945553	0.6231983959266323
40.0	0.041885818952673064	0.21748611778460125	0.6231487745812263
40.4	0.041885818949823336	0.21748611778460125	0.6231026747506565
40.8	0.04188581894756354	0.21748576430974653	0.6230591360217854
41.2	0.04188581894590182	0.21748576430974653	0.6230191188077496
41.6	0.041885818944776304	0.21748541083489226	0.6229819828331236
42.0	0.04188581894409092	0.21748541083489226	0.6229467676847715
42.4	0.04188581894374024	0.21748541083489226	0.6229144337758301
42.8	0.04188581894362508	0.21748505736003798	0.6228843408308755
43.2	0.04188581894366099	0.21748541083489226	0.6228555284367694
43.6	0.04188581894378156	0.21748505736003798	0.622829277144362
44.0	0.04188581894393838	0.21748505736003798	0.6228049466782277
44.4	0.041885818944099	0.21748470388518326	0.6227822169006556
44.8	0.04188581894424396	0.21748470388518326	0.6227607676739328
45.2	0.041885818944363565	0.21748470388518326	0.6227405989980577
45.6	0.041885818944454964	0.21748470388518326	0.6227220310107446
46.0	0.04188581894451962	0.21748470388518326	0.6227050637119937
46.4	0.04188581894456138	0.21748470388518326	0.6226887366886666
46.8	0.04188581894458505	0.21748470388518326	0.622673370078477
47.2	0.04188581894459545	0.21748470388518326	0.6226592840191358
47.6	0.04188581894459692	0.21748470388518326	0.6226461583729321
48.0	0.04188581894459297	0.21748470388518326	0.622633993139865
48.4	0.041885818944586296	0.21748470388518326	0.6226224681822234
48.8	0.041885818944578754	0.21748470388518326	0.6226119036377176
49.2	0.041885818944571544	0.21748470388518326	0.6226019793686373
49.6	0.04188581894456534	0.21748435041032899	0.622592375237268
50.0	0.04188581894456041	0.21748470388518326	0.6225837315190361
50.4	0.04188581894455678	0.21748470388518326	0.622575728076229
50.8	0.041885818944554315	0.21748470388518326	0.6225686850465584
51.2	0.041885818944552816	0.21748470388518326	0.6225613218791759
51.6	0.041885818944552046	0.21748470388518326	0.62255491912493
52.0	0.04188581894455179	0.21748470388518326	0.622548516370685
52.4	0.04188581894455186	0.21748435041032899	0.6225427538918638
52.8	0.04188581894455212	0.21748435041032899	0.6225376316884654
53.2	0.04188581894455246	0.21748435041032899	0.6225325094850689
53.6	0.04188581894455281	0.21748435041032899	0.6225280275570979
54.0	0.04188581894455312	0.21748435041032899	0.6225232254914133
54.4	0.041885818944553385	0.21748470388518326	0.6225193838388661
54.8	0.041885818944553586	0.21748435041032899	0.622515542186318
55.2	0.041885818944553725	0.21748435041032899	0.6225123408091955
55.6	0.041885818944553815	0.21748435041032899	0.6225084991566483
56.0	0.04188581894455387	0.21748435041032899	0.6225056179172377
56.4	0.04188581894455389	0.21748470388518326	0.6225027366778271
56.8	0.04188581894455389	0.21748435041032899	0.6224998554384165
57.2	0.041885818944553885	0.21748435041032899	0.6224976144744296
57.6	0.04188581894455387	0.21748435041032899	0.6224950533727318
58.0	0.04188581894455386	0.21748435041032899	0.6224931325464578
58.4	0.04188581894455384	0.21748435041032899	0.6224908915824718
58.8	0.04188581894455383	0.21748435041032899	0.6224892908939115
59.2	0.041885818944553815	0.21748435041032899	0.6224876902053493
59.6	0.04188581894455381	0.21748435041032899	0.6224857693790753
60.0	0.0418858189445538	0.21748435041032899	0.6224841686905149
60.4	0.0418858189445538	0.21748435041032899	0.6224828881396647
60.8	0.041885818944553795	0.21748435041032899	0.6224812874511025
61.2	0.041885818944553795	0.21748435041032899	0.6224803270379669
61.6	0.041885818944553795	0.21748435041032899	0.6224790464871175
62.0	0.041885818944553795	0.21748435041032899	0.62247808607398
62.4	0.0418858189445538	0.21748435041032899	0.6224771256608435
62.8	0.0418858189445538	0.2174839969354747	0.622476165247706
63.2	0.0418858189445538	0.21748435041032899	0.6224752048345694
63.6	0.0418858189445538	0.21748435041032899	0.6224742444214328
64.0	0.0418858189445538	0.21748435041032899	0.6224732840082963
64.4	0.0418858189445538	0.21748435041032899	0.6224726437328716
64.8	0.0418858189445538	0.21748435041032899	0.6224723235951588
65.2	0.0418858189445538	0.21748435041032899	0.6224713631820222
65.6	0.0418858189445538	0.21748435041032899	0.6224707229065976
66.0	0.0418858189445538	0.21748435041032899	0.6224704027688857
66.4	0.0418858189445538	0.21748435041032899	0.622469762493461
66.8	0.0418858189445538	0.21748435041032899	0.6224694423557482
67.2	0.0418858189445538	0.21748435041032899	0.6224688020803244
67.6	0.0418858189445538	0.21748435041032899	0.6224684819426116
68.0	0.0418858189445538	0.21748435041032899	0.6224678416671869
68.4	0.0418858189445538	0.21748435041032899	0.622467521529475
68.8	0.0418858189445538	0.21748435041032899	0.622467521529475
69.2	0.0418858189445538	0.21748435041032899	0.6224668812540504
69.6	0.0418858189445538	0.21748435041032899	0.6224665611163385
70.0	0.0418858189445538	0.21748435041032899	0.6224665611163385
70.4	0.0418858189445538	0.21748435041032899	0.6224659208409129
70.8	0.0418858189445538	0.21748435041032899	0.6224659208409129
71.2	0.0418858189445538	0.21748435041032899	0.622465600703201
71.6	0.0418858189445538	0.21748435041032899	0.622465600703201
72.0	0.0418858189445538	0.21748470388518326	0.6224649604277763
72.4	0.0418858189445538	0.21748435041032899	0.6224649604277763
72.8	0.0418858189445538	0.2174839969354747	0.6224649604277763
73.2	0.0418858189445538	0.21748435041032899	0.6224646402900644
73.6	0.0418858189445538	0.21748435041032899	0.6224646402900644
74.0	0.0418858189445538	0.21748435041032899	0.6224646402900644
74.4	0.0418858189445538	0.2174839969354747	0.6224643201523516
74.8	0.0418858189445538	0.21748435041032899	0.6224643201523516
75.2	0.0418858189445538	0.21748435041032899	0.6224643201523516
75.6	0.0418858189445538	0.21748435041032899	0.6224643201523516
76.0	0.0418858189445538	0.21748435041032899	0.6224643201523516
76.4	0.0418858189445538	0.21748435041032899	0.622463679876927
76.8	0.0418858189445538	0.21748435041032899	0.622463679876927
77.2	0.0418858189445538	0.21748435041032899	0.622463679876927
77.6	0.0418858189445538	0.21748435041032899	0.622463679876927
78.0	0.0418858189445538	0.21748435041032899	0.622463679876927
78.4	0.0418858189445538	0.21748435041032899	0.622463679876927
78.8	0.0418858189445538	0.21748435041032899	0.6224633597392151
79.2	0.0418858189445538	0.21748435041032899	0.6224633597392151
79.6	0.0418858189445538	0.21748435041032899	0.6224633597392151
80.0	0.0418858189445538	0.2174839969354747	0.6224633597392151
80.4	0.0418858189445538	0.21748435041032899	0.6224633597392151
80.8	0.0418858189445538	0.21748435041032899	0.6224633597392151
