Time	ABP	LCBFV	RCBFV
-78.0	0.06741172682284972	0.12205120791881297	0.1634332655157913
-77.6	0.15612652045881448	0.15433123026202433	0.2219939047675814
-77.2	0.2975677181095899	0.22383672744921568	0.3509691274907505
-76.8	0.4541929961230602	0.3857999688937106	0.624084528483875
-76.4	0.6022759326594176	0.6302774574274657	0.88616581416222
-76.0	0.728842978426972	0.7787657748681416	0.9640217480748909
-75.6	0.8286774149961178	0.8074970781666355	0.9766992795836316
-75.2	0.9016965055123313	0.7868797563301326	0.9745086426292484
-74.8	0.9508399671791976	0.7529276370105467	0.9649158677102239
-74.4	0.9804938551142541	0.7188364644797454	0.9474283559185952
-74.0	0.9954043304929681	0.6841623656226821	0.9199799981012295
-73.6	1.0	0.6475324583059834	0.8826573623775065
-73.2	0.9980295716085953	0.6105865209637948	0.8403595027392567
-72.8	0.9924249549652986	0.5762093710740785	0.8008468564585414
-72.4	0.9853119355764359	0.5465814965561004	0.7698682482272694
-72.0	0.9781062734164401	0.5225939828251294	0.7488978416644634
-71.6	0.9716492296567552	0.5041299584000392	0.7363507260924449
-71.2	0.9663511315561246	0.49051991665324657	0.7296428869955369
-70.8	0.9623236563673749	0.48088589039695595	0.7264713117274848
-70.4	0.9594907526201965	0.4743434725862494	0.725232297688891
-70.0	0.9576746622991714	0.47010342295369645	0.7249699624617107
-69.6	0.9566577430203744	0.467514123363721	0.7251779263953875
-69.2	0.9562231973496089	0.46606563253745703	0.725606006372119
-68.8	0.9561788834733969	0.4653756137723688	0.7261284217958739
-68.4	0.9563685425469809	0.46517025388410715	0.7266721347309089
-68.0	0.9566743894794315	0.4652587422912444	0.7271866575475423
-67.6	0.9570143460368283	0.4655144284703576	0.7276362855945102
-67.2	0.9573364377578013	0.46585550238465956	0.7279997213605325
-66.8	0.9576121506577112	0.466232591796206	0.7282707008717033
-66.4	0.9578299177351507	0.4666170751177834	0.7284552375429718
-66.0	0.957989407519589	0.46699416452932985	0.7285678637938007
-65.6	0.958096919831518	0.4673574201737236	0.7286264945895602
-65.2	0.9581619444793907	0.46770374137901527	0.7286494207340559
-64.8	0.9581947860024498	0.4680336051716587	0.7286511746467494
-64.4	0.9582050787931264	0.4683467730384261	0.7286432820396278
-64.0	0.9582009902739096	0.4686444375454535	0.7286330091224222
-63.6	0.958188916704134	0.4689265986927409	0.7286243648384323
-63.2	0.9581735020197326	0.469194210533193	0.7286194789387856
-62.8	0.9581578441679759	0.46944631901390466	0.7286184767029604
-62.4	0.958143788492917	0.46968316264810195	0.728621107572001
-62.0	0.9581322395178903	0.4699045029225579	0.728626118751126
-61.6	0.9581234487809865	0.47011057835049996	0.7286330091224222
-61.2	0.9581172565393483	0.4703013889319281	0.7286405258911095
-60.8	0.9581132794628786	0.4704769346668414	0.728648543777709
-60.4	0.9581110457117459	0.47063769258169463	0.7286561858258742
-60.0	0.9581100840793987	0.4707843782161669	0.7286634520356052
-59.6	0.9581099762417915	0.47091770710993996	0.7286700918479454
-59.2	0.9581103815302958	0.4710386333159198	0.7286757294244608
-58.8	0.9581110428175537	0.4711473953473333	0.7286806153241074
-58.4	0.9581117806622393	0.47124542428354177	0.7286844989879293
-58.0	0.9581124812152524	0.4713334356642256	0.7286875056954039
-57.6	0.9581130818120823	0.47141262205551815	0.7286901365644445
-57.2	0.9581135568127304	0.4714832219706464	0.7286921410360943
-56.8	0.9581139051649005	0.4715461894625177	0.728693894948788
-56.4	0.9581141403645693	0.4716024785840389	0.7286952730230474
-56.0	0.9581142829423992	0.4716528048748905	0.7286964005383503
-55.6	0.9581143552699152	0.4716969298218454	0.728697152215219
-55.2	0.9581143783060494	0.47173700004394536	0.7286979038920878
-54.8	0.9581143698449829	0.4717723000015095	0.7286984050100003
-54.4	0.9581143438404887	0.4718033067209917	0.7286987808484346
-54.0	0.9581143104373315	0.47183121276852535	0.728699156686869
-53.6	0.9581142764141715	0.4718557796308849	0.7286996578047817
-53.2	0.9581142458186219	0.4718774843345219	0.7286999083637375
-52.8	0.9581142206443499	0.47189704241911823	0.7287001589226938
-52.4	0.9581142014573277	0.4719139768582199	0.72870040948165
-52.0	0.9581141879225274	0.4719287646782804	0.7287006600406063
-51.6	0.958114179213424	0.4719421214189805	0.7287007853200844
-51.2	0.958114174307155	0.4719538085670929	0.7287010358790407
-50.8	0.958114172179592	0.4719640646358445	0.7287010358790407
-50.4	0.9581141719200008	0.47197312813846226	0.7287011611585188
-50.0	0.9581141727856862	0.4719809990749462	0.7287012864379969
-49.6	0.958114174215348	0.4719881544717497	0.7287012864379969
-49.2	0.958114175816698	0.4719943558156463	0.7287014117174753
-48.8	0.9581141773403621	0.47199936459340863	0.7287015369969532
-48.4	0.9581141786486354	0.47200413485794446	0.7287015369969532
-48.0	0.9581141796846981	0.47200842809602683	0.7287015369969532
-47.6	0.9581141804455386	0.47201224430765576	0.7287015369969532
-47.2	0.9581141809600576	0.47201510646637646	0.7287016622764315
-46.8	0.9581141812726701	0.4720179686250976	0.7287015369969532
-46.4	0.9581141814319384	0.47202035375736573	0.7287016622764315
-46.0	0.9581141814834578	0.4720225003764069	0.7287016622764315
-45.6	0.9581141814660036	0.47202440848222116	0.7287017875559094
-45.2	0.9581141814100037	0.47202583956158195	0.7287017875559094
-44.8	0.9581141813376217	0.47202727064094274	0.7287016622764315
-44.4	0.9581141812637005	0.4720284632070766	0.7287016622764315
-44.0	0.9581141811970996	0.47202965577321043	0.7287016622764315
-43.6	0.9581141811422268	0.47203060982611733	0.7287016622764315
-43.2	0.9581141811003462	0.47203132536579817	0.7287016622764315
-42.8	0.9581141810707701	0.4720318023922516	0.7287016622764315
-42.4	0.9581141810516962	0.4720327564451585	0.7287016622764315
-42.0	0.9581141810409202	0.4720332334716115	0.7287016622764315
-41.6	0.9581141810362146	0.47203371049806586	0.7287016622764315
-41.2	0.9581141810355953	0.4720341875245193	0.7287017875559094
-40.8	0.9581141810374432	0.47203466455097276	0.7287017875559094
-40.4	0.9581141810405337	0.4720349030641997	0.7287017875559094
-40.0	0.9581141810440088	0.4720351415774271	0.7287017875559094
-39.6	0.9581141810473229	0.4720356186038801	0.7287017875559094
-39.2	0.9581141810501724	0.4720358571171066	0.7287017875559094
-38.8	0.958114181052432	0.4720358571171066	0.7287019128353875
-38.4	0.958114181054094	0.4720363341435605	0.7287019128353875
-38.0	0.9581141810552191	0.4720363341435605	0.7287019128353875
-37.6	0.958114181055909	0.472036572656787	0.7287019128353875
-37.2	0.958114181056257	0.472036572656787	0.7287019128353875
-36.8	0.9581141810563671	0.472036572656787	0.7287017875559094
-36.4	0.9581141810563303	0.472036572656787	0.7287019128353875
-36.0	0.9581141810562113	0.4720368111700144	0.7287019128353875
-35.6	0.9581141810560556	0.4720368111700144	0.7287019128353875
-35.2	0.9581141810558998	0.47203704968324045	0.7287017875559094
-34.8	0.9581141810557531	0.4720368111700144	0.7287017875559094
-34.4	0.9581141810556342	0.47203704968324045	0.7287017875559094
-34.0	0.9581141810555424	0.47203704968324045	0.7287017875559094
-33.6	0.9581141810554785	0.47203704968324045	0.7287017875559094
-33.2	0.9581141810554344	0.47203704968324045	0.7287017875559094
-32.8	0.9581141810554105	0.47203704968324045	0.7287016622764315
-32.4	0.9581141810554005	0.47203704968324045	0.7287017875559094
-32.0	0.9581141810553986	0.47203704968324045	0.7287017875559094
-31.6	0.9581141810554022	0.47203704968324045	0.7287017875559094
-31.2	0.9581141810554096	0.47203704968324045	0.7287017875559094
-30.8	0.9581141810554169	0.47203704968324045	0.7287017875559094
-30.4	0.9581141810554241	0.47203704968324045	0.7287017875559094
-30.0	0.9581141810554298	0.47203704968324045	0.7287016622764315
-29.6	0.9581141810554351	0.47203704968324045	0.7287017875559094
-29.2	0.9581141810554389	0.47203704968324045	0.7287017875559094
-28.8	0.9581141810554417	0.47203704968324045	0.7287016622764315
-28.4	0.9581141810554417	0.47203704968324045	0.7287016622764315
-28.0	0.9581141810554417	0.47203704968324045	0.7287016622764315
-27.6	0.9581141810554417	0.47203704968324045	0.7287016622764315
-27.2	0.9581141810554417	0.47203704968324045	0.7287017875559094
-26.8	0.9581141810554417	0.4720372881964674	0.7287017875559094
-26.4	0.9581141810554417	0.4720372881964674	0.7287019128353875
-26.0	0.9581141810554417	0.4720372881964674	0.7287019128353875
-25.6	0.9581141810554417	0.4720372881964674	0.7287017875559094
-25.2	0.9581141810554417	0.4720372881964674	0.7287017875559094
-24.8	0.9581141810554417	0.4720372881964674	0.7287017875559094
-24.4	0.9581141810554417	0.4720372881964674	0.7287017875559094
-24.0	0.9581141810554417	0.47203704968324045	0.7287017875559094
-23.6	0.9581141810554417	0.4720372881964674	0.7287017875559094
-23.2	0.9581141810554417	0.4720372881964674	0.7287017875559094
-22.8	0.9581141810554417	0.4720372881964674	0.7287017875559094
-22.4	0.9581141810554417	0.4720372881964674	0.7287017875559094
-22.0	0.9581141810554417	0.4720372881964674	0.7287016622764315
-21.6	0.9581141810554417	0.47203704968324045	0.7287017875559094
-21.2	0.9581141810554417	0.4720372881964674	0.7287017875559094
-20.8	0.9581141810554417	0.47203704968324045	0.7287017875559094
-20.4	0.9581141810554417	0.4720372881964674	0.7287017875559094
-20.0	0.9581141810554417	0.4720372881964674	0.7287017875559094
-19.6	0.9581141810554417	0.4720372881964674	0.7287017875559094
-19.2	0.9581141810554417	0.4720372881964674	0.7287017875559094
-18.8	0.9581141810554417	0.4720372881964674	0.7287017875559094
-18.4	0.9581141810554417	0.47203704968324045	0.7287017875559094
-18.0	0.9581141810554417	0.4720372881964674	0.7287016622764315
-17.6	0.9581141810554417	0.47203704968324045	0.7287015369969532
-17.2	0.9581141810554417	0.4720372881964674	0.7287015369969532
-16.8	0.9581141810554417	0.4720372881964674	0.7287015369969532
-16.4	0.9581141810554417	0.4720372881964674	0.7287017875559094
-16.0	0.9581141810554417	0.4720372881964674	0.7287017875559094
-15.6	0.9581141810554417	0.4720372881964674	0.7287019128353875
-15.2	0.9581141810554417	0.47203704968324045	0.7287019128353875
-14.8	0.9581141810554417	0.4720372881964674	0.7287019128353875
-14.4	0.9581141810554417	0.47203704968324045	0.7287019128353875
-14.0	0.9581141810554417	0.4720372881964674	0.7287017875559094
-13.6	0.9581141810554417	0.4720372881964674	0.7287017875559094
-13.2	0.9581141810554417	0.4720372881964674	0.7287017875559094
-12.8	0.9581141810554417	0.4720372881964674	0.7287017875559094
-12.4	0.9581141810554417	0.4720372881964674	0.7287016622764315
-12.0	0.9581141810554417	0.47203704968324045	0.7287016622764315
-11.6	0.9581141810554417	0.4720372881964674	0.7287017875559094
-11.2	0.9581141810554417	0.47203704968324045	0.7287019128353875
-10.8	0.9581141810554417	0.4720372881964674	0.7287017875559094
-10.4	0.9581141810554417	0.4720372881964674	0.7287019128353875
-10.0	0.9581141810554417	0.4720372881964674	0.7287019128353875
-9.6	0.9581141810554417	0.4720372881964674	0.7287019128353875
-9.2	0.9581141810554417	0.4720372881964674	0.7287019128353875
-8.8	0.9581141810554417	0.47203704968324045	0.7287019128353875
-8.4	0.9581141810554417	0.4720372881964674	0.7287019128353875
-8.0	0.9581141810554417	0.47203704968324045	0.7287019128353875
-7.6	0.9581141810554417	0.4720372881964674	0.7287019128353875
-7.2	0.9581141810554417	0.4720372881964674	0.7287019128353875
-6.8	0.9581141810554417	0.4720372881964674	0.7287017875559094
-6.4	0.9581141810554417	0.4720372881964674	0.7287017875559094
-6.0	0.9581141810554417	0.4720372881964674	0.7287017875559094
-5.6	0.9581141810554417	0.47203704968324045	0.7287017875559094
-5.2	0.9581141810554417	0.4720372881964674	0.7287017875559094
-4.8	0.9581141810554417	0.47203704968324045	0.7287017875559094
-4.4	0.9581141810554417	0.4720372881964674	0.7287017875559094
-4.0	0.9581141810554417	0.4720372881964674	0.7287017875559094
-3.6	0.9581141810554417	0.4720372881964674	0.7287017875559094
-3.2	0.9581141810554417	0.4720372881964674	0.7287016622764315
-2.8	0.9581141810554417	0.4720372881964674	0.7287016622764315
-2.4	0.9581141810554417	0.47203704968324045	0.7287017875559094
-2.0	0.9581141810554417	0.4720372881964674	0.7287017875559094
-1.6	0.9581141810554417	0.47203704968324045	0.7287017875559094
-1.2	0.9581141810554417	0.4720372881964674	0.7287017875559094
-0.8	0.9581141810554417	0.4720372881964674	0.7287016622764315
-0.4	0.9581141810554417	0.4720372881964674	0.7287017875559094
0.0	0.9581141810554417	0.4720372881964674	0.7287017875559094
0.4	0.9581141810554417	0.4720372881964674	0.7287016622764315
0.8	0.9581141810554417	0.47203704968324045	0.7287016622764315
1.2	0.9581141810554417	0.4720372881964674	0.7287016622764315
1.6	0.9325882731771457	0.4613108713615026	0.7202108456469385
2.0	0.843873479541181	0.4193692744843074	0.6812092143574691
2.4	0.7024322818904056	0.34151808023530306	0.5876927192825736
2.8	0.5458070038769351	0.24530566076195348	0.43160927252513104
3.2	0.39772406734057786	0.15415711560647138	0.24787877469802666
3.6	0.2711570215730236	0.08720108630038248	0.11353933528077231
4.0	0.17132258500387848	0.05662261731705387	0.084312635271512
4.4	0.0983034944876641	0.06712685908126881	0.15514828306884754
4.8	0.04916003282079817	0.11466206815302082	0.279082384871999
5.2	0.01950614488574446	0.18604335261226135	0.40471803254695904
5.6	0.004595669507025765	0.2630678600172289	0.5042282736934858
6.0	0.0	0.33042363749140913	0.5731951275157252
6.4	0.001970428391404537	0.3810328050299634	0.6173898437321697
6.8	0.007575045034696991	0.41530190842794656	0.6442037862723426
7.2	0.014688064423555941	0.43722079694301375	0.6597893050271737
7.6	0.02189372658355987	0.45110369782124815	0.6685655083078208
8.0	0.028350770343242414	0.460141679523804	0.6733618331275939
8.4	0.03364886844387128	0.466269084319904	0.6757573020287007
8.8	0.03767634363262206	0.4705539744390932	0.6765205046093998
9.2	0.04050924737979743	0.4736000268583611	0.676030787129434
9.6	0.04232533770082475	0.4757812303173079	0.6745772946243012
10.0	0.04334225697962158	0.4773492162701909	0.6724930199468409
10.4	0.0437768026503866	0.47847690680643007	0.6701618194180088
10.8	0.04382111652659886	0.47928284299973534	0.6679561489262518
11.2	0.0436314574530143	0.4798483578604422	0.6661656546249795
11.6	0.04332561052056362	0.48023021753652495	0.6649539515126157
12.0	0.042985653963167406	0.48046801522362914	0.6643543639303398
12.4	0.042663562242194204	0.4805894184560624	0.6642986145625769
12.8	0.0423878493422843	0.4806139853184215	0.6646607975338183
13.2	0.0421700822648452	0.48055554957785906	0.6652987206363983
13.6	0.04201059248040673	0.48042508284280716	0.6660842229642023
14.0	0.04190308016847743	0.480230456049751	0.666918709567951
14.4	0.04183805552060373	0.47997930162194713	0.6677362834421532
14.8	0.04180521399754266	0.4796778209032908	0.6684986090665053
15.2	0.04179492120687013	0.4793334078038143	0.6691883978730266
15.6	0.04179900972608181	0.4789527406938654	0.6698005134031144
16.0	0.041811083295859995	0.47854392902315634	0.6703378370847655
16.4	0.041826497980267635	0.47811436670171714	0.6708052548176262
16.8	0.04184215583202051	0.47767168615280475	0.6712094064140368
17.2	0.0418562115070811	0.47722232723354185	0.6715575580837287
17.6	0.04186776048210639	0.47677344534073285	0.671856349639042
18.0	0.04187655121900773	0.4763305262785935	0.672112295612838
18.4	0.04188274346064996	0.4758981017984327	0.672331534699546
18.8	0.04188672053711745	0.47547998811187897	0.6725198297551582
19.2	0.041888954288249444	0.4750795244041073	0.6726816908408877
19.6	0.04188991592059674	0.4746979032412515	0.6728217532974243
20.0	0.04189002375820357	0.47433750975557976	0.6729435249501556
20.4	0.04188961846969933	0.4739983439470925	0.673049386109166
20.8	0.041888957182442156	0.47368112135546836	0.6731419676434955
21.2	0.041888219337756126	0.4733856034674817	0.6732230234658383
21.6	0.04188751878474316	0.47311083623022565	0.6732938063709752
22.0	0.041886918187912965	0.4728568196437002	0.6733554438742098
22.4	0.041886443187265275	0.47262212262854364	0.6734093140498008
22.8	0.04188609483509504	0.47240602964507694	0.6734557927361828
23.2	0.04188585963542684	0.47220758664039186	0.673496132728137
23.6	0.04188571705760046	0.4720253625351285	0.6735310857025323
24.0	0.0418856447300795	0.47185840327637907	0.6735609022183244
24.4	0.04188562169394452	0.47170575481123667	0.6735863339523824
24.8	0.041885630155010865	0.47156670160002134	0.6736081325815753
25.2	0.04188565615950581	0.4714395740501449	0.6736269245032931
25.6	0.041885689562664655	0.4713238951351544	0.6736425844380576
26.0	0.041885723585826894	0.4712182337756885	0.6736559893422165
26.4	0.04188575418137185	0.4711223514585212	0.6736672644952473
26.8	0.04188577935564246	0.4710352941307452	0.6736767857355843
27.2	0.04188579854266422	0.4709563462526791	0.6736848036221839
27.6	0.04188581207746908	0.4708843152581905	0.673691443434524
28.0	0.04188582078657159	0.4708192011472776	0.6736970810110394
28.4	0.04188582569284101	0.47076028838026174	0.6737015910722517
28.8	0.04188582782040343	0.47070662290423515	0.6737053494565952
29.2	0.04188582807999494	0.47065820471919784	0.6737087320025048
29.6	0.04188582721430925	0.47061455679869635	0.6737111123125887
30.0	0.04188582578464762	0.47057496360304985	0.6737132420637169
30.4	0.041885824183297664	0.47053894810580577	0.6737148706969323
30.8	0.04188582265963342	0.4705067488201893	0.6737161234917135
31.2	0.04188582135136015	0.47047765020652177	0.6737171257275385
31.6	0.0418858203152968	0.4704511752383489	0.6737180026838852
32.0	0.041885819554456694	0.47042756242889716	0.6737185038017977
32.4	0.04188581903993779	0.4704058577252592	0.6737190049197104
32.8	0.0418858187273271	0.4703865381538903	0.6737192554786664
33.2	0.04188581856805733	0.4703691266883352	0.6737193807581445
33.6	0.04188581851653521	0.4703533848153669	0.6737193807581445
34.0	0.04188581853399386	0.4703390740217599	0.6737193807581445
34.4	0.0418858185899931	0.47032643282074016	0.6737193807581445
34.8	0.04188581866237206	0.47031474567262777	0.6737193807581445
35.2	0.041885818736298756	0.4703044896038757	0.6737192554786664
35.6	0.04188581880289552	0.470295187588031	0.6737191301991883
36.0	0.04188581885776873	0.47028660111186715	0.673718879640232
36.4	0.04188581889964613	0.47027920720183713	0.6737186290812758
36.8	0.04188581892922926	0.47027252883148707	0.6737185038017977
37.2	0.04188581894829994	0.4702660889743644	0.6737183785223195
37.6	0.041885818959075415	0.47026084168337423	0.6737182532428414
38.0	0.04188581896378148	0.4702558329056119	0.6737178774044075
38.4	0.04188581896440085	0.470251301154303	0.6737177521249291
38.8	0.04188581896255263	0.47024724642944715	0.673717626845451
39.2	0.041885818959462105	0.47024366873104606	0.6737175015659729
39.6	0.041885818955986844	0.470240568059098	0.6737171257275385
40.0	0.041885818952673064	0.47023770590037683	0.6737170004480606
40.4	0.041885818949823336	0.4702348437416548	0.6737167498891039
40.8	0.04188581894756354	0.47023269712261406	0.6737167498891039
41.2	0.04188581894590182	0.4702305505035729	0.6737164993301479
41.6	0.041885818944776304	0.47022864239775863	0.6737164993301479
42.0	0.04188581894409092	0.4702269728051709	0.6737162487711916
42.4	0.04188581894374024	0.47022554172581055	0.6737162487711916
42.8	0.04188581894362508	0.4702241106464502	0.6737161234917135
43.2	0.04188581894366099	0.4702226795670885	0.6737161234917135
43.6	0.04188581894378156	0.4702217255141816	0.673715872932757
44.0	0.04188581894393838	0.4702207714612747	0.6737157476532791
44.4	0.041885818944099	0.4702198174083674	0.673715622373801
44.8	0.04188581894424396	0.47021886335546004	0.673715622373801
45.2	0.041885818944363565	0.47021838632900703	0.673715622373801
45.6	0.041885818944454964	0.47021767078932664	0.673715622373801
46.0	0.04188581894451962	0.47021719376287274	0.6737153718148448
46.4	0.04188581894456138	0.4702164782231928	0.6737153718148448
46.8	0.04188581894458505	0.4702160011967389	0.6737152465353666
47.2	0.04188581894459545	0.47021552417028545	0.6737153718148448
47.6	0.04188581894459692	0.4702152856570585	0.6737152465353666
48.0	0.04188581894459297	0.47021504714383155	0.6737152465353666
48.4	0.041885818944586296	0.4702148086306055	0.6737153718148448
48.8	0.041885818944578754	0.4702143316041516	0.6737151212558885
49.2	0.041885818944571544	0.47021409309092466	0.6737151212558885
49.6	0.04188581894456534	0.4702138545776977	0.6737149959764106
50.0	0.04188581894456041	0.4702136160644712	0.6737148706969323
50.4	0.04188581894455678	0.4702136160644712	0.6737149959764106
50.8	0.041885818944554315	0.47021337755124426	0.6737148706969323
51.2	0.041885818944552816	0.47021313903801776	0.6737149959764106
51.6	0.041885818944552046	0.47021290052479037	0.6737149959764106
52.0	0.04188581894455179	0.47021290052479037	0.6737149959764106
52.4	0.04188581894455186	0.47021290052479037	0.6737148706969323
52.8	0.04188581894455212	0.47021290052479037	0.6737149959764106
53.2	0.04188581894455246	0.4702126620115643	0.6737148706969323
53.6	0.04188581894455281	0.47021242349833736	0.6737148706969323
54.0	0.04188581894455312	0.47021242349833736	0.6737148706969323
54.4	0.041885818944553385	0.47021242349833736	0.6737148706969323
54.8	0.041885818944553586	0.47021242349833736	0.6737148706969323
55.2	0.041885818944553725	0.47021242349833736	0.6737148706969323
55.6	0.041885818944553815	0.47021242349833736	0.6737147454174544
56.0	0.04188581894455387	0.47021242349833736	0.6737148706969323
56.4	0.04188581894455389	0.4702121849851104	0.6737148706969323
56.8	0.04188581894455389	0.4702121849851104	0.6737147454174544
57.2	0.041885818944553885	0.4702121849851104	0.6737147454174544
57.6	0.04188581894455387	0.4702121849851104	0.6737147454174544
58.0	0.04188581894455386	0.47021194647188347	0.673714620137976
58.4	0.04188581894455384	0.47021194647188347	0.673714620137976
58.8	0.04188581894455383	0.47021194647188347	0.673714620137976
59.2	0.041885818944553815	0.47021194647188347	0.673714620137976
59.6	0.04188581894455381	0.47021194647188347	0.673714620137976
60.0	0.0418858189445538	0.47021194647188347	0.6737147454174544
60.4	0.0418858189445538	0.47021194647188347	0.6737147454174544
60.8	0.041885818944553795	0.47021194647188347	0.6737147454174544
61.2	0.041885818944553795	0.47021194647188347	0.6737147454174544
61.6	0.041885818944553795	0.47021194647188347	0.6737147454174544
62.0	0.041885818944553795	0.47021194647188347	0.6737148706969323
62.4	0.0418858189445538	0.47021194647188347	0.6737147454174544
62.8	0.0418858189445538	0.47021194647188347	0.6737148706969323
63.2	0.0418858189445538	0.47021194647188347	0.6737148706969323
63.6	0.0418858189445538	0.47021194647188347	0.6737147454174544
64.0	0.0418858189445538	0.47021194647188347	0.6737148706969323
64.4	0.0418858189445538	0.47021194647188347	0.6737147454174544
64.8	0.0418858189445538	0.47021194647188347	0.6737148706969323
65.2	0.0418858189445538	0.47021194647188347	0.6737147454174544
65.6	0.0418858189445538	0.47021194647188347	0.6737148706969323
66.0	0.0418858189445538	0.47021194647188347	0.6737148706969323
66.4	0.0418858189445538	0.47021194647188347	0.6737148706969323
66.8	0.0418858189445538	0.47021194647188347	0.6737148706969323
67.2	0.0418858189445538	0.47021194647188347	0.6737148706969323
67.6	0.0418858189445538	0.47021194647188347	0.6737147454174544
68.0	0.0418858189445538	0.47021194647188347	0.6737148706969323
68.4	0.0418858189445538	0.47021194647188347	0.6737148706969323
68.8	0.0418858189445538	0.47021194647188347	0.6737148706969323
69.2	0.0418858189445538	0.47021194647188347	0.6737148706969323
69.6	0.0418858189445538	0.47021170795865697	0.6737148706969323
70.0	0.0418858189445538	0.47021194647188347	0.6737148706969323
70.4	0.0418858189445538	0.47021194647188347	0.6737147454174544
70.8	0.0418858189445538	0.47021194647188347	0.6737148706969323
71.2	0.0418858189445538	0.47021194647188347	0.6737148706969323
71.6	0.0418858189445538	0.47021194647188347	0.6737147454174544
72.0	0.0418858189445538	0.47021194647188347	0.6737148706969323
72.4	0.0418858189445538	0.47021194647188347	0.6737147454174544
72.8	0.0418858189445538	0.47021194647188347	0.6737148706969323
73.2	0.0418858189445538	0.47021194647188347	0.6737148706969323
73.6	0.0418858189445538	0.47021194647188347	0.6737147454174544
74.0	0.0418858189445538	0.47021194647188347	0.6737147454174544
74.4	0.0418858189445538	0.47021194647188347	0.6737147454174544
74.8	0.0418858189445538	0.47021194647188347	0.6737147454174544
75.2	0.0418858189445538	0.47021194647188347	0.6737147454174544
75.6	0.0418858189445538	0.47021194647188347	0.6737147454174544
76.0	0.0418858189445538	0.47021194647188347	0.6737148706969323
76.4	0.0418858189445538	0.47021194647188347	0.6737148706969323
76.8	0.0418858189445538	0.47021194647188347	0.6737147454174544
77.2	0.0418858189445538	0.47021194647188347	0.6737147454174544
77.6	0.0418858189445538	0.47021194647188347	0.6737147454174544
78.0	0.0418858189445538	0.47021194647188347	0.6737147454174544
78.4	0.0418858189445538	0.47021194647188347	0.6737148706969323
78.8	0.0418858189445538	0.47021194647188347	0.6737147454174544
79.2	0.0418858189445538	0.47021194647188347	0.6737148706969323
79.6	0.0418858189445538	0.47021194647188347	0.6737148706969323
80.0	0.0418858189445538	0.47021194647188347	0.6737148706969323
80.4	0.0418858189445538	0.47021194647188347	0.6737147454174544
80.8	0.0418858189445538	0.47021194647188347	0.6737147454174544
