Time	ABP	LCBFV	RCBFV
-78.0	0.06741172682284972	0.30996642758402926	0.12086979508962559
-77.6	0.15612652045881448	0.5208264252695636	0.20961582501858822
-77.2	0.2975677181095899	0.7939382310299603	0.39738105448803984
-76.8	0.4541929961230602	0.9063016078878772	0.6227925469307602
-76.4	0.6022759326594176	0.9183568794337809	0.7300904164895075
-76.0	0.728842978426972	0.9013448243973194	0.7323514406532152
-75.6	0.8286774149961178	0.8772844262047339	0.6963389156458377
-75.2	0.9016965055123313	0.853161744863512	0.663674134369328
-74.8	0.9508399671791976	0.8307282700679075	0.6438167234660406
-74.4	0.9804938551142541	0.8107769677837933	0.6329510799342017
-74.0	0.9954043304929681	0.7939237049282015	0.626612806351817
-73.6	1.0	0.7803445856114952	0.6216450721786582
-73.2	0.9980295716085953	0.7697725683465477	0.617006391634894
-72.8	0.9924249549652986	0.7617282917753199	0.6129151729583648
-72.4	0.9853119355764359	0.755724236044264	0.6096800702273173
-72.0	0.9781062734164401	0.7513461087717128	0.6073835685833515
-71.6	0.9716492296567552	0.7482552329002221	0.605934756983306
-71.2	0.9663511315561246	0.7461672550131717	0.6051535872148706
-70.8	0.9623236563673749	0.7448378182207025	0.6048449331366239
-70.4	0.9594907526201965	0.7440585824058075	0.6048420505913525
-70.0	0.9576746622991714	0.743657224224336	0.6050147815733598
-69.6	0.9566577430203744	0.7434980340680757	0.605269110759961
-69.2	0.9562231973496089	0.7434803241631918	0.6055411786866913
-68.8	0.9561788834733969	0.743533652865539	0.6057932905307764
-68.4	0.9563685425469809	0.7436116560421064	0.6060046032725643
-68.0	0.9566743894794315	0.7436878683294161	0.6061686866187588
-67.6	0.9570143460368283	0.7437479626134045	0.6062866492406174
-67.2	0.9573364377578013	0.7437869642016883	0.6063644779629338
-66.8	0.9576121506577112	0.7438054700573535	0.6064099334845148
-66.4	0.9578299177351507	0.7438066639835255	0.6064316634411728
-66.0	0.957989407519589	0.743794724721806	0.6064369850632116
-65.6	0.958096919831518	0.7437744279768832	0.6064323286439282
-65.2	0.9581619444793907	0.7437499524903577	0.6064216853998508
-64.8	0.9581947860024498	0.7437236861145744	0.606409490016012
-64.4	0.9582050787931264	0.7436986136649637	0.6063975163664244
-64.0	0.9582009902739096	0.7436757300800017	0.6063866513880953
-63.6	0.958188916704134	0.7436562292858595	0.6063780037522823
-63.2	0.9581735020197326	0.7436399122948427	0.606371795193237
-62.8	0.9581578441679759	0.7436263811315602	0.6063673605082049
-62.4	0.958143788492917	0.7436160337714037	0.6063644779629338
-62.0	0.9581322395178903	0.7436080742635907	0.6063631475574243
-61.6	0.9581234487809865	0.743602104632731	0.606362704088921
-61.2	0.9581172565393483	0.7435977269034333	0.6063629258231726
-60.8	0.9581132794628786	0.7435943441126136	0.6063633692916761
-60.4	0.9581110457117459	0.7435919562602693	0.6063640344944305
-60.0	0.9581100840793987	0.7435901653710113	0.6063646996971854
-59.6	0.9581099762417915	0.7435887724571442	0.6063653648999403
-59.2	0.9581103815302958	0.7435875785309722	0.6063658083684436
-58.8	0.9581110428175537	0.743586583592496	0.6063662518369468
-58.4	0.9581117806622393	0.7435855886540188	0.6063666953054501
-58.0	0.9581124812152524	0.7435849916909325	0.6063669170397021
-57.6	0.9581130818120823	0.7435841957401517	0.6063671387739529
-57.2	0.9581135568127304	0.743583797764761	0.6063671387739529
-56.8	0.9581139051649005	0.7435833997893706	0.6063671387739529
-56.4	0.9581141403645693	0.7435830018139797	0.6063671387739529
-56.0	0.9581142829423992	0.7435826038385891	0.6063673605082049
-55.6	0.9581143552699152	0.7435822058631985	0.6063673605082049
-55.2	0.9581143783060494	0.7435818078878074	0.6063671387739529
-54.8	0.9581143698449829	0.7435816089001128	0.6063671387739529
-54.4	0.9581143438404887	0.7435816089001128	0.6063671387739529
-54.0	0.9581143104373315	0.7435812109247217	0.6063673605082049
-53.6	0.9581142764141715	0.7435812109247217	0.6063673605082049
-53.2	0.9581142458186219	0.7435810119370265	0.6063673605082049
-52.8	0.9581142206443499	0.7435810119370265	0.6063673605082049
-52.4	0.9581142014573277	0.7435808129493311	0.6063671387739529
-52.0	0.9581141879225274	0.7435806139616357	0.6063673605082049
-51.6	0.958114179213424	0.7435808129493311	0.6063673605082049
-51.2	0.958114174307155	0.7435806139616357	0.6063673605082049
-50.8	0.958114172179592	0.7435806139616357	0.6063673605082049
-50.4	0.9581141719200008	0.7435806139616357	0.6063673605082049
-50.0	0.9581141727856862	0.7435806139616357	0.6063673605082049
-49.6	0.958114174215348	0.7435806139616357	0.6063673605082049
-49.2	0.958114175816698	0.7435806139616357	0.6063673605082049
-48.8	0.9581141773403621	0.7435806139616357	0.6063673605082049
-48.4	0.9581141786486354	0.74358041497394	0.6063673605082049
-48.0	0.9581141796846981	0.7435806139616357	0.6063673605082049
-47.6	0.9581141804455386	0.74358041497394	0.6063673605082049
-47.2	0.9581141809600576	0.7435806139616357	0.6063673605082049
-46.8	0.9581141812726701	0.7435806139616357	0.6063673605082049
-46.4	0.9581141814319384	0.74358041497394	0.6063673605082049
-46.0	0.9581141814834578	0.74358041497394	0.6063673605082049
-45.6	0.9581141814660036	0.7435806139616357	0.6063673605082049
-45.2	0.9581141814100037	0.7435806139616357	0.6063673605082049
-44.8	0.9581141813376217	0.7435806139616357	0.6063673605082049
-44.4	0.9581141812637005	0.7435806139616357	0.6063673605082049
-44.0	0.9581141811970996	0.7435806139616357	0.6063673605082049
-43.6	0.9581141811422268	0.7435806139616357	0.6063673605082049
-43.2	0.9581141811003462	0.7435806139616357	0.6063673605082049
-42.8	0.9581141810707701	0.7435806139616357	0.6063673605082049
-42.4	0.9581141810516962	0.74358041497394	0.6063673605082049
-42.0	0.9581141810409202	0.7435806139616357	0.6063675822424566
-41.6	0.9581141810362146	0.7435806139616357	0.6063673605082049
-41.2	0.9581141810355953	0.74358041497394	0.6063673605082049
-40.8	0.9581141810374432	0.74358041497394	0.6063673605082049
-40.4	0.9581141810405337	0.7435806139616357	0.6063673605082049
-40.0	0.9581141810440088	0.7435806139616357	0.6063673605082049
-39.6	0.9581141810473229	0.74358041497394	0.6063673605082049
-39.2	0.9581141810501724	0.74358041497394	0.6063673605082049
-38.8	0.958114181052432	0.7435806139616357	0.6063673605082049
-38.4	0.958114181054094	0.7435806139616357	0.6063673605082049
-38.0	0.9581141810552191	0.7435806139616357	0.6063673605082049
-37.6	0.958114181055909	0.7435806139616357	0.6063673605082049
-37.2	0.958114181056257	0.74358041497394	0.6063673605082049
-36.8	0.9581141810563671	0.7435806139616357	0.6063673605082049
-36.4	0.9581141810563303	0.7435806139616357	0.6063673605082049
-36.0	0.9581141810562113	0.7435806139616357	0.6063673605082049
-35.6	0.9581141810560556	0.74358041497394	0.6063673605082049
-35.2	0.9581141810558998	0.7435806139616357	0.6063673605082049
-34.8	0.9581141810557531	0.74358041497394	0.6063673605082049
-34.4	0.9581141810556342	0.7435806139616357	0.6063673605082049
-34.0	0.9581141810555424	0.74358041497394	0.6063673605082049
-33.6	0.9581141810554785	0.7435806139616357	0.6063673605082049
-33.2	0.9581141810554344	0.74358041497394	0.6063673605082049
-32.8	0.9581141810554105	0.74358041497394	0.6063673605082049
-32.4	0.9581141810554005	0.74358041497394	0.6063673605082049
-32.0	0.9581141810553986	0.74358041497394	0.6063673605082049
-31.6	0.9581141810554022	0.7435806139616357	0.6063673605082049
-31.2	0.9581141810554096	0.7435806139616357	0.6063673605082049
-30.8	0.9581141810554169	0.7435806139616357	0.6063673605082049
-30.4	0.9581141810554241	0.7435806139616357	0.6063673605082049
-30.0	0.9581141810554298	0.7435806139616357	0.6063673605082049
-29.6	0.9581141810554351	0.7435806139616357	0.6063673605082049
-29.2	0.9581141810554389	0.7435806139616357	0.6063673605082049
-28.8	0.9581141810554417	0.7435806139616357	0.6063673605082049
-28.4	0.9581141810554417	0.7435806139616357	0.6063673605082049
-28.0	0.9581141810554417	0.7435806139616357	0.6063673605082049
-27.6	0.9581141810554417	0.7435806139616357	0.6063673605082049
-27.2	0.9581141810554417	0.7435806139616357	0.6063673605082049
-26.8	0.9581141810554417	0.7435806139616357	0.6063673605082049
-26.4	0.9581141810554417	0.7435806139616357	0.6063673605082049
-26.0	0.9581141810554417	0.7435806139616357	0.6063673605082049
-25.6	0.9581141810554417	0.7435806139616357	0.6063673605082049
-25.2	0.9581141810554417	0.7435806139616357	0.6063673605082049
-24.8	0.9581141810554417	0.7435806139616357	0.6063673605082049
-24.4	0.9581141810554417	0.7435806139616357	0.6063673605082049
-24.0	0.9581141810554417	0.7435806139616357	0.6063673605082049
-23.6	0.9581141810554417	0.7435806139616357	0.6063673605082049
-23.2	0.9581141810554417	0.7435806139616357	0.6063673605082049
-22.8	0.9581141810554417	0.7435806139616357	0.6063673605082049
-22.4	0.9581141810554417	0.7435806139616357	0.6063673605082049
-22.0	0.9581141810554417	0.7435806139616357	0.6063673605082049
-21.6	0.9581141810554417	0.7435806139616357	0.6063673605082049
-21.2	0.9581141810554417	0.7435806139616357	0.6063673605082049
-20.8	0.9581141810554417	0.7435806139616357	0.6063673605082049
-20.4	0.9581141810554417	0.7435806139616357	0.6063673605082049
-20.0	0.9581141810554417	0.7435806139616357	0.6063673605082049
-19.6	0.9581141810554417	0.7435806139616357	0.6063673605082049
-19.2	0.9581141810554417	0.7435806139616357	0.6063673605082049
-18.8	0.9581141810554417	0.7435806139616357	0.6063673605082049
-18.4	0.9581141810554417	0.7435806139616357	0.6063673605082049
-18.0	0.9581141810554417	0.7435806139616357	0.6063673605082049
-17.6	0.9581141810554417	0.7435806139616357	0.6063673605082049
-17.2	0.9581141810554417	0.7435806139616357	0.6063673605082049
-16.8	0.9581141810554417	0.7435806139616357	0.6063673605082049
-16.4	0.9581141810554417	0.7435806139616357	0.6063673605082049
-16.0	0.9581141810554417	0.7435806139616357	0.6063673605082049
-15.6	0.9581141810554417	0.7435806139616357	0.6063673605082049
-15.2	0.9581141810554417	0.7435806139616357	0.6063673605082049
-14.8	0.9581141810554417	0.7435806139616357	0.6063673605082049
-14.4	0.9581141810554417	0.7435806139616357	0.6063673605082049
-14.0	0.9581141810554417	0.7435806139616357	0.6063673605082049
-13.6	0.9581141810554417	0.7435806139616357	0.6063673605082049
-13.2	0.9581141810554417	0.7435806139616357	0.6063673605082049
-12.8	0.9581141810554417	0.7435806139616357	0.6063673605082049
-12.4	0.9581141810554417	0.7435806139616357	0.6063673605082049
-12.0	0.9581141810554417	0.7435806139616357	0.6063673605082049
-11.6	0.9581141810554417	0.7435806139616357	0.6063673605082049
-11.2	0.9581141810554417	0.7435806139616357	0.6063673605082049
-10.8	0.9581141810554417	0.7435806139616357	0.6063673605082049
-10.4	0.9581141810554417	0.7435806139616357	0.6063673605082049
-10.0	0.9581141810554417	0.7435806139616357	0.6063673605082049
-9.6	0.9581141810554417	0.7435806139616357	0.6063673605082049
-9.2	0.9581141810554417	0.7435806139616357	0.6063673605082049
-8.8	0.9581141810554417	0.7435806139616357	0.6063673605082049
-8.4	0.9581141810554417	0.7435806139616357	0.6063673605082049
-8.0	0.9581141810554417	0.7435806139616357	0.6063673605082049
-7.6	0.9581141810554417	0.7435806139616357	0.6063673605082049
-7.2	0.9581141810554417	0.7435806139616357	0.6063673605082049
-6.8	0.9581141810554417	0.7435806139616357	0.6063673605082049
-6.4	0.9581141810554417	0.7435806139616357	0.6063673605082049
-6.0	0.9581141810554417	0.7435806139616357	0.6063673605082049
-5.6	0.9581141810554417	0.7435806139616357	0.6063673605082049
-5.2	0.9581141810554417	0.7435806139616357	0.6063673605082049
-4.8	0.9581141810554417	0.7435806139616357	0.6063673605082049
-4.4	0.9581141810554417	0.7435806139616357	0.6063673605082049
-4.0	0.9581141810554417	0.7435806139616357	0.6063673605082049
-3.6	0.9581141810554417	0.7435806139616357	0.6063673605082049
-3.2	0.9581141810554417	0.7435806139616357	0.6063673605082049
-2.8	0.9581141810554417	0.7435806139616357	0.6063673605082049
-2.4	0.9581141810554417	0.7435806139616357	0.6063673605082049
-2.0	0.9581141810554417	0.7435806139616357	0.6063673605082049
-1.6	0.9581141810554417	0.7435806139616357	0.6063673605082049
-1.2	0.9581141810554417	0.7435806139616357	0.6063673605082049
-0.8	0.9581141810554417	0.7435806139616357	0.6063673605082049
-0.4	0.9581141810554417	0.7435806139616357	0.6063673605082049
0.0	0.9581141810554417	0.7435806139616357	0.6063673605082049
0.4	0.9581141810554417	0.7435806139616357	0.6063673605082049
0.8	0.9581141810554417	0.7435806139616357	0.6063673605082049
1.2	0.9581141810554417	0.7435806139616357	0.6063673605082049
1.6	0.9325882731771457	0.7350000655515052	0.595045831355048
2.0	0.843873479541181	0.6994019628085582	0.5503127199659452
2.4	0.7024322818904056	0.6242978379741659	0.46848635082709955
2.8	0.5458070038769351	0.5121285736130392	0.3777436039623532
3.2	0.39772406734057786	0.38017714650882484	0.31348335483774226
3.6	0.2711570215730236	0.25967159113357985	0.2915522852133605
4.0	0.17132258500387848	0.18431465243227652	0.304879178938114
4.4	0.0983034944876641	0.16964876181755018	0.3350394718426444
4.8	0.04916003282079817	0.20534735334663723	0.3663931384893606
5.2	0.01950614488574446	0.2669684699211652	0.3919106487664721
5.6	0.004595669507025765	0.33154236490662825	0.410642647475693
6.0	0.0	0.38572860472686266	0.4239326224475528
6.4	0.001970428391404537	0.42547162116343995	0.4334471283171819
6.8	0.007575045034696991	0.4521048307627362	0.4405754410380671
7.2	0.014688064423555941	0.4689704308554381	0.4463337686853557
7.6	0.02189372658355987	0.4795347870941158	0.45134551710745985
8.0	0.028350770343242414	0.48657367833471166	0.4558634633512202
8.4	0.03364886844387128	0.4919603747410204	0.45988949215777497
8.8	0.03767634363262206	0.49676970834934164	0.4633410075183977
9.2	0.04050924737979743	0.5015087993012135	0.46616767575797247
9.6	0.04232533770082475	0.5063493739777012	0.4683910050989055
10.0	0.04334225697962158	0.511297302515817	0.4700904872704006
10.4	0.0437768026503866	0.5162955749408502	0.4713720003776034
10.8	0.04382111652659886	0.5212715607440066	0.47234164425991154
11.2	0.0436314574530143	0.5261569076519426	0.47308944302347955
11.6	0.04332561052056362	0.5308928148006891	0.47368413428630807
12.0	0.042985653963167406	0.5354308286864344	0.4741733909124941
12.4	0.042663562242194204	0.5397327436716761	0.4745882556972638
12.8	0.0423878493422843	0.5437706019852206	0.4749470217163754
13.2	0.0421700822648452	0.5475271911914228	0.4752601104796541
13.6	0.04201059248040673	0.5509945517824693	0.4755330653433911
14.0	0.04190308016847743	0.5541730817337509	0.47576932318848564
14.4	0.04183805552060373	0.55707034257769	0.4759709904903284
14.8	0.04180521399754266	0.559699169020635	0.4761406171928133
15.2	0.04179492120687013	0.5620758780536026	0.4762804206384559
15.6	0.04179900972608181	0.5642186770507149	0.47639372684103054
16.0	0.041811083295859995	0.5661468678184192	0.4764838618143119
16.4	0.041826497980267635	0.5678795531754652	0.47655415157207326
16.8	0.04184215583202051	0.5694357364467586	0.47660792212808967
17.2	0.0418562115070811	0.5708325305740956	0.4766480560276316
17.6	0.04186776048210639	0.5720864515361892	0.4766776575502223
18.0	0.04187655121900773	0.57321192594095	0.4766989440383771
18.4	0.04188274346064996	0.5742222859639652	0.4767142437017384
18.8	0.04188672053711745	0.5751296698546495	0.4767246652115644
19.2	0.041888954288249444	0.575944623960855	0.47673198244186765
19.6	0.04188991592059674	0.576676500704262	0.4767367497282775
20.0	0.04189002375820357	0.5773336575680745	0.47673996487492576
20.4	0.04188961846969933	0.57792385507241	0.47674184961606425
20.8	0.041888957182442156	0.5784538587989094	0.4767430691544481
21.2	0.041888219337756126	0.5789296383784326	0.4767437343572032
21.6	0.04188751878474316	0.5793565664787534	0.47674417782570644
22.0	0.041886918187912965	0.5797396177922549	0.47674417782570644
22.4	0.041886443187265275	0.5800832695420819	0.4767438452243291
22.8	0.04188609483509504	0.5803913024944458	0.47674351262295156
23.2	0.04188585963542684	0.5806674974155579	0.4767429582873226
23.6	0.04188571705760046	0.5809149386146948	0.4767421822174418
24.0	0.0418856447300795	0.5811368098949827	0.4767414061475612
24.4	0.04188562169394452	0.581335598602613	0.4767405192105547
24.8	0.041885630155010865	0.5815136925899294	0.4767396322735482
25.2	0.04188565615950581	0.5816729822400373	0.4767385236022905
25.6	0.041885689562664655	0.5818157559114334	0.47673741493103217
26.0	0.041885723585826894	0.5819438044933753	0.47673630625977403
26.4	0.04188575418137185	0.5820582224181874	0.4767351975885161
26.8	0.04188577935564246	0.5821608005751278	0.47673386718300637
27.2	0.04188579854266422	0.5822527328903682	0.47673264764462253
27.6	0.04188581207746908	0.5823351137962329	0.4767316498404901
28.0	0.04188582078657159	0.5824088387373507	0.47673031943498057
28.4	0.04188582569284101	0.5824748031583515	0.47672909989659673
28.8	0.04188582782040343	0.5825337035161677	0.4767278803582129
29.2	0.04188582807999494	0.5825866342431243	0.4767268825540807
29.6	0.04188582721430925	0.5826339933146116	0.47672577388282233
30.0	0.04188582578464762	0.582676377693716	0.4767246652115644
30.4	0.041885824183297664	0.5827145833312186	0.4767236674074322
30.8	0.04188582265963342	0.5827484112394239	0.4767226696032998
31.2	0.04188582135136015	0.5827789558506564	0.4767218935334192
31.6	0.0418858203152968	0.5828061176710684	0.476720895729287
32.0	0.041885819554456694	0.5828306926514408	0.4767201196594062
32.4	0.04188581903993779	0.582852481804079	0.4767192327223999
32.8	0.0418858187273271	0.5828721815859164	0.4767184566525191
33.2	0.04188581856805733	0.582889593009257	0.4767177914497642
33.6	0.04188581851653521	0.582905313037188	0.4767172371141355
34.0	0.04188581853399386	0.5829193416697083	0.4767164610442547
34.4	0.0418858185899931	0.5829318778945141	0.47671601757575166
34.8	0.04188581866237206	0.5829431206992999	0.47671535237299656
35.2	0.041885818736298756	0.5829532690717614	0.4767147980373676
35.6	0.04188581880289552	0.5829621240242036	0.4767144654359903
36.0	0.04188581885776873	0.5829702825197116	0.4767138002332352
36.4	0.04188581889964613	0.5829776450644388	0.4767134676318576
36.8	0.04188581892922926	0.5829841121645369	0.4767131350304805
37.2	0.04188581894829994	0.5829897833138538	0.47671280242910297
37.6	0.041885818959075415	0.5829950564877797	0.47671246982772586
38.0	0.04188581896378148	0.5829996332047722	0.4767120263592224
38.4	0.04188581896440085	0.5830039114402219	0.47671180462497076
38.8	0.04188581896255263	0.5830075927125855	0.47671158289071913
39.2	0.041885818959462105	0.5830108760095583	0.4767112502893418
39.6	0.041885818955986844	0.583013860824988	0.4767111394222159
40.0	0.041885818952673064	0.5830165471588751	0.47671080682083855
40.4	0.041885818949823336	0.5830187360235237	0.4767105850865869
40.8	0.04188581894756354	0.5830209248881721	0.476710474219461
41.2	0.04188581894590182	0.5830229147651254	0.4767102524852094
41.6	0.041885818944776304	0.5830246061605358	0.4767101416180839
42.0	0.04188581894409092	0.5830262975559459	0.47671003075095775
42.4	0.04188581894374024	0.5830275909759655	0.4767099198838318
42.8	0.04188581894362508	0.5830288843959852	0.4767096981495804
43.2	0.04188581894366099	0.5830299788283095	0.4767095872824547
43.6	0.04188581894378156	0.5830308742729384	0.4767095872824547
44.0	0.04188581894393838	0.5830317697175673	0.4767095872824547
44.4	0.041885818944099	0.583032466174501	0.4767094764153288
44.8	0.04188581894424396	0.5830331626314347	0.47670925468107717
45.2	0.041885818944363565	0.5830337595945208	0.47670925468107717
45.6	0.041885818944454964	0.5830343565576066	0.47670925468107717
46.0	0.04188581894451962	0.5830348540268449	0.47670903294682554
46.4	0.04188581894456138	0.5830353514960833	0.47670892207969984
46.8	0.04188581894458505	0.5830358489653216	0.47670892207969984
47.2	0.04188581894459545	0.583036047953017	0.47670892207969984
47.6	0.04188581894459692	0.5830364459284074	0.4767088112125739
48.0	0.04188581894459297	0.5830367444099505	0.4767088112125739
48.4	0.041885818944586296	0.5830370428914935	0.4767087003454482
48.8	0.041885818944578754	0.5830371423853411	0.4767087003454482
49.2	0.041885818944571544	0.5830372418791887	0.4767087003454482
49.6	0.04188581894456534	0.5830375403607317	0.4767085894783223
50.0	0.04188581894456041	0.5830376398545793	0.4767085894783223
50.4	0.04188581894455678	0.5830379383361224	0.4767085894783223
50.8	0.041885818944554315	0.5830379383361224	0.4767085894783223
51.2	0.041885818944552816	0.5830382368176654	0.4767085894783223
51.6	0.041885818944552046	0.5830382368176654	0.4767085894783223
52.0	0.04188581894455179	0.583038336311513	0.4767085894783223
52.4	0.04188581894455186	0.5830385352992087	0.4767085894783223
52.8	0.04188581894455212	0.5830385352992087	0.4767085894783223
53.2	0.04188581894455246	0.5830385352992087	0.4767085894783223
53.6	0.04188581894455281	0.5830387342869037	0.4767084786111966
54.0	0.04188581894455312	0.5830387342869037	0.4767084786111966
54.4	0.041885818944553385	0.5830388337807515	0.4767084786111966
54.8	0.041885818944553586	0.5830387342869037	0.4767084786111966
55.2	0.041885818944553725	0.5830388337807515	0.4767084786111966
55.6	0.041885818944553815	0.5830388337807515	0.4767084786111966
56.0	0.04188581894455387	0.5830388337807515	0.4767084786111966
56.4	0.04188581894455389	0.5830388337807515	0.4767084786111966
56.8	0.04188581894455389	0.5830389332745991	0.4767084786111966
57.2	0.041885818944553885	0.5830389332745991	0.4767084786111966
57.6	0.04188581894455387	0.5830388337807515	0.4767084786111966
58.0	0.04188581894455386	0.5830388337807515	0.4767084786111966
58.4	0.04188581894455384	0.5830388337807515	0.4767084786111966
58.8	0.04188581894455383	0.5830389332745991	0.4767084786111966
59.2	0.041885818944553815	0.5830389332745991	0.4767084786111966
59.6	0.04188581894455381	0.5830389332745991	0.4767084786111966
60.0	0.0418858189445538	0.5830389332745991	0.4767083677440709
60.4	0.0418858189445538	0.5830389332745991	0.4767083677440709
60.8	0.041885818944553795	0.5830389332745991	0.4767083677440709
61.2	0.041885818944553795	0.5830389332745991	0.4767083677440709
61.6	0.041885818944553795	0.5830389332745991	0.4767083677440709
62.0	0.041885818944553795	0.5830389332745991	0.4767083677440709
62.4	0.0418858189445538	0.5830389332745991	0.4767084786111966
62.8	0.0418858189445538	0.5830389332745991	0.4767083677440709
63.2	0.0418858189445538	0.5830389332745991	0.4767083677440709
63.6	0.0418858189445538	0.5830389332745991	0.4767083677440709
64.0	0.0418858189445538	0.5830389332745991	0.4767083677440709
64.4	0.0418858189445538	0.5830389332745991	0.4767083677440709
64.8	0.0418858189445538	0.5830389332745991	0.4767084786111966
65.2	0.0418858189445538	0.5830389332745991	0.4767083677440709
65.6	0.0418858189445538	0.5830389332745991	0.4767083677440709
66.0	0.0418858189445538	0.5830389332745991	0.4767083677440709
66.4	0.0418858189445538	0.5830389332745991	0.4767083677440709
66.8	0.0418858189445538	0.5830389332745991	0.4767083677440709
67.2	0.0418858189445538	0.5830389332745991	0.4767083677440709
67.6	0.0418858189445538	0.5830389332745991	0.4767083677440709
68.0	0.0418858189445538	0.5830389332745991	0.4767083677440709
68.4	0.0418858189445538	0.5830389332745991	0.4767083677440709
68.8	0.0418858189445538	0.5830389332745991	0.4767083677440709
69.2	0.0418858189445538	0.5830389332745991	0.4767083677440709
69.6	0.0418858189445538	0.5830389332745991	0.4767083677440709
70.0	0.0418858189445538	0.5830389332745991	0.4767083677440709
70.4	0.0418858189445538	0.5830389332745991	0.4767083677440709
70.8	0.0418858189445538	0.5830389332745991	0.4767083677440709
71.2	0.0418858189445538	0.5830389332745991	0.4767083677440709
71.6	0.0418858189445538	0.5830389332745991	0.4767083677440709
72.0	0.0418858189445538	0.5830389332745991	0.4767083677440709
72.4	0.0418858189445538	0.5830389332745991	0.4767083677440709
72.8	0.0418858189445538	0.5830389332745991	0.4767083677440709
73.2	0.0418858189445538	0.5830389332745991	0.4767083677440709
73.6	0.0418858189445538	0.5830389332745991	0.4767083677440709
74.0	0.0418858189445538	0.5830389332745991	0.4767083677440709
74.4	0.0418858189445538	0.5830389332745991	0.4767083677440709
74.8	0.0418858189445538	0.5830389332745991	0.4767083677440709
75.2	0.0418858189445538	0.5830389332745991	0.4767083677440709
75.6	0.0418858189445538	0.5830389332745991	0.4767083677440709
76.0	0.0418858189445538	0.5830389332745991	0.4767083677440709
76.4	0.0418858189445538	0.5830389332745991	0.4767083677440709
76.8	0.0418858189445538	0.5830389332745991	0.4767083677440709
77.2	0.0418858189445538	0.5830389332745991	0.4767083677440709
77.6	0.0418858189445538	0.5830389332745991	0.4767083677440709
78.0	0.0418858189445538	0.5830389332745991	0.4767083677440709
78.4	0.0418858189445538	0.5830389332745991	0.4767083677440709
78.8	0.0418858189445538	0.5830389332745991	0.4767083677440709
79.2	0.0418858189445538	0.5830389332745991	0.4767083677440709
79.6	0.0418858189445538	0.5830389332745991	0.4767083677440709
80.0	0.0418858189445538	0.5830389332745991	0.4767083677440709
80.4	0.0418858189445538	0.5830389332745991	0.4767083677440709
80.8	0.0418858189445538	0.5830389332745991	0.4767083677440709
