<<<<<<< HEAD
<<<<<<< HEAD
TIEMPO	VFSCd	VFSCi	PAMn	PCC	RAP
0.40	52.00	53.49	64.43	-5.76	1.30
1.00	52.94	52.82	64.68	-1.78	1.24
1.60	52.53	52.01	64.22	0.40	1.21
2.20	50.19	50.92	62.63	1.34	1.20
2.80	50.25	50.81	62.75	-2.12	1.28
3.40	50.90	51.36	63.47	-5.13	1.34
4.00	51.25	52.58	63.90	-1.95	1.25
4.60	50.67	51.17	63.07	-2.35	1.26
5.20	50.02	49.87	61.73	-4.88	1.32
5.80	49.72	50.67	62.01	-1.93	1.25
6.40	50.49	51.27	62.44	-1.74	1.24
7.00	51.40	51.62	62.85	-4.82	1.29
7.60	51.24	51.40	61.85	1.54	1.16
8.20	52.58	53.20	62.47	0.70	1.16
8.80	54.35	55.24	64.50	-6.04	1.28
9.40	55.61	56.00	66.33	-5.21	1.28
10.00	55.77	55.89	66.95	-3.31	1.24
10.60	55.31	55.67	66.94	-1.61	1.21
11.20	54.54	55.95	67.95	0.07	1.20
11.80	53.71	55.25	68.06	-2.39	1.26
12.40	52.95	54.60	67.63	-4.07	1.30
13.00	52.28	54.57	66.96	0.67	1.21
13.60	52.00	53.89	66.48	0.99	1.21
14.20	51.72	53.33	66.18	-1.89	1.27
14.80	50.93	53.61	65.96	-1.22	1.24
15.40	51.21	53.38	65.54	-1.87	1.25
16.00	51.59	52.88	64.93	-4.00	1.29
16.60	50.62	52.45	64.17	-6.85	1.33
17.20	50.36	52.23	63.75	-6.10	1.31
17.80	50.74	52.15	63.74	-1.20	1.23
18.40	50.96	52.03	63.47	-3.28	1.28
19.00	50.84	51.75	63.25	-4.39	1.31
19.60	50.45	51.39	63.12	0.10	1.22
20.20	51.59	51.86	64.00	-0.57	1.24
20.80	52.49	52.55	64.86	-2.19	1.27
21.40	52.92	53.41	65.30	-2.80	1.27
22.00	52.77	52.53	64.55	-2.00	1.25
22.60	52.77	52.44	64.10	-1.86	1.25
23.20	53.02	53.44	65.11	-3.62	1.28
23.80	53.39	53.96	65.59	-7.00	1.34
24.40	53.12	53.88	65.16	-8.78	1.36
25.00	51.26	52.75	63.02	-5.97	1.30
25.60	51.63	52.90	63.01	-5.25	1.29
26.20	52.52	53.52	63.85	-5.56	1.30
26.80	53.21	54.49	64.39	-5.85	1.28
27.40	52.21	53.52	63.72	-4.38	1.25
28.00	51.08	52.09	61.98	-1.41	1.21
28.60	51.75	51.92	62.49	-0.33	1.20
29.20	52.35	51.84	63.02	-0.53	1.22
29.80	52.55	51.65	63.15	-1.84	1.25
30.40	51.37	50.81	62.49	0.66	1.20
31.00	50.99	50.66	62.41	1.62	1.19
31.60	51.50	51.22	63.75	-2.46	1.28
32.20	51.26	51.54	64.60	-3.05	1.30
32.80	50.83	51.63	64.85	-2.28	1.29
33.40	50.55	51.49	63.96	-0.83	1.25
34.00	50.02	51.63	64.07	-2.50	1.29
34.60	50.18	52.10	64.72	-4.98	1.34
35.20	52.19	53.15	65.79	-4.89	1.33
35.80	51.99	52.85	65.34	-5.46	1.33
36.40	51.06	52.33	63.62	-6.82	1.35
37.00	51.26	53.00	64.36	-6.48	1.33
37.60	50.94	53.03	64.78	-6.25	1.33
38.20	50.41	52.71	64.52	-6.30	1.34
38.80	50.01	52.15	64.02	-4.50	1.31
39.40	50.19	52.44	63.97	-4.17	1.30
40.00	50.84	53.40	64.73	-7.20	1.34
40.60	50.74	53.82	65.03	-5.21	1.29
41.20	51.06	53.87	65.13	-2.63	1.25
41.80	51.68	53.57	65.19	-1.38	1.25
42.40	50.24	52.35	64.20	-0.47	1.23
43.00	49.53	51.39	63.40	-1.05	1.25
43.60	49.65	50.75	63.23	-3.60	1.30
44.20	49.78	51.87	63.34	-3.20	1.28
44.80	49.34	51.74	62.83	-2.38	1.25
45.40	48.02	49.43	60.82	-2.66	1.30
46.00	48.27	49.53	60.71	-2.56	1.21
46.60	48.99	50.42	61.40	-2.72	1.14
47.20	49.97	51.62	62.03	-4.76	1.25
47.80	49.29	51.33	61.26	-2.95	1.24
48.40	49.01	51.22	60.67	-1.54	1.20
49.00	50.39	52.38	61.70	-4.84	1.27
49.60	52.80	53.47	62.83	-6.31	1.29
50.20	53.93	53.74	63.17	-6.54	1.28
50.80	52.23	52.65	62.13	-6.57	1.29
51.40	53.48	53.76	63.06	-3.84	1.25
52.00	54.32	54.43	64.14	-1.03	1.20
52.60	54.36	54.37	64.24	0.42	1.17
53.20	54.60	55.05	64.20	-0.37	1.17
53.80	54.56	54.99	64.24	-0.55	1.17
54.40	54.59	54.77	64.49	0.62	1.16
55.00	55.85	56.06	66.01	-2.31	1.22
55.60	56.04	56.50	66.98	-5.38	1.28
56.20	55.64	56.46	67.21	-7.37	1.32
56.80	55.30	56.70	66.86	-4.99	1.26
57.40	54.83	56.31	66.46	-2.30	1.21
58.00	54.30	55.52	66.18	-0.82	1.19
58.60	54.72	56.30	66.27	-3.15	1.22
59.20	54.71	56.58	66.17	-4.71	1.24
59.80	54.07	56.04	65.58	-1.18	1.17
60.40	53.74	55.44	64.56	-2.48	1.20
61.00	53.58	54.99	63.85	-4.31	1.23
61.60	53.52	54.72	64.15	-3.21	1.22
62.20	53.64	54.97	64.33	-3.33	1.23
62.80	53.46	55.01	64.33	-4.33	1.24
63.40	52.28	53.94	63.72	-1.58	1.20
64.00	52.62	53.98	64.04	-0.36	1.18
64.60	53.10	54.48	65.04	-0.75	1.19
65.20	52.55	55.23	65.88	-0.37	1.20
65.80	51.10	53.77	65.36	0.87	1.18
66.40	49.94	52.09	63.57	2.87	1.16
67.00	50.60	52.64	64.22	-0.40	1.22
67.60	50.59	53.09	64.78	-1.85	1.24
68.20	49.79	53.06	64.85	0.71	1.21
68.80	49.08	52.17	63.81	-0.75	1.23
69.40	49.00	51.46	63.09	-3.57	1.28
70.00	49.75	51.36	63.46	-6.16	1.35
70.60	51.00	53.46	64.85	-7.68	1.35
71.20	52.35	54.79	66.11	-8.47	1.36
71.80	53.61	54.20	66.53	-9.02	1.40
72.40	53.40	54.77	66.95	-6.25	1.35
73.00	52.78	55.15	67.48	-4.57	1.30
73.60	52.15	54.85	68.31	-7.44	1.37
74.20	51.72	53.83	67.99	-5.73	1.36
74.80	51.24	52.92	67.26	-2.99	1.32
75.40	50.36	52.64	67.03	-3.79	1.34
76.00	50.50	52.63	66.81	-6.30	1.38
76.60	50.82	52.58	66.47	-9.38	1.43
77.20	49.66	51.18	65.00	-3.60	1.32
77.80	49.03	51.32	64.09	0.09	1.25
78.40	49.19	53.19	64.84	-4.98	1.31
79.00	49.79	54.19	65.08	-7.24	1.34
79.60	50.08	54.39	64.81	-7.31	1.32
80.20	49.67	53.79	63.80	-4.60	1.26
80.80	49.86	53.56	63.23	-4.25	1.25
81.40	50.38	53.73	63.08	-6.05	1.28
82.00	51.28	54.52	63.19	-1.37	1.18
82.60	50.98	54.62	62.74	-0.95	1.16
83.20	49.90	54.15	61.58	-6.84	1.26
83.80	50.77	54.27	61.52	-8.17	1.28
84.40	51.79	54.54	61.90	-7.42	1.26
85.00	52.62	54.82	62.46	-5.64	1.24
85.60	53.26	54.49	62.19	-4.49	1.22
86.20	53.61	54.22	61.96	-3.14	1.19
86.80	53.65	54.11	62.19	-0.86	1.15
87.40	53.79	55.28	62.49	-1.03	1.15
88.00	53.64	55.98	62.62	-1.75	1.14
88.60	53.07	55.81	62.56	-2.25	1.05
89.20	52.50	55.04	61.79	-1.05	1.07
89.80	52.21	54.95	61.39	0.26	1.11
90.40	52.38	56.58	63.10	0.18	1.12
91.00	52.99	57.69	64.49	-1.79	1.15
91.60	53.50	57.91	65.25	-4.89	1.19
92.20	53.23	56.73	65.14	-2.87	1.18
92.80	53.32	56.50	65.40	-0.12	1.16
93.40	53.47	56.66	66.10	2.27	1.12
94.00	52.89	56.23	65.95	1.44	1.14
94.60	52.49	55.61	65.54	-0.44	1.18
95.20	52.47	54.88	65.13	-2.48	1.21
95.80	51.91	54.67	65.07	-2.82	1.23
96.40	51.49	54.35	64.93	-2.90	1.25
97.00	51.60	53.46	63.92	-5.10	1.28
97.60	51.82	53.82	63.83	-3.73	1.25
98.20	52.31	54.71	64.57	-0.64	1.19
98.80	53.50	55.65	65.83	-3.82	1.25
99.40	52.56	55.54	66.23	-4.06	1.26
100.00	51.48	54.97	65.93	-1.91	1.23
100.60	51.82	54.30	65.22	-2.20	1.24
101.20	52.34	54.95	66.15	-3.08	1.26
101.80	52.38	55.26	67.27	-3.96	1.29
102.40	51.73	54.25	67.21	-5.12	1.34
103.00	49.99	53.03	66.09	-3.65	1.30
103.60	49.03	52.34	65.46	-1.77	1.30
104.20	49.98	52.53	66.56	-0.96	1.46
104.80	50.45	53.28	66.55	-3.38	1.43
105.40	50.54	53.58	65.86	-5.59	1.34
106.00	50.25	52.73	64.89	-5.28	1.33
106.60	50.07	53.20	64.81	-2.39	1.26
107.20	49.86	53.67	64.76	-0.94	1.22
107.80	49.54	53.46	64.02	-4.62	1.29
108.40	49.36	52.68	63.27	-4.65	1.27
109.00	49.68	52.69	63.16	-3.38	1.26
109.60	50.73	54.19	64.17	-3.14	1.34
110.20	51.28	54.97	64.39	-3.66	1.29
110.80	51.79	54.88	64.31	-4.61	1.24
111.40	52.46	53.86	64.34	-6.06	1.30
112.00	53.25	53.71	64.80	-2.48	1.25
112.60	53.34	53.31	64.92	-0.07	1.21
113.20	52.42	52.23	64.30	-2.60	1.27
113.80	52.17	52.60	63.63	-2.61	1.25
114.40	52.17	52.74	63.26	-0.90	1.21
115.00	52.33	51.80	63.48	2.72	1.17
115.60	51.08	51.92	62.75	-2.37	1.25
116.20	50.03	52.19	61.75	-8.30	1.33
116.80	50.23	52.05	61.18	-6.39	1.29
117.40	49.34	52.42	60.91	-4.88	1.25
118.00	48.56	52.71	60.80	-4.54	1.23
118.60	49.38	52.13	60.18	-5.13	1.24
119.20	49.05	52.32	59.65	-5.10	1.23
119.80	48.71	53.04	59.31	-4.37	1.19
120.40	49.94	54.09	61.08	-4.24	1.28
121.00	51.34	54.76	62.40	-4.38	1.30
121.60	52.36	54.91	62.82	-4.60	1.24
122.20	51.04	53.31	61.90	-3.03	1.21
122.80	51.12	53.20	61.76	-2.05	1.19
123.40	52.52	54.41	63.29	-2.60	1.20
124.00	52.54	55.14	63.89	-3.66	1.22
124.60	51.68	54.99	63.50	-3.51	1.21
125.20	49.89	53.90	61.87	-0.92	1.15
125.80	50.07	53.77	62.56	-2.17	1.20
126.40	50.94	54.16	63.70	-3.35	1.24
127.00	51.93	55.07	63.74	-0.85	1.17
127.60	52.89	55.09	63.77	-0.83	1.17
128.20	53.12	55.11	63.83	-2.64	1.21
128.80	52.08	56.21	64.07	-2.92	1.20
129.40	50.70	54.72	63.36	-2.61	1.20
130.00	49.98	52.90	62.11	-1.81	1.21
130.60	50.58	52.45	61.88	1.04	1.15
131.20	49.62	51.86	61.17	-0.96	1.18
131.80	48.78	51.43	60.75	-3.69	1.24
132.40	49.51	51.32	61.46	-2.17	1.24
133.00	49.80	52.10	62.71	-3.09	1.27
133.60	49.43	52.56	63.62	-4.46	1.28
134.20	48.19	51.98	62.77	-3.40	1.26
134.80	48.40	52.07	63.33	-1.96	1.25
135.40	49.15	52.70	64.50	-1.10	1.24
136.00	49.91	53.84	65.56	-1.98	1.26
136.60	48.92	52.85	64.89	-0.56	1.23
137.20	48.11	51.83	63.53	1.58	1.19
137.80	48.84	52.36	64.32	-0.33	1.22
138.40	49.43	52.04	64.74	-2.19	1.27
139.00	49.73	51.56	64.49	-3.59	1.31
139.60	49.51	51.79	63.39	-5.21	1.33
140.20	49.55	52.25	62.60	-6.51	1.33
140.80	49.92	52.80	62.88	-7.95	1.33
141.40	49.48	52.63	62.31	-5.29	1.28
142.00	49.04	52.26	61.34	-2.59	1.22
142.60	48.99	51.84	60.05	-3.69	1.23
143.20	48.87	52.06	59.35	-4.74	1.23
143.80	48.75	52.44	59.23	-5.41	1.22
144.40	48.82	52.33	58.76	-4.38	1.20
145.00	48.87	52.31	58.35	-4.63	1.20
145.60	48.87	52.47	58.06	-9.17	1.28
146.20	49.65	53.20	57.99	-6.12	1.21
146.80	50.71	54.25	58.31	-1.91	1.11
147.40	52.09	55.86	59.30	-1.70	1.08
148.00	52.75	56.54	59.99	-2.20	1.10
148.60	52.82	56.64	60.38	-2.66	1.11
149.20	52.02	56.16	60.67	-3.47	1.04
149.80	52.72	56.53	61.37	-1.22	1.00
150.40	53.67	57.15	62.38	2.94	1.02
151.00	53.09	57.33	62.83	0.69	1.08
151.60	53.05	57.24	63.15	-0.95	1.11
152.20	53.63	57.05	63.54	0.35	1.09
152.80	54.72	57.48	64.41	0.77	1.06
153.40	55.27	57.27	64.95	0.58	1.06
154.00	55.16	56.36	64.73	-0.26	1.14
154.60	54.33	55.67	64.40	-0.46	1.12
155.20	53.76	55.22	64.20	-0.57	1.10
155.80	54.02	55.06	64.37	-1.47	1.18
156.40	53.43	54.85	63.86	0.75	1.15
157.00	52.93	54.88	63.30	2.68	1.10
157.60	53.10	55.25	63.46	-0.51	1.16
158.20	53.20	56.11	63.77	-1.47	1.16
158.80	53.21	56.76	64.01	-0.77	1.14
159.40	53.26	56.68	63.56	-3.09	1.18
160.00	52.94	56.81	63.72	-3.17	1.18
160.60	52.94	57.14	64.45	-1.34	1.15
161.20	53.78	57.56	65.56	0.82	1.12
161.80	53.58	57.78	66.05	1.04	1.12
162.40	52.96	57.16	65.93	-0.09	1.14
163.00	52.49	55.14	65.33	-0.43	1.12
163.60	52.29	54.71	65.29	0.99	1.12
164.20	52.29	54.83	65.51	2.28	1.14
164.80	52.70	54.73	65.01	-4.47	1.27
165.40	51.34	53.79	63.97	-7.10	1.31
166.00	50.14	53.11	62.90	-5.41	1.28
166.60	50.84	53.44	63.19	-1.37	1.21
167.20	50.98	53.97	63.27	-1.34	1.19
167.80	50.61	54.19	63.00	-4.60	1.24
168.40	49.46	53.34	61.76	-3.41	1.21
169.00	50.68	54.21	62.21	-1.89	1.18
169.60	52.67	55.34	63.92	-0.77	1.17
170.20	54.17	55.43	65.03	1.17	1.14
170.80	52.88	55.09	64.68	-1.26	1.19
171.40	51.60	54.75	64.36	-2.65	1.22
172.00	51.92	54.58	65.15	1.54	1.15
172.60	52.28	54.57	65.68	2.07	1.16
173.20	52.10	54.13	65.38	-0.42	1.21
173.80	51.05	52.87	63.30	-6.88	1.32
174.40	50.31	52.71	62.56	-6.84	1.31
175.00	50.03	53.14	62.95	-1.74	1.21
175.60	50.60	53.85	62.60	-6.26	1.28
176.20	50.44	53.96	61.80	-8.25	1.30
176.80	49.68	53.64	60.58	-5.39	1.22
177.40	50.74	54.36	61.22	-2.87	1.18
178.00	51.25	55.16	62.18	-2.71	1.17
=======
TIEMPO	VFSCd	VFSCi	PAMn	PCC	RAP
0.40	52.00	53.49	64.43	-5.76	1.30
1.00	52.94	52.82	64.68	-1.78	1.24
1.60	52.53	52.01	64.22	0.40	1.21
2.20	50.19	50.92	62.63	1.34	1.20
2.80	50.25	50.81	62.75	-2.12	1.28
3.40	50.90	51.36	63.47	-5.13	1.34
4.00	51.25	52.58	63.90	-1.95	1.25
4.60	50.67	51.17	63.07	-2.35	1.26
5.20	50.02	49.87	61.73	-4.88	1.32
5.80	49.72	50.67	62.01	-1.93	1.25
6.40	50.49	51.27	62.44	-1.74	1.24
7.00	51.40	51.62	62.85	-4.82	1.29
7.60	51.24	51.40	61.85	1.54	1.16
8.20	52.58	53.20	62.47	0.70	1.16
8.80	54.35	55.24	64.50	-6.04	1.28
9.40	55.61	56.00	66.33	-5.21	1.28
10.00	55.77	55.89	66.95	-3.31	1.24
10.60	55.31	55.67	66.94	-1.61	1.21
11.20	54.54	55.95	67.95	0.07	1.20
11.80	53.71	55.25	68.06	-2.39	1.26
12.40	52.95	54.60	67.63	-4.07	1.30
13.00	52.28	54.57	66.96	0.67	1.21
13.60	52.00	53.89	66.48	0.99	1.21
14.20	51.72	53.33	66.18	-1.89	1.27
14.80	50.93	53.61	65.96	-1.22	1.24
15.40	51.21	53.38	65.54	-1.87	1.25
16.00	51.59	52.88	64.93	-4.00	1.29
16.60	50.62	52.45	64.17	-6.85	1.33
17.20	50.36	52.23	63.75	-6.10	1.31
17.80	50.74	52.15	63.74	-1.20	1.23
18.40	50.96	52.03	63.47	-3.28	1.28
19.00	50.84	51.75	63.25	-4.39	1.31
19.60	50.45	51.39	63.12	0.10	1.22
20.20	51.59	51.86	64.00	-0.57	1.24
20.80	52.49	52.55	64.86	-2.19	1.27
21.40	52.92	53.41	65.30	-2.80	1.27
22.00	52.77	52.53	64.55	-2.00	1.25
22.60	52.77	52.44	64.10	-1.86	1.25
23.20	53.02	53.44	65.11	-3.62	1.28
23.80	53.39	53.96	65.59	-7.00	1.34
24.40	53.12	53.88	65.16	-8.78	1.36
25.00	51.26	52.75	63.02	-5.97	1.30
25.60	51.63	52.90	63.01	-5.25	1.29
26.20	52.52	53.52	63.85	-5.56	1.30
26.80	53.21	54.49	64.39	-5.85	1.28
27.40	52.21	53.52	63.72	-4.38	1.25
28.00	51.08	52.09	61.98	-1.41	1.21
28.60	51.75	51.92	62.49	-0.33	1.20
29.20	52.35	51.84	63.02	-0.53	1.22
29.80	52.55	51.65	63.15	-1.84	1.25
30.40	51.37	50.81	62.49	0.66	1.20
31.00	50.99	50.66	62.41	1.62	1.19
31.60	51.50	51.22	63.75	-2.46	1.28
32.20	51.26	51.54	64.60	-3.05	1.30
32.80	50.83	51.63	64.85	-2.28	1.29
33.40	50.55	51.49	63.96	-0.83	1.25
34.00	50.02	51.63	64.07	-2.50	1.29
34.60	50.18	52.10	64.72	-4.98	1.34
35.20	52.19	53.15	65.79	-4.89	1.33
35.80	51.99	52.85	65.34	-5.46	1.33
36.40	51.06	52.33	63.62	-6.82	1.35
37.00	51.26	53.00	64.36	-6.48	1.33
37.60	50.94	53.03	64.78	-6.25	1.33
38.20	50.41	52.71	64.52	-6.30	1.34
38.80	50.01	52.15	64.02	-4.50	1.31
39.40	50.19	52.44	63.97	-4.17	1.30
40.00	50.84	53.40	64.73	-7.20	1.34
40.60	50.74	53.82	65.03	-5.21	1.29
41.20	51.06	53.87	65.13	-2.63	1.25
41.80	51.68	53.57	65.19	-1.38	1.25
42.40	50.24	52.35	64.20	-0.47	1.23
43.00	49.53	51.39	63.40	-1.05	1.25
43.60	49.65	50.75	63.23	-3.60	1.30
44.20	49.78	51.87	63.34	-3.20	1.28
44.80	49.34	51.74	62.83	-2.38	1.25
45.40	48.02	49.43	60.82	-2.66	1.30
46.00	48.27	49.53	60.71	-2.56	1.21
46.60	48.99	50.42	61.40	-2.72	1.14
47.20	49.97	51.62	62.03	-4.76	1.25
47.80	49.29	51.33	61.26	-2.95	1.24
48.40	49.01	51.22	60.67	-1.54	1.20
49.00	50.39	52.38	61.70	-4.84	1.27
49.60	52.80	53.47	62.83	-6.31	1.29
50.20	53.93	53.74	63.17	-6.54	1.28
50.80	52.23	52.65	62.13	-6.57	1.29
51.40	53.48	53.76	63.06	-3.84	1.25
52.00	54.32	54.43	64.14	-1.03	1.20
52.60	54.36	54.37	64.24	0.42	1.17
53.20	54.60	55.05	64.20	-0.37	1.17
53.80	54.56	54.99	64.24	-0.55	1.17
54.40	54.59	54.77	64.49	0.62	1.16
55.00	55.85	56.06	66.01	-2.31	1.22
55.60	56.04	56.50	66.98	-5.38	1.28
56.20	55.64	56.46	67.21	-7.37	1.32
56.80	55.30	56.70	66.86	-4.99	1.26
57.40	54.83	56.31	66.46	-2.30	1.21
58.00	54.30	55.52	66.18	-0.82	1.19
58.60	54.72	56.30	66.27	-3.15	1.22
59.20	54.71	56.58	66.17	-4.71	1.24
59.80	54.07	56.04	65.58	-1.18	1.17
60.40	53.74	55.44	64.56	-2.48	1.20
61.00	53.58	54.99	63.85	-4.31	1.23
61.60	53.52	54.72	64.15	-3.21	1.22
62.20	53.64	54.97	64.33	-3.33	1.23
62.80	53.46	55.01	64.33	-4.33	1.24
63.40	52.28	53.94	63.72	-1.58	1.20
64.00	52.62	53.98	64.04	-0.36	1.18
64.60	53.10	54.48	65.04	-0.75	1.19
65.20	52.55	55.23	65.88	-0.37	1.20
65.80	51.10	53.77	65.36	0.87	1.18
66.40	49.94	52.09	63.57	2.87	1.16
67.00	50.60	52.64	64.22	-0.40	1.22
67.60	50.59	53.09	64.78	-1.85	1.24
68.20	49.79	53.06	64.85	0.71	1.21
68.80	49.08	52.17	63.81	-0.75	1.23
69.40	49.00	51.46	63.09	-3.57	1.28
70.00	49.75	51.36	63.46	-6.16	1.35
70.60	51.00	53.46	64.85	-7.68	1.35
71.20	52.35	54.79	66.11	-8.47	1.36
71.80	53.61	54.20	66.53	-9.02	1.40
72.40	53.40	54.77	66.95	-6.25	1.35
73.00	52.78	55.15	67.48	-4.57	1.30
73.60	52.15	54.85	68.31	-7.44	1.37
74.20	51.72	53.83	67.99	-5.73	1.36
74.80	51.24	52.92	67.26	-2.99	1.32
75.40	50.36	52.64	67.03	-3.79	1.34
76.00	50.50	52.63	66.81	-6.30	1.38
76.60	50.82	52.58	66.47	-9.38	1.43
77.20	49.66	51.18	65.00	-3.60	1.32
77.80	49.03	51.32	64.09	0.09	1.25
78.40	49.19	53.19	64.84	-4.98	1.31
79.00	49.79	54.19	65.08	-7.24	1.34
79.60	50.08	54.39	64.81	-7.31	1.32
80.20	49.67	53.79	63.80	-4.60	1.26
80.80	49.86	53.56	63.23	-4.25	1.25
81.40	50.38	53.73	63.08	-6.05	1.28
82.00	51.28	54.52	63.19	-1.37	1.18
82.60	50.98	54.62	62.74	-0.95	1.16
83.20	49.90	54.15	61.58	-6.84	1.26
83.80	50.77	54.27	61.52	-8.17	1.28
84.40	51.79	54.54	61.90	-7.42	1.26
85.00	52.62	54.82	62.46	-5.64	1.24
85.60	53.26	54.49	62.19	-4.49	1.22
86.20	53.61	54.22	61.96	-3.14	1.19
86.80	53.65	54.11	62.19	-0.86	1.15
87.40	53.79	55.28	62.49	-1.03	1.15
88.00	53.64	55.98	62.62	-1.75	1.14
88.60	53.07	55.81	62.56	-2.25	1.05
89.20	52.50	55.04	61.79	-1.05	1.07
89.80	52.21	54.95	61.39	0.26	1.11
90.40	52.38	56.58	63.10	0.18	1.12
91.00	52.99	57.69	64.49	-1.79	1.15
91.60	53.50	57.91	65.25	-4.89	1.19
92.20	53.23	56.73	65.14	-2.87	1.18
92.80	53.32	56.50	65.40	-0.12	1.16
93.40	53.47	56.66	66.10	2.27	1.12
94.00	52.89	56.23	65.95	1.44	1.14
94.60	52.49	55.61	65.54	-0.44	1.18
95.20	52.47	54.88	65.13	-2.48	1.21
95.80	51.91	54.67	65.07	-2.82	1.23
96.40	51.49	54.35	64.93	-2.90	1.25
97.00	51.60	53.46	63.92	-5.10	1.28
97.60	51.82	53.82	63.83	-3.73	1.25
98.20	52.31	54.71	64.57	-0.64	1.19
98.80	53.50	55.65	65.83	-3.82	1.25
99.40	52.56	55.54	66.23	-4.06	1.26
100.00	51.48	54.97	65.93	-1.91	1.23
100.60	51.82	54.30	65.22	-2.20	1.24
101.20	52.34	54.95	66.15	-3.08	1.26
101.80	52.38	55.26	67.27	-3.96	1.29
102.40	51.73	54.25	67.21	-5.12	1.34
103.00	49.99	53.03	66.09	-3.65	1.30
103.60	49.03	52.34	65.46	-1.77	1.30
104.20	49.98	52.53	66.56	-0.96	1.46
104.80	50.45	53.28	66.55	-3.38	1.43
105.40	50.54	53.58	65.86	-5.59	1.34
106.00	50.25	52.73	64.89	-5.28	1.33
106.60	50.07	53.20	64.81	-2.39	1.26
107.20	49.86	53.67	64.76	-0.94	1.22
107.80	49.54	53.46	64.02	-4.62	1.29
108.40	49.36	52.68	63.27	-4.65	1.27
109.00	49.68	52.69	63.16	-3.38	1.26
109.60	50.73	54.19	64.17	-3.14	1.34
110.20	51.28	54.97	64.39	-3.66	1.29
110.80	51.79	54.88	64.31	-4.61	1.24
111.40	52.46	53.86	64.34	-6.06	1.30
112.00	53.25	53.71	64.80	-2.48	1.25
112.60	53.34	53.31	64.92	-0.07	1.21
113.20	52.42	52.23	64.30	-2.60	1.27
113.80	52.17	52.60	63.63	-2.61	1.25
114.40	52.17	52.74	63.26	-0.90	1.21
115.00	52.33	51.80	63.48	2.72	1.17
115.60	51.08	51.92	62.75	-2.37	1.25
116.20	50.03	52.19	61.75	-8.30	1.33
116.80	50.23	52.05	61.18	-6.39	1.29
117.40	49.34	52.42	60.91	-4.88	1.25
118.00	48.56	52.71	60.80	-4.54	1.23
118.60	49.38	52.13	60.18	-5.13	1.24
119.20	49.05	52.32	59.65	-5.10	1.23
119.80	48.71	53.04	59.31	-4.37	1.19
120.40	49.94	54.09	61.08	-4.24	1.28
121.00	51.34	54.76	62.40	-4.38	1.30
121.60	52.36	54.91	62.82	-4.60	1.24
122.20	51.04	53.31	61.90	-3.03	1.21
122.80	51.12	53.20	61.76	-2.05	1.19
123.40	52.52	54.41	63.29	-2.60	1.20
124.00	52.54	55.14	63.89	-3.66	1.22
124.60	51.68	54.99	63.50	-3.51	1.21
125.20	49.89	53.90	61.87	-0.92	1.15
125.80	50.07	53.77	62.56	-2.17	1.20
126.40	50.94	54.16	63.70	-3.35	1.24
127.00	51.93	55.07	63.74	-0.85	1.17
127.60	52.89	55.09	63.77	-0.83	1.17
128.20	53.12	55.11	63.83	-2.64	1.21
128.80	52.08	56.21	64.07	-2.92	1.20
129.40	50.70	54.72	63.36	-2.61	1.20
130.00	49.98	52.90	62.11	-1.81	1.21
130.60	50.58	52.45	61.88	1.04	1.15
131.20	49.62	51.86	61.17	-0.96	1.18
131.80	48.78	51.43	60.75	-3.69	1.24
132.40	49.51	51.32	61.46	-2.17	1.24
133.00	49.80	52.10	62.71	-3.09	1.27
133.60	49.43	52.56	63.62	-4.46	1.28
134.20	48.19	51.98	62.77	-3.40	1.26
134.80	48.40	52.07	63.33	-1.96	1.25
135.40	49.15	52.70	64.50	-1.10	1.24
136.00	49.91	53.84	65.56	-1.98	1.26
136.60	48.92	52.85	64.89	-0.56	1.23
137.20	48.11	51.83	63.53	1.58	1.19
137.80	48.84	52.36	64.32	-0.33	1.22
138.40	49.43	52.04	64.74	-2.19	1.27
139.00	49.73	51.56	64.49	-3.59	1.31
139.60	49.51	51.79	63.39	-5.21	1.33
140.20	49.55	52.25	62.60	-6.51	1.33
140.80	49.92	52.80	62.88	-7.95	1.33
141.40	49.48	52.63	62.31	-5.29	1.28
142.00	49.04	52.26	61.34	-2.59	1.22
142.60	48.99	51.84	60.05	-3.69	1.23
143.20	48.87	52.06	59.35	-4.74	1.23
143.80	48.75	52.44	59.23	-5.41	1.22
144.40	48.82	52.33	58.76	-4.38	1.20
145.00	48.87	52.31	58.35	-4.63	1.20
145.60	48.87	52.47	58.06	-9.17	1.28
146.20	49.65	53.20	57.99	-6.12	1.21
146.80	50.71	54.25	58.31	-1.91	1.11
147.40	52.09	55.86	59.30	-1.70	1.08
148.00	52.75	56.54	59.99	-2.20	1.10
148.60	52.82	56.64	60.38	-2.66	1.11
149.20	52.02	56.16	60.67	-3.47	1.04
149.80	52.72	56.53	61.37	-1.22	1.00
150.40	53.67	57.15	62.38	2.94	1.02
151.00	53.09	57.33	62.83	0.69	1.08
151.60	53.05	57.24	63.15	-0.95	1.11
152.20	53.63	57.05	63.54	0.35	1.09
152.80	54.72	57.48	64.41	0.77	1.06
153.40	55.27	57.27	64.95	0.58	1.06
154.00	55.16	56.36	64.73	-0.26	1.14
154.60	54.33	55.67	64.40	-0.46	1.12
155.20	53.76	55.22	64.20	-0.57	1.10
155.80	54.02	55.06	64.37	-1.47	1.18
156.40	53.43	54.85	63.86	0.75	1.15
157.00	52.93	54.88	63.30	2.68	1.10
157.60	53.10	55.25	63.46	-0.51	1.16
158.20	53.20	56.11	63.77	-1.47	1.16
158.80	53.21	56.76	64.01	-0.77	1.14
159.40	53.26	56.68	63.56	-3.09	1.18
160.00	52.94	56.81	63.72	-3.17	1.18
160.60	52.94	57.14	64.45	-1.34	1.15
161.20	53.78	57.56	65.56	0.82	1.12
161.80	53.58	57.78	66.05	1.04	1.12
162.40	52.96	57.16	65.93	-0.09	1.14
163.00	52.49	55.14	65.33	-0.43	1.12
163.60	52.29	54.71	65.29	0.99	1.12
164.20	52.29	54.83	65.51	2.28	1.14
164.80	52.70	54.73	65.01	-4.47	1.27
165.40	51.34	53.79	63.97	-7.10	1.31
166.00	50.14	53.11	62.90	-5.41	1.28
166.60	50.84	53.44	63.19	-1.37	1.21
167.20	50.98	53.97	63.27	-1.34	1.19
167.80	50.61	54.19	63.00	-4.60	1.24
168.40	49.46	53.34	61.76	-3.41	1.21
169.00	50.68	54.21	62.21	-1.89	1.18
169.60	52.67	55.34	63.92	-0.77	1.17
170.20	54.17	55.43	65.03	1.17	1.14
170.80	52.88	55.09	64.68	-1.26	1.19
171.40	51.60	54.75	64.36	-2.65	1.22
172.00	51.92	54.58	65.15	1.54	1.15
172.60	52.28	54.57	65.68	2.07	1.16
173.20	52.10	54.13	65.38	-0.42	1.21
173.80	51.05	52.87	63.30	-6.88	1.32
174.40	50.31	52.71	62.56	-6.84	1.31
175.00	50.03	53.14	62.95	-1.74	1.21
175.60	50.60	53.85	62.60	-6.26	1.28
176.20	50.44	53.96	61.80	-8.25	1.30
176.80	49.68	53.64	60.58	-5.39	1.22
177.40	50.74	54.36	61.22	-2.87	1.18
178.00	51.25	55.16	62.18	-2.71	1.17
>>>>>>> 4966aae922150d281e7f47d431009d8054258bc0
=======
TIEMPO	VFSCd	VFSCi	PAMn	PCC	RAP
0.40	52.00	53.49	64.43	-5.76	1.30
1.00	52.94	52.82	64.68	-1.78	1.24
1.60	52.53	52.01	64.22	0.40	1.21
2.20	50.19	50.92	62.63	1.34	1.20
2.80	50.25	50.81	62.75	-2.12	1.28
3.40	50.90	51.36	63.47	-5.13	1.34
4.00	51.25	52.58	63.90	-1.95	1.25
4.60	50.67	51.17	63.07	-2.35	1.26
5.20	50.02	49.87	61.73	-4.88	1.32
5.80	49.72	50.67	62.01	-1.93	1.25
6.40	50.49	51.27	62.44	-1.74	1.24
7.00	51.40	51.62	62.85	-4.82	1.29
7.60	51.24	51.40	61.85	1.54	1.16
8.20	52.58	53.20	62.47	0.70	1.16
8.80	54.35	55.24	64.50	-6.04	1.28
9.40	55.61	56.00	66.33	-5.21	1.28
10.00	55.77	55.89	66.95	-3.31	1.24
10.60	55.31	55.67	66.94	-1.61	1.21
11.20	54.54	55.95	67.95	0.07	1.20
11.80	53.71	55.25	68.06	-2.39	1.26
12.40	52.95	54.60	67.63	-4.07	1.30
13.00	52.28	54.57	66.96	0.67	1.21
13.60	52.00	53.89	66.48	0.99	1.21
14.20	51.72	53.33	66.18	-1.89	1.27
14.80	50.93	53.61	65.96	-1.22	1.24
15.40	51.21	53.38	65.54	-1.87	1.25
16.00	51.59	52.88	64.93	-4.00	1.29
16.60	50.62	52.45	64.17	-6.85	1.33
17.20	50.36	52.23	63.75	-6.10	1.31
17.80	50.74	52.15	63.74	-1.20	1.23
18.40	50.96	52.03	63.47	-3.28	1.28
19.00	50.84	51.75	63.25	-4.39	1.31
19.60	50.45	51.39	63.12	0.10	1.22
20.20	51.59	51.86	64.00	-0.57	1.24
20.80	52.49	52.55	64.86	-2.19	1.27
21.40	52.92	53.41	65.30	-2.80	1.27
22.00	52.77	52.53	64.55	-2.00	1.25
22.60	52.77	52.44	64.10	-1.86	1.25
23.20	53.02	53.44	65.11	-3.62	1.28
23.80	53.39	53.96	65.59	-7.00	1.34
24.40	53.12	53.88	65.16	-8.78	1.36
25.00	51.26	52.75	63.02	-5.97	1.30
25.60	51.63	52.90	63.01	-5.25	1.29
26.20	52.52	53.52	63.85	-5.56	1.30
26.80	53.21	54.49	64.39	-5.85	1.28
27.40	52.21	53.52	63.72	-4.38	1.25
28.00	51.08	52.09	61.98	-1.41	1.21
28.60	51.75	51.92	62.49	-0.33	1.20
29.20	52.35	51.84	63.02	-0.53	1.22
29.80	52.55	51.65	63.15	-1.84	1.25
30.40	51.37	50.81	62.49	0.66	1.20
31.00	50.99	50.66	62.41	1.62	1.19
31.60	51.50	51.22	63.75	-2.46	1.28
32.20	51.26	51.54	64.60	-3.05	1.30
32.80	50.83	51.63	64.85	-2.28	1.29
33.40	50.55	51.49	63.96	-0.83	1.25
34.00	50.02	51.63	64.07	-2.50	1.29
34.60	50.18	52.10	64.72	-4.98	1.34
35.20	52.19	53.15	65.79	-4.89	1.33
35.80	51.99	52.85	65.34	-5.46	1.33
36.40	51.06	52.33	63.62	-6.82	1.35
37.00	51.26	53.00	64.36	-6.48	1.33
37.60	50.94	53.03	64.78	-6.25	1.33
38.20	50.41	52.71	64.52	-6.30	1.34
38.80	50.01	52.15	64.02	-4.50	1.31
39.40	50.19	52.44	63.97	-4.17	1.30
40.00	50.84	53.40	64.73	-7.20	1.34
40.60	50.74	53.82	65.03	-5.21	1.29
41.20	51.06	53.87	65.13	-2.63	1.25
41.80	51.68	53.57	65.19	-1.38	1.25
42.40	50.24	52.35	64.20	-0.47	1.23
43.00	49.53	51.39	63.40	-1.05	1.25
43.60	49.65	50.75	63.23	-3.60	1.30
44.20	49.78	51.87	63.34	-3.20	1.28
44.80	49.34	51.74	62.83	-2.38	1.25
45.40	48.02	49.43	60.82	-2.66	1.30
46.00	48.27	49.53	60.71	-2.56	1.21
46.60	48.99	50.42	61.40	-2.72	1.14
47.20	49.97	51.62	62.03	-4.76	1.25
47.80	49.29	51.33	61.26	-2.95	1.24
48.40	49.01	51.22	60.67	-1.54	1.20
49.00	50.39	52.38	61.70	-4.84	1.27
49.60	52.80	53.47	62.83	-6.31	1.29
50.20	53.93	53.74	63.17	-6.54	1.28
50.80	52.23	52.65	62.13	-6.57	1.29
51.40	53.48	53.76	63.06	-3.84	1.25
52.00	54.32	54.43	64.14	-1.03	1.20
52.60	54.36	54.37	64.24	0.42	1.17
53.20	54.60	55.05	64.20	-0.37	1.17
53.80	54.56	54.99	64.24	-0.55	1.17
54.40	54.59	54.77	64.49	0.62	1.16
55.00	55.85	56.06	66.01	-2.31	1.22
55.60	56.04	56.50	66.98	-5.38	1.28
56.20	55.64	56.46	67.21	-7.37	1.32
56.80	55.30	56.70	66.86	-4.99	1.26
57.40	54.83	56.31	66.46	-2.30	1.21
58.00	54.30	55.52	66.18	-0.82	1.19
58.60	54.72	56.30	66.27	-3.15	1.22
59.20	54.71	56.58	66.17	-4.71	1.24
59.80	54.07	56.04	65.58	-1.18	1.17
60.40	53.74	55.44	64.56	-2.48	1.20
61.00	53.58	54.99	63.85	-4.31	1.23
61.60	53.52	54.72	64.15	-3.21	1.22
62.20	53.64	54.97	64.33	-3.33	1.23
62.80	53.46	55.01	64.33	-4.33	1.24
63.40	52.28	53.94	63.72	-1.58	1.20
64.00	52.62	53.98	64.04	-0.36	1.18
64.60	53.10	54.48	65.04	-0.75	1.19
65.20	52.55	55.23	65.88	-0.37	1.20
65.80	51.10	53.77	65.36	0.87	1.18
66.40	49.94	52.09	63.57	2.87	1.16
67.00	50.60	52.64	64.22	-0.40	1.22
67.60	50.59	53.09	64.78	-1.85	1.24
68.20	49.79	53.06	64.85	0.71	1.21
68.80	49.08	52.17	63.81	-0.75	1.23
69.40	49.00	51.46	63.09	-3.57	1.28
70.00	49.75	51.36	63.46	-6.16	1.35
70.60	51.00	53.46	64.85	-7.68	1.35
71.20	52.35	54.79	66.11	-8.47	1.36
71.80	53.61	54.20	66.53	-9.02	1.40
72.40	53.40	54.77	66.95	-6.25	1.35
73.00	52.78	55.15	67.48	-4.57	1.30
73.60	52.15	54.85	68.31	-7.44	1.37
74.20	51.72	53.83	67.99	-5.73	1.36
74.80	51.24	52.92	67.26	-2.99	1.32
75.40	50.36	52.64	67.03	-3.79	1.34
76.00	50.50	52.63	66.81	-6.30	1.38
76.60	50.82	52.58	66.47	-9.38	1.43
77.20	49.66	51.18	65.00	-3.60	1.32
77.80	49.03	51.32	64.09	0.09	1.25
78.40	49.19	53.19	64.84	-4.98	1.31
79.00	49.79	54.19	65.08	-7.24	1.34
79.60	50.08	54.39	64.81	-7.31	1.32
80.20	49.67	53.79	63.80	-4.60	1.26
80.80	49.86	53.56	63.23	-4.25	1.25
81.40	50.38	53.73	63.08	-6.05	1.28
82.00	51.28	54.52	63.19	-1.37	1.18
82.60	50.98	54.62	62.74	-0.95	1.16
83.20	49.90	54.15	61.58	-6.84	1.26
83.80	50.77	54.27	61.52	-8.17	1.28
84.40	51.79	54.54	61.90	-7.42	1.26
85.00	52.62	54.82	62.46	-5.64	1.24
85.60	53.26	54.49	62.19	-4.49	1.22
86.20	53.61	54.22	61.96	-3.14	1.19
86.80	53.65	54.11	62.19	-0.86	1.15
87.40	53.79	55.28	62.49	-1.03	1.15
88.00	53.64	55.98	62.62	-1.75	1.14
88.60	53.07	55.81	62.56	-2.25	1.05
89.20	52.50	55.04	61.79	-1.05	1.07
89.80	52.21	54.95	61.39	0.26	1.11
90.40	52.38	56.58	63.10	0.18	1.12
91.00	52.99	57.69	64.49	-1.79	1.15
91.60	53.50	57.91	65.25	-4.89	1.19
92.20	53.23	56.73	65.14	-2.87	1.18
92.80	53.32	56.50	65.40	-0.12	1.16
93.40	53.47	56.66	66.10	2.27	1.12
94.00	52.89	56.23	65.95	1.44	1.14
94.60	52.49	55.61	65.54	-0.44	1.18
95.20	52.47	54.88	65.13	-2.48	1.21
95.80	51.91	54.67	65.07	-2.82	1.23
96.40	51.49	54.35	64.93	-2.90	1.25
97.00	51.60	53.46	63.92	-5.10	1.28
97.60	51.82	53.82	63.83	-3.73	1.25
98.20	52.31	54.71	64.57	-0.64	1.19
98.80	53.50	55.65	65.83	-3.82	1.25
99.40	52.56	55.54	66.23	-4.06	1.26
100.00	51.48	54.97	65.93	-1.91	1.23
100.60	51.82	54.30	65.22	-2.20	1.24
101.20	52.34	54.95	66.15	-3.08	1.26
101.80	52.38	55.26	67.27	-3.96	1.29
102.40	51.73	54.25	67.21	-5.12	1.34
103.00	49.99	53.03	66.09	-3.65	1.30
103.60	49.03	52.34	65.46	-1.77	1.30
104.20	49.98	52.53	66.56	-0.96	1.46
104.80	50.45	53.28	66.55	-3.38	1.43
105.40	50.54	53.58	65.86	-5.59	1.34
106.00	50.25	52.73	64.89	-5.28	1.33
106.60	50.07	53.20	64.81	-2.39	1.26
107.20	49.86	53.67	64.76	-0.94	1.22
107.80	49.54	53.46	64.02	-4.62	1.29
108.40	49.36	52.68	63.27	-4.65	1.27
109.00	49.68	52.69	63.16	-3.38	1.26
109.60	50.73	54.19	64.17	-3.14	1.34
110.20	51.28	54.97	64.39	-3.66	1.29
110.80	51.79	54.88	64.31	-4.61	1.24
111.40	52.46	53.86	64.34	-6.06	1.30
112.00	53.25	53.71	64.80	-2.48	1.25
112.60	53.34	53.31	64.92	-0.07	1.21
113.20	52.42	52.23	64.30	-2.60	1.27
113.80	52.17	52.60	63.63	-2.61	1.25
114.40	52.17	52.74	63.26	-0.90	1.21
115.00	52.33	51.80	63.48	2.72	1.17
115.60	51.08	51.92	62.75	-2.37	1.25
116.20	50.03	52.19	61.75	-8.30	1.33
116.80	50.23	52.05	61.18	-6.39	1.29
117.40	49.34	52.42	60.91	-4.88	1.25
118.00	48.56	52.71	60.80	-4.54	1.23
118.60	49.38	52.13	60.18	-5.13	1.24
119.20	49.05	52.32	59.65	-5.10	1.23
119.80	48.71	53.04	59.31	-4.37	1.19
120.40	49.94	54.09	61.08	-4.24	1.28
121.00	51.34	54.76	62.40	-4.38	1.30
121.60	52.36	54.91	62.82	-4.60	1.24
122.20	51.04	53.31	61.90	-3.03	1.21
122.80	51.12	53.20	61.76	-2.05	1.19
123.40	52.52	54.41	63.29	-2.60	1.20
124.00	52.54	55.14	63.89	-3.66	1.22
124.60	51.68	54.99	63.50	-3.51	1.21
125.20	49.89	53.90	61.87	-0.92	1.15
125.80	50.07	53.77	62.56	-2.17	1.20
126.40	50.94	54.16	63.70	-3.35	1.24
127.00	51.93	55.07	63.74	-0.85	1.17
127.60	52.89	55.09	63.77	-0.83	1.17
128.20	53.12	55.11	63.83	-2.64	1.21
128.80	52.08	56.21	64.07	-2.92	1.20
129.40	50.70	54.72	63.36	-2.61	1.20
130.00	49.98	52.90	62.11	-1.81	1.21
130.60	50.58	52.45	61.88	1.04	1.15
131.20	49.62	51.86	61.17	-0.96	1.18
131.80	48.78	51.43	60.75	-3.69	1.24
132.40	49.51	51.32	61.46	-2.17	1.24
133.00	49.80	52.10	62.71	-3.09	1.27
133.60	49.43	52.56	63.62	-4.46	1.28
134.20	48.19	51.98	62.77	-3.40	1.26
134.80	48.40	52.07	63.33	-1.96	1.25
135.40	49.15	52.70	64.50	-1.10	1.24
136.00	49.91	53.84	65.56	-1.98	1.26
136.60	48.92	52.85	64.89	-0.56	1.23
137.20	48.11	51.83	63.53	1.58	1.19
137.80	48.84	52.36	64.32	-0.33	1.22
138.40	49.43	52.04	64.74	-2.19	1.27
139.00	49.73	51.56	64.49	-3.59	1.31
139.60	49.51	51.79	63.39	-5.21	1.33
140.20	49.55	52.25	62.60	-6.51	1.33
140.80	49.92	52.80	62.88	-7.95	1.33
141.40	49.48	52.63	62.31	-5.29	1.28
142.00	49.04	52.26	61.34	-2.59	1.22
142.60	48.99	51.84	60.05	-3.69	1.23
143.20	48.87	52.06	59.35	-4.74	1.23
143.80	48.75	52.44	59.23	-5.41	1.22
144.40	48.82	52.33	58.76	-4.38	1.20
145.00	48.87	52.31	58.35	-4.63	1.20
145.60	48.87	52.47	58.06	-9.17	1.28
146.20	49.65	53.20	57.99	-6.12	1.21
146.80	50.71	54.25	58.31	-1.91	1.11
147.40	52.09	55.86	59.30	-1.70	1.08
148.00	52.75	56.54	59.99	-2.20	1.10
148.60	52.82	56.64	60.38	-2.66	1.11
149.20	52.02	56.16	60.67	-3.47	1.04
149.80	52.72	56.53	61.37	-1.22	1.00
150.40	53.67	57.15	62.38	2.94	1.02
151.00	53.09	57.33	62.83	0.69	1.08
151.60	53.05	57.24	63.15	-0.95	1.11
152.20	53.63	57.05	63.54	0.35	1.09
152.80	54.72	57.48	64.41	0.77	1.06
153.40	55.27	57.27	64.95	0.58	1.06
154.00	55.16	56.36	64.73	-0.26	1.14
154.60	54.33	55.67	64.40	-0.46	1.12
155.20	53.76	55.22	64.20	-0.57	1.10
155.80	54.02	55.06	64.37	-1.47	1.18
156.40	53.43	54.85	63.86	0.75	1.15
157.00	52.93	54.88	63.30	2.68	1.10
157.60	53.10	55.25	63.46	-0.51	1.16
158.20	53.20	56.11	63.77	-1.47	1.16
158.80	53.21	56.76	64.01	-0.77	1.14
159.40	53.26	56.68	63.56	-3.09	1.18
160.00	52.94	56.81	63.72	-3.17	1.18
160.60	52.94	57.14	64.45	-1.34	1.15
161.20	53.78	57.56	65.56	0.82	1.12
161.80	53.58	57.78	66.05	1.04	1.12
162.40	52.96	57.16	65.93	-0.09	1.14
163.00	52.49	55.14	65.33	-0.43	1.12
163.60	52.29	54.71	65.29	0.99	1.12
164.20	52.29	54.83	65.51	2.28	1.14
164.80	52.70	54.73	65.01	-4.47	1.27
165.40	51.34	53.79	63.97	-7.10	1.31
166.00	50.14	53.11	62.90	-5.41	1.28
166.60	50.84	53.44	63.19	-1.37	1.21
167.20	50.98	53.97	63.27	-1.34	1.19
167.80	50.61	54.19	63.00	-4.60	1.24
168.40	49.46	53.34	61.76	-3.41	1.21
169.00	50.68	54.21	62.21	-1.89	1.18
169.60	52.67	55.34	63.92	-0.77	1.17
170.20	54.17	55.43	65.03	1.17	1.14
170.80	52.88	55.09	64.68	-1.26	1.19
171.40	51.60	54.75	64.36	-2.65	1.22
172.00	51.92	54.58	65.15	1.54	1.15
172.60	52.28	54.57	65.68	2.07	1.16
173.20	52.10	54.13	65.38	-0.42	1.21
173.80	51.05	52.87	63.30	-6.88	1.32
174.40	50.31	52.71	62.56	-6.84	1.31
175.00	50.03	53.14	62.95	-1.74	1.21
175.60	50.60	53.85	62.60	-6.26	1.28
176.20	50.44	53.96	61.80	-8.25	1.30
176.80	49.68	53.64	60.58	-5.39	1.22
177.40	50.74	54.36	61.22	-2.87	1.18
178.00	51.25	55.16	62.18	-2.71	1.17
>>>>>>> 4966aae922150d281e7f47d431009d8054258bc0
178.60	50.80	55.89	62.74	-5.84	1.22