<<<<<<< HEAD
TIEMPO	VFSCd	VFSCi	PAMn	PCC	RAP
0.40	67.62	41.86	80.50	27.28	1.27
1.00	67.58	42.78	80.55	25.52	1.28
1.60	68.71	44.00	81.09	23.36	1.31
2.20	70.46	45.28	82.25	21.54	1.35
2.80	73.00	46.77	84.12	20.97	1.35
3.40	76.04	48.33	86.47	22.62	1.33
4.00	77.47	48.95	88.79	27.25	1.25
4.60	76.59	48.52	88.78	21.25	1.38
5.20	76.93	48.58	89.81	23.34	1.37
5.80	78.32	50.33	92.08	20.84	1.41
6.40	75.97	48.83	91.04	22.94	1.37
7.00	73.96	47.27	89.81	22.32	1.42
7.60	71.47	46.10	88.67	22.96	1.41
8.20	69.34	45.40	87.25	25.50	1.34
8.80	68.50	45.25	86.28	18.61	1.49
9.40	68.56	45.50	85.15	23.77	1.35
10.00	68.68	44.78	84.35	18.95	1.43
10.60	68.65	44.47	83.86	21.53	1.38
11.20	67.88	43.88	82.99	24.75	1.32
11.80	66.69	42.82	81.66	22.91	1.36
12.40	65.83	41.93	80.59	22.32	1.36
13.00	66.42	42.70	81.35	25.64	1.29
13.60	65.91	43.53	79.94	21.80	1.32
14.20	66.75	44.41	79.72	17.04	1.40
14.80	69.38	46.19	81.45	23.35	1.25
15.40	72.37	48.05	83.32	24.31	1.22
16.00	71.76	47.30	83.80	24.49	1.25
16.60	70.39	46.67	83.76	24.57	1.26
17.20	70.88	47.30	84.22	23.04	1.26
17.80	72.65	47.75	86.15	25.12	1.26
18.40	71.78	46.60	86.20	22.22	1.36
19.00	72.04	47.27	86.58	17.47	1.44
19.60	71.90	47.64	87.75	18.65	1.44
20.20	72.83	47.78	88.71	22.94	1.38
20.80	73.22	47.84	89.24	25.13	1.34
21.40	72.14	47.56	89.69	22.03	1.40
22.00	69.90	45.97	89.01	18.83	1.50
22.60	68.55	45.78	88.40	22.51	1.44
23.20	68.36	45.66	88.04	24.40	1.39
23.80	68.04	45.26	87.64	23.41	1.39
24.40	67.42	44.80	86.64	21.23	1.45
25.00	69.60	45.75	87.43	16.45	1.53
25.60	71.71	46.54	87.93	21.37	1.42
26.20	70.99	46.48	87.66	22.19	1.40
26.80	70.51	46.23	86.96	17.98	1.49
27.40	72.39	46.44	86.48	24.57	1.34
28.00	74.56	47.69	87.73	26.75	1.28
28.60	75.10	48.29	87.76	21.17	1.36
29.20	75.06	49.71	87.46	18.84	1.37
29.80	74.89	49.46	86.86	19.41	1.35
30.40	74.71	48.75	86.03	20.97	1.32
31.00	74.82	48.85	85.58	24.36	1.24
31.60	76.43	48.96	85.19	22.87	1.21
32.20	77.71	49.42	85.09	23.28	1.48
32.80	77.27	49.42	84.20	20.38	1.40
33.40	77.83	49.81	83.66	19.85	1.27
34.00	79.41	50.38	83.70	22.13	1.21
34.60	80.74	50.62	83.84	23.54	1.18
35.20	80.16	50.30	84.03	23.03	1.20
35.80	80.39	50.71	83.95	27.40	1.09
36.40	79.86	51.10	83.94	21.40	1.21
37.00	80.13	51.19	83.87	19.65	1.25
37.60	81.11	52.12	83.94	23.15	1.17
38.20	81.91	53.35	84.59	22.71	1.15
38.80	81.59	52.83	85.49	27.14	1.09
39.40	80.50	52.17	85.95	24.02	1.17
40.00	79.57	51.71	86.60	21.71	1.24
40.60	79.34	51.08	86.67	24.13	1.23
41.20	80.04	52.20	88.65	29.04	1.15
41.80	78.86	52.55	89.19	26.42	1.18
42.40	77.96	51.60	87.74	21.51	1.27
43.00	77.85	50.08	86.80	26.91	1.20
43.60	76.27	48.92	85.30	25.31	1.21
44.20	75.74	48.54	83.53	23.71	1.22
44.80	74.68	47.76	81.91	23.98	1.20
45.40	75.84	48.04	82.02	24.03	1.19
46.00	75.78	48.33	82.04	26.18	1.15
46.60	75.63	48.51	81.88	26.68	1.15
47.20	75.89	48.75	82.00	24.23	1.18
47.80	75.72	49.16	81.87	27.48	1.12
48.40	76.11	49.48	82.39	24.71	1.15
49.00	76.21	49.65	82.89	22.97	1.20
49.60	74.74	49.37	82.36	22.71	1.21
50.20	73.06	48.50	81.30	23.42	1.20
50.80	72.28	47.46	81.51	25.06	1.20
51.40	72.53	47.86	82.58	28.46	1.12
52.00	72.31	48.16	83.61	22.42	1.26
52.60	72.25	47.54	84.09	21.99	1.29
53.20	72.30	47.34	84.59	25.64	1.24
53.80	72.19	47.55	85.46	27.68	1.22
54.40	71.67	46.45	84.97	24.52	1.30
55.00	71.78	46.36	84.45	22.44	1.32
55.60	72.06	46.85	84.44	24.06	1.28
56.20	72.80	47.35	84.83	23.39	1.29
56.80	73.92	47.60	85.37	18.09	1.40
57.40	74.93	47.21	85.27	22.86	1.33
58.00	75.33	48.22	85.53	22.58	1.30
58.60	75.54	49.15	86.62	22.77	1.29
59.20	74.26	49.16	86.67	23.18	1.28
59.80	73.04	48.70	85.31	22.29	1.28
60.40	73.20	48.32	84.62	20.25	1.32
61.00	73.45	49.55	85.16	25.32	1.20
61.60	74.52	48.58	85.67	22.00	1.30
62.20	73.95	48.27	85.41	22.46	1.30
62.80	73.73	48.20	84.77	25.17	1.22
63.40	74.60	48.16	84.66	19.13	1.36
64.00	74.99	49.10	84.77	18.62	1.34
64.60	75.03	47.91	83.97	17.18	1.41
65.20	75.43	48.76	84.02	18.21	1.34
65.80	78.26	50.47	85.58	19.85	1.31
66.40	81.40	51.64	87.81	19.53	1.44
67.00	80.47	52.02	88.19	16.96	1.41
67.60	81.35	53.08	89.83	14.46	1.41
68.20	80.77	52.96	90.56	14.62	1.43
68.80	80.63	52.45	91.89	21.69	1.32
69.40	80.07	51.61	92.69	26.43	1.27
70.00	78.65	51.20	92.55	25.23	1.33
70.60	76.60	51.40	92.51	18.52	1.43
71.20	75.28	49.84	92.52	24.89	1.37
71.80	72.60	47.91	90.68	24.36	1.41
72.40	69.66	46.00	88.50	21.07	1.47
73.00	68.03	45.04	87.00	19.06	1.50
73.60	68.38	45.62	86.58	19.77	1.44
74.20	68.01	45.76	85.62	18.94	1.44
74.80	69.92	46.54	85.68	17.99	1.45
75.40	72.89	47.76	86.95	18.09	1.44
76.00	76.40	49.44	89.30	17.50	1.45
76.60	78.56	50.65	91.70	15.92	1.49
77.20	76.54	49.70	91.13	22.83	1.37
77.80	76.66	49.73	91.69	22.08	1.35
78.40	76.45	49.52	92.64	21.42	1.53
79.00	76.31	48.94	93.24	21.58	1.59
79.60	75.45	48.09	93.02	22.15	1.47
80.20	73.51	47.11	90.88	24.56	1.39
80.80	72.01	46.55	90.47	20.85	1.47
81.40	72.62	47.52	90.38	18.77	1.48
82.00	73.21	47.52	90.14	17.71	1.56
82.60	73.44	47.42	89.74	18.00	1.67
83.20	73.85	48.10	89.30	27.97	1.30
83.80	75.26	47.49	90.03	21.27	1.44
84.40	72.95	45.70	88.26	24.17	1.38
85.00	71.46	45.30	86.40	20.90	1.43
85.60	71.35	45.92	85.67	17.65	1.46
86.20	71.44	46.18	85.43	21.65	1.36
86.80	70.01	44.50	83.28	21.61	1.39
87.40	71.19	45.99	82.59	20.16	1.38
88.00	71.87	46.35	83.53	14.69	1.48
88.60	73.09	47.43	84.77	16.42	1.43
89.20	73.21	47.72	85.18	18.53	1.38
89.80	71.90	46.84	84.62	18.03	1.41
90.40	70.08	45.67	83.70	25.01	1.28
91.00	69.84	46.95	84.64	23.30	1.32
91.60	68.95	46.10	84.09	17.18	1.43
92.20	68.11	45.96	83.49	22.06	1.32
92.80	68.66	45.97	83.86	28.17	1.20
93.40	69.40	45.53	84.88	26.94	1.25
94.00	68.74	45.21	85.26	23.94	1.36
94.60	69.99	47.38	86.89	24.81	1.30
95.20	72.45	47.21	89.22	24.82	1.62
95.80	73.27	47.44	91.12	25.26	1.47
96.40	71.98	46.48	90.88	20.10	1.53
97.00	68.24	44.50	89.54	19.45	1.58
97.60	66.25	43.17	88.50	23.09	1.52
98.20	66.56	42.88	88.73	23.78	1.50
98.80	64.42	42.37	87.16	24.10	1.46
99.40	63.20	41.70	85.41	24.61	1.67
100.00	63.92	42.25	84.47	23.25	1.59
100.60	66.80	43.97	85.18	19.33	1.49
101.20	69.06	45.08	86.64	16.45	1.54
101.80	69.62	45.12	86.49	21.45	1.45
102.40	70.15	45.81	87.02	24.67	1.36
103.00	71.92	45.88	88.79	25.49	1.39
103.60	70.62	46.16	89.10	21.10	1.46
104.20	69.78	45.35	87.94	23.84	1.41
104.80	69.35	45.15	87.69	23.69	1.42
105.40	70.37	45.47	88.44	20.33	1.49
106.00	71.66	45.79	88.85	20.96	1.48
106.60	71.88	46.26	88.73	21.70	1.45
107.20	73.44	47.55	89.10	14.49	1.57
107.80	77.62	48.46	91.16	11.86	1.79
108.40	76.68	49.46	91.50	23.70	1.34
109.00	74.78	47.51	89.73	26.29	1.57
109.60	74.63	46.55	89.38	23.80	1.50
110.20	75.35	48.19	89.32	17.05	1.52
110.80	75.09	47.83	90.12	14.71	1.58
111.40	74.53	47.64	89.60	21.64	1.43
112.00	74.23	47.38	88.71	23.43	1.37
112.60	73.53	46.61	88.43	18.78	1.48
113.20	74.05	46.70	88.77	18.78	1.52
113.80	76.98	48.32	90.57	23.25	1.37
114.40	76.79	47.90	90.62	17.41	1.53
115.00	76.94	47.97	90.57	17.25	1.52
115.60	78.24	48.84	91.56	21.49	1.44
116.20	77.59	48.07	91.59	20.62	1.48
116.80	76.14	46.81	90.16	23.95	1.41
117.40	74.31	46.24	88.87	25.35	1.38
118.00	73.63	46.91	88.60	23.52	1.41
118.60	74.01	47.78	88.95	22.88	1.38
119.20	74.10	47.43	88.21	19.90	1.42
119.80	73.22	47.22	87.70	23.99	1.32
120.40	74.80	47.28	87.30	22.38	1.38
121.00	77.02	48.39	88.73	20.30	1.39
121.60	78.01	49.81	89.26	22.97	1.33
122.20	77.93	49.82	88.83	20.73	1.38
122.80	80.23	50.23	89.83	16.83	1.44
123.40	79.90	51.10	91.46	15.45	1.46
124.00	78.68	51.30	91.82	17.45	1.46
124.60	78.13	50.62	91.50	21.58	1.38
125.20	76.51	49.47	90.27	18.42	1.45
125.80	75.75	48.58	91.29	17.21	1.50
126.40	73.47	47.88	89.66	18.83	1.51
127.00	69.65	46.85	88.74	21.22	1.38
127.60	70.79	46.71	88.94	21.61	1.70
128.20	72.66	49.08	90.54	22.98	1.51
128.80	71.03	48.08	89.69	22.36	1.23
129.40	69.35	46.47	87.90	25.79	1.22
130.00	67.31	45.45	86.90	20.84	1.43
130.60	69.62	47.03	88.00	15.85	1.53
131.20	71.09	47.69	89.32	21.40	1.40
131.80	69.81	46.63	88.09	24.75	1.36
132.40	67.95	45.00	86.56	24.04	1.37
133.00	67.08	43.72	85.83	21.04	1.48
133.60	67.21	44.13	86.01	24.53	1.39
134.20	67.85	45.04	86.71	26.60	1.33
134.80	67.71	43.43	85.30	17.71	1.53
135.40	64.21	42.41	84.06	13.35	1.66
136.00	65.94	42.71	83.67	19.03	1.52
136.60	66.91	42.45	84.40	21.39	1.48
137.20	67.71	43.56	84.17	24.11	1.38
137.80	68.01	43.78	83.78	21.93	1.39
138.40	68.55	43.70	84.21	22.24	1.41
139.00	68.55	44.75	85.24	21.46	1.43
139.60	67.66	43.95	85.08	20.72	1.45
140.20	65.01	42.55	83.68	21.84	1.44
140.80	63.24	42.10	82.50	22.83	1.43
141.40	64.86	42.44	82.30	22.74	1.62
142.00	63.59	42.77	82.35	18.67	1.51
142.60	64.11	42.62	81.45	24.13	1.31
143.20	62.38	42.13	80.46	23.67	1.34
143.80	61.88	41.66	79.54	24.92	1.30
144.40	62.50	41.85	79.19	27.02	1.23
145.00	63.33	42.30	79.54	26.27	1.25
145.60	64.33	42.50	79.75	18.40	1.45
146.20	66.26	44.29	80.76	25.75	1.24
146.80	68.31	45.44	81.88	27.50	1.19
147.40	69.54	44.86	82.07	26.27	1.24
148.00	70.09	44.94	81.74	24.08	1.29
148.60	69.45	45.11	82.08	23.66	1.27
149.20	71.01	46.58	83.77	24.91	1.29
149.80	73.78	48.72	86.35	25.02	1.45
150.40	72.43	48.34	86.77	25.43	1.30
151.00	72.60	47.67	87.22	24.39	1.34
151.60	71.47	47.82	88.67	23.92	1.20
152.20	71.11	47.35	88.74	25.78	1.27
152.80	70.30	45.65	88.42	24.23	1.39
153.40	69.58	46.23	88.48	25.73	1.36
154.00	70.56	47.14	89.30	28.76	1.29
154.60	71.74	46.53	90.64	24.49	1.42
155.20	69.12	45.12	89.56	22.38	1.49
155.80	68.01	45.03	88.60	29.08	1.32
156.40	66.11	43.58	88.15	28.02	1.39
157.00	66.82	45.16	89.11	22.85	1.49
157.60	66.71	46.00	89.12	22.72	1.43
158.20	66.42	45.86	88.97	25.60	1.36
158.80	66.05	45.25	88.95	25.99	1.38
159.40	66.09	45.37	88.62	23.64	1.42
160.00	66.68	45.94	88.56	25.14	1.37
160.60	66.26	45.10	87.49	23.10	1.41
161.20	66.94	45.19	86.81	27.13	1.29
161.80	69.30	45.35	87.57	22.05	1.43
162.40	68.92	44.70	86.38	18.72	1.50
163.00	68.29	44.49	85.02	18.72	1.48
163.60	68.60	44.30	84.82	20.94	1.42
164.20	70.72	45.12	86.31	19.38	1.47
164.80	71.73	46.61	88.18	16.63	1.54
165.40	70.56	47.12	87.54	26.79	1.29
166.00	70.62	45.60	87.48	21.92	1.43
166.60	69.46	44.77	86.93	28.12	1.32
167.20	67.47	45.39	87.28	25.85	1.35
167.80	68.21	45.78	86.52	15.50	1.55
168.40	67.40	44.14	86.24	23.33	1.42
169.00	70.70	45.56	87.04	25.27	1.37
169.60	67.55	45.01	86.62	21.85	1.42
170.20	65.64	44.85	85.18	20.47	1.44
170.80	66.57	43.81	84.69	19.91	1.48
171.40	66.47	44.11	85.78	19.62	1.49
172.00	67.07	45.51	87.33	20.58	1.49
172.60	68.73	45.54	87.86	20.82	1.63
173.20	68.68	44.64	88.06	24.69	1.44
173.80	67.72	44.25	88.60	18.98	1.57
174.40	66.32	44.70	89.45	27.68	1.37
175.00	65.25	42.82	88.87	24.25	1.48
175.60	64.02	42.38	88.41	28.96	1.40
176.20	64.97	42.82	89.44	28.42	1.44
176.80	65.76	44.52	92.23	25.24	1.53
177.40	66.62	44.83	93.80	22.00	1.62
178.00	65.76	44.10	93.77	26.20	1.52
178.60	64.82	43.89	94.52	28.54	1.49
=======
TIEMPO	VFSCd	VFSCi	PAMn	PCC	RAP
0.40	67.62	41.86	80.50	27.28	1.27
1.00	67.58	42.78	80.55	25.52	1.28
1.60	68.71	44.00	81.09	23.36	1.31
2.20	70.46	45.28	82.25	21.54	1.35
2.80	73.00	46.77	84.12	20.97	1.35
3.40	76.04	48.33	86.47	22.62	1.33
4.00	77.47	48.95	88.79	27.25	1.25
4.60	76.59	48.52	88.78	21.25	1.38
5.20	76.93	48.58	89.81	23.34	1.37
5.80	78.32	50.33	92.08	20.84	1.41
6.40	75.97	48.83	91.04	22.94	1.37
7.00	73.96	47.27	89.81	22.32	1.42
7.60	71.47	46.10	88.67	22.96	1.41
8.20	69.34	45.40	87.25	25.50	1.34
8.80	68.50	45.25	86.28	18.61	1.49
9.40	68.56	45.50	85.15	23.77	1.35
10.00	68.68	44.78	84.35	18.95	1.43
10.60	68.65	44.47	83.86	21.53	1.38
11.20	67.88	43.88	82.99	24.75	1.32
11.80	66.69	42.82	81.66	22.91	1.36
12.40	65.83	41.93	80.59	22.32	1.36
13.00	66.42	42.70	81.35	25.64	1.29
13.60	65.91	43.53	79.94	21.80	1.32
14.20	66.75	44.41	79.72	17.04	1.40
14.80	69.38	46.19	81.45	23.35	1.25
15.40	72.37	48.05	83.32	24.31	1.22
16.00	71.76	47.30	83.80	24.49	1.25
16.60	70.39	46.67	83.76	24.57	1.26
17.20	70.88	47.30	84.22	23.04	1.26
17.80	72.65	47.75	86.15	25.12	1.26
18.40	71.78	46.60	86.20	22.22	1.36
19.00	72.04	47.27	86.58	17.47	1.44
19.60	71.90	47.64	87.75	18.65	1.44
20.20	72.83	47.78	88.71	22.94	1.38
20.80	73.22	47.84	89.24	25.13	1.34
21.40	72.14	47.56	89.69	22.03	1.40
22.00	69.90	45.97	89.01	18.83	1.50
22.60	68.55	45.78	88.40	22.51	1.44
23.20	68.36	45.66	88.04	24.40	1.39
23.80	68.04	45.26	87.64	23.41	1.39
24.40	67.42	44.80	86.64	21.23	1.45
25.00	69.60	45.75	87.43	16.45	1.53
25.60	71.71	46.54	87.93	21.37	1.42
26.20	70.99	46.48	87.66	22.19	1.40
26.80	70.51	46.23	86.96	17.98	1.49
27.40	72.39	46.44	86.48	24.57	1.34
28.00	74.56	47.69	87.73	26.75	1.28
28.60	75.10	48.29	87.76	21.17	1.36
29.20	75.06	49.71	87.46	18.84	1.37
29.80	74.89	49.46	86.86	19.41	1.35
30.40	74.71	48.75	86.03	20.97	1.32
31.00	74.82	48.85	85.58	24.36	1.24
31.60	76.43	48.96	85.19	22.87	1.21
32.20	77.71	49.42	85.09	23.28	1.48
32.80	77.27	49.42	84.20	20.38	1.40
33.40	77.83	49.81	83.66	19.85	1.27
34.00	79.41	50.38	83.70	22.13	1.21
34.60	80.74	50.62	83.84	23.54	1.18
35.20	80.16	50.30	84.03	23.03	1.20
35.80	80.39	50.71	83.95	27.40	1.09
36.40	79.86	51.10	83.94	21.40	1.21
37.00	80.13	51.19	83.87	19.65	1.25
37.60	81.11	52.12	83.94	23.15	1.17
38.20	81.91	53.35	84.59	22.71	1.15
38.80	81.59	52.83	85.49	27.14	1.09
39.40	80.50	52.17	85.95	24.02	1.17
40.00	79.57	51.71	86.60	21.71	1.24
40.60	79.34	51.08	86.67	24.13	1.23
41.20	80.04	52.20	88.65	29.04	1.15
41.80	78.86	52.55	89.19	26.42	1.18
42.40	77.96	51.60	87.74	21.51	1.27
43.00	77.85	50.08	86.80	26.91	1.20
43.60	76.27	48.92	85.30	25.31	1.21
44.20	75.74	48.54	83.53	23.71	1.22
44.80	74.68	47.76	81.91	23.98	1.20
45.40	75.84	48.04	82.02	24.03	1.19
46.00	75.78	48.33	82.04	26.18	1.15
46.60	75.63	48.51	81.88	26.68	1.15
47.20	75.89	48.75	82.00	24.23	1.18
47.80	75.72	49.16	81.87	27.48	1.12
48.40	76.11	49.48	82.39	24.71	1.15
49.00	76.21	49.65	82.89	22.97	1.20
49.60	74.74	49.37	82.36	22.71	1.21
50.20	73.06	48.50	81.30	23.42	1.20
50.80	72.28	47.46	81.51	25.06	1.20
51.40	72.53	47.86	82.58	28.46	1.12
52.00	72.31	48.16	83.61	22.42	1.26
52.60	72.25	47.54	84.09	21.99	1.29
53.20	72.30	47.34	84.59	25.64	1.24
53.80	72.19	47.55	85.46	27.68	1.22
54.40	71.67	46.45	84.97	24.52	1.30
55.00	71.78	46.36	84.45	22.44	1.32
55.60	72.06	46.85	84.44	24.06	1.28
56.20	72.80	47.35	84.83	23.39	1.29
56.80	73.92	47.60	85.37	18.09	1.40
57.40	74.93	47.21	85.27	22.86	1.33
58.00	75.33	48.22	85.53	22.58	1.30
58.60	75.54	49.15	86.62	22.77	1.29
59.20	74.26	49.16	86.67	23.18	1.28
59.80	73.04	48.70	85.31	22.29	1.28
60.40	73.20	48.32	84.62	20.25	1.32
61.00	73.45	49.55	85.16	25.32	1.20
61.60	74.52	48.58	85.67	22.00	1.30
62.20	73.95	48.27	85.41	22.46	1.30
62.80	73.73	48.20	84.77	25.17	1.22
63.40	74.60	48.16	84.66	19.13	1.36
64.00	74.99	49.10	84.77	18.62	1.34
64.60	75.03	47.91	83.97	17.18	1.41
65.20	75.43	48.76	84.02	18.21	1.34
65.80	78.26	50.47	85.58	19.85	1.31
66.40	81.40	51.64	87.81	19.53	1.44
67.00	80.47	52.02	88.19	16.96	1.41
67.60	81.35	53.08	89.83	14.46	1.41
68.20	80.77	52.96	90.56	14.62	1.43
68.80	80.63	52.45	91.89	21.69	1.32
69.40	80.07	51.61	92.69	26.43	1.27
70.00	78.65	51.20	92.55	25.23	1.33
70.60	76.60	51.40	92.51	18.52	1.43
71.20	75.28	49.84	92.52	24.89	1.37
71.80	72.60	47.91	90.68	24.36	1.41
72.40	69.66	46.00	88.50	21.07	1.47
73.00	68.03	45.04	87.00	19.06	1.50
73.60	68.38	45.62	86.58	19.77	1.44
74.20	68.01	45.76	85.62	18.94	1.44
74.80	69.92	46.54	85.68	17.99	1.45
75.40	72.89	47.76	86.95	18.09	1.44
76.00	76.40	49.44	89.30	17.50	1.45
76.60	78.56	50.65	91.70	15.92	1.49
77.20	76.54	49.70	91.13	22.83	1.37
77.80	76.66	49.73	91.69	22.08	1.35
78.40	76.45	49.52	92.64	21.42	1.53
79.00	76.31	48.94	93.24	21.58	1.59
79.60	75.45	48.09	93.02	22.15	1.47
80.20	73.51	47.11	90.88	24.56	1.39
80.80	72.01	46.55	90.47	20.85	1.47
81.40	72.62	47.52	90.38	18.77	1.48
82.00	73.21	47.52	90.14	17.71	1.56
82.60	73.44	47.42	89.74	18.00	1.67
83.20	73.85	48.10	89.30	27.97	1.30
83.80	75.26	47.49	90.03	21.27	1.44
84.40	72.95	45.70	88.26	24.17	1.38
85.00	71.46	45.30	86.40	20.90	1.43
85.60	71.35	45.92	85.67	17.65	1.46
86.20	71.44	46.18	85.43	21.65	1.36
86.80	70.01	44.50	83.28	21.61	1.39
87.40	71.19	45.99	82.59	20.16	1.38
88.00	71.87	46.35	83.53	14.69	1.48
88.60	73.09	47.43	84.77	16.42	1.43
89.20	73.21	47.72	85.18	18.53	1.38
89.80	71.90	46.84	84.62	18.03	1.41
90.40	70.08	45.67	83.70	25.01	1.28
91.00	69.84	46.95	84.64	23.30	1.32
91.60	68.95	46.10	84.09	17.18	1.43
92.20	68.11	45.96	83.49	22.06	1.32
92.80	68.66	45.97	83.86	28.17	1.20
93.40	69.40	45.53	84.88	26.94	1.25
94.00	68.74	45.21	85.26	23.94	1.36
94.60	69.99	47.38	86.89	24.81	1.30
95.20	72.45	47.21	89.22	24.82	1.62
95.80	73.27	47.44	91.12	25.26	1.47
96.40	71.98	46.48	90.88	20.10	1.53
97.00	68.24	44.50	89.54	19.45	1.58
97.60	66.25	43.17	88.50	23.09	1.52
98.20	66.56	42.88	88.73	23.78	1.50
98.80	64.42	42.37	87.16	24.10	1.46
99.40	63.20	41.70	85.41	24.61	1.67
100.00	63.92	42.25	84.47	23.25	1.59
100.60	66.80	43.97	85.18	19.33	1.49
101.20	69.06	45.08	86.64	16.45	1.54
101.80	69.62	45.12	86.49	21.45	1.45
102.40	70.15	45.81	87.02	24.67	1.36
103.00	71.92	45.88	88.79	25.49	1.39
103.60	70.62	46.16	89.10	21.10	1.46
104.20	69.78	45.35	87.94	23.84	1.41
104.80	69.35	45.15	87.69	23.69	1.42
105.40	70.37	45.47	88.44	20.33	1.49
106.00	71.66	45.79	88.85	20.96	1.48
106.60	71.88	46.26	88.73	21.70	1.45
107.20	73.44	47.55	89.10	14.49	1.57
107.80	77.62	48.46	91.16	11.86	1.79
108.40	76.68	49.46	91.50	23.70	1.34
109.00	74.78	47.51	89.73	26.29	1.57
109.60	74.63	46.55	89.38	23.80	1.50
110.20	75.35	48.19	89.32	17.05	1.52
110.80	75.09	47.83	90.12	14.71	1.58
111.40	74.53	47.64	89.60	21.64	1.43
112.00	74.23	47.38	88.71	23.43	1.37
112.60	73.53	46.61	88.43	18.78	1.48
113.20	74.05	46.70	88.77	18.78	1.52
113.80	76.98	48.32	90.57	23.25	1.37
114.40	76.79	47.90	90.62	17.41	1.53
115.00	76.94	47.97	90.57	17.25	1.52
115.60	78.24	48.84	91.56	21.49	1.44
116.20	77.59	48.07	91.59	20.62	1.48
116.80	76.14	46.81	90.16	23.95	1.41
117.40	74.31	46.24	88.87	25.35	1.38
118.00	73.63	46.91	88.60	23.52	1.41
118.60	74.01	47.78	88.95	22.88	1.38
119.20	74.10	47.43	88.21	19.90	1.42
119.80	73.22	47.22	87.70	23.99	1.32
120.40	74.80	47.28	87.30	22.38	1.38
121.00	77.02	48.39	88.73	20.30	1.39
121.60	78.01	49.81	89.26	22.97	1.33
122.20	77.93	49.82	88.83	20.73	1.38
122.80	80.23	50.23	89.83	16.83	1.44
123.40	79.90	51.10	91.46	15.45	1.46
124.00	78.68	51.30	91.82	17.45	1.46
124.60	78.13	50.62	91.50	21.58	1.38
125.20	76.51	49.47	90.27	18.42	1.45
125.80	75.75	48.58	91.29	17.21	1.50
126.40	73.47	47.88	89.66	18.83	1.51
127.00	69.65	46.85	88.74	21.22	1.38
127.60	70.79	46.71	88.94	21.61	1.70
128.20	72.66	49.08	90.54	22.98	1.51
128.80	71.03	48.08	89.69	22.36	1.23
129.40	69.35	46.47	87.90	25.79	1.22
130.00	67.31	45.45	86.90	20.84	1.43
130.60	69.62	47.03	88.00	15.85	1.53
131.20	71.09	47.69	89.32	21.40	1.40
131.80	69.81	46.63	88.09	24.75	1.36
132.40	67.95	45.00	86.56	24.04	1.37
133.00	67.08	43.72	85.83	21.04	1.48
133.60	67.21	44.13	86.01	24.53	1.39
134.20	67.85	45.04	86.71	26.60	1.33
134.80	67.71	43.43	85.30	17.71	1.53
135.40	64.21	42.41	84.06	13.35	1.66
136.00	65.94	42.71	83.67	19.03	1.52
136.60	66.91	42.45	84.40	21.39	1.48
137.20	67.71	43.56	84.17	24.11	1.38
137.80	68.01	43.78	83.78	21.93	1.39
138.40	68.55	43.70	84.21	22.24	1.41
139.00	68.55	44.75	85.24	21.46	1.43
139.60	67.66	43.95	85.08	20.72	1.45
140.20	65.01	42.55	83.68	21.84	1.44
140.80	63.24	42.10	82.50	22.83	1.43
141.40	64.86	42.44	82.30	22.74	1.62
142.00	63.59	42.77	82.35	18.67	1.51
142.60	64.11	42.62	81.45	24.13	1.31
143.20	62.38	42.13	80.46	23.67	1.34
143.80	61.88	41.66	79.54	24.92	1.30
144.40	62.50	41.85	79.19	27.02	1.23
145.00	63.33	42.30	79.54	26.27	1.25
145.60	64.33	42.50	79.75	18.40	1.45
146.20	66.26	44.29	80.76	25.75	1.24
146.80	68.31	45.44	81.88	27.50	1.19
147.40	69.54	44.86	82.07	26.27	1.24
148.00	70.09	44.94	81.74	24.08	1.29
148.60	69.45	45.11	82.08	23.66	1.27
149.20	71.01	46.58	83.77	24.91	1.29
149.80	73.78	48.72	86.35	25.02	1.45
150.40	72.43	48.34	86.77	25.43	1.30
151.00	72.60	47.67	87.22	24.39	1.34
151.60	71.47	47.82	88.67	23.92	1.20
152.20	71.11	47.35	88.74	25.78	1.27
152.80	70.30	45.65	88.42	24.23	1.39
153.40	69.58	46.23	88.48	25.73	1.36
154.00	70.56	47.14	89.30	28.76	1.29
154.60	71.74	46.53	90.64	24.49	1.42
155.20	69.12	45.12	89.56	22.38	1.49
155.80	68.01	45.03	88.60	29.08	1.32
156.40	66.11	43.58	88.15	28.02	1.39
157.00	66.82	45.16	89.11	22.85	1.49
157.60	66.71	46.00	89.12	22.72	1.43
158.20	66.42	45.86	88.97	25.60	1.36
158.80	66.05	45.25	88.95	25.99	1.38
159.40	66.09	45.37	88.62	23.64	1.42
160.00	66.68	45.94	88.56	25.14	1.37
160.60	66.26	45.10	87.49	23.10	1.41
161.20	66.94	45.19	86.81	27.13	1.29
161.80	69.30	45.35	87.57	22.05	1.43
162.40	68.92	44.70	86.38	18.72	1.50
163.00	68.29	44.49	85.02	18.72	1.48
163.60	68.60	44.30	84.82	20.94	1.42
164.20	70.72	45.12	86.31	19.38	1.47
164.80	71.73	46.61	88.18	16.63	1.54
165.40	70.56	47.12	87.54	26.79	1.29
166.00	70.62	45.60	87.48	21.92	1.43
166.60	69.46	44.77	86.93	28.12	1.32
167.20	67.47	45.39	87.28	25.85	1.35
167.80	68.21	45.78	86.52	15.50	1.55
168.40	67.40	44.14	86.24	23.33	1.42
169.00	70.70	45.56	87.04	25.27	1.37
169.60	67.55	45.01	86.62	21.85	1.42
170.20	65.64	44.85	85.18	20.47	1.44
170.80	66.57	43.81	84.69	19.91	1.48
171.40	66.47	44.11	85.78	19.62	1.49
172.00	67.07	45.51	87.33	20.58	1.49
172.60	68.73	45.54	87.86	20.82	1.63
173.20	68.68	44.64	88.06	24.69	1.44
173.80	67.72	44.25	88.60	18.98	1.57
174.40	66.32	44.70	89.45	27.68	1.37
175.00	65.25	42.82	88.87	24.25	1.48
175.60	64.02	42.38	88.41	28.96	1.40
176.20	64.97	42.82	89.44	28.42	1.44
176.80	65.76	44.52	92.23	25.24	1.53
177.40	66.62	44.83	93.80	22.00	1.62
178.00	65.76	44.10	93.77	26.20	1.52
178.60	64.82	43.89	94.52	28.54	1.49
>>>>>>> 4966aae922150d281e7f47d431009d8054258bc0
179.20	64.80	44.68	97.09	21.99	1.71