TIEMPO	VFSCd	VFSCi	PAMn	PCC	RAP
0.40	41.48	43.28	67.68	9.07	1.35
1.00	42.62	43.38	67.61	10.14	1.32
1.60	43.40	43.72	68.01	9.58	1.32
2.20	43.82	44.38	69.07	6.75	1.39
2.80	43.18	43.25	68.42	11.16	1.31
3.40	43.28	43.41	68.73	14.04	1.26
4.00	44.14	45.00	71.26	10.84	1.33
4.60	43.87	45.46	73.07	11.51	1.34
5.20	43.68	44.67	73.96	11.75	1.37
5.80	43.15	43.41	74.02	11.72	1.41
6.40	41.83	42.28	72.88	16.48	1.31
7.00	42.47	42.46	74.32	13.83	1.41
7.60	43.02	43.03	75.93	9.42	1.55
8.20	42.65	43.70	75.85	7.78	1.55
8.80	41.13	41.79	74.00	9.53	1.52
9.40	40.69	41.27	72.87	9.58	1.54
10.00	41.09	41.96	73.29	6.28	1.59
10.60	40.95	41.75	72.86	6.90	1.56
11.20	40.27	41.72	71.57	7.96	1.51
11.80	39.42	41.72	69.81	8.63	1.47
12.40	38.53	41.55	69.03	6.92	1.48
13.00	39.17	41.52	68.54	8.09	1.43
13.60	39.91	41.73	68.05	9.90	1.38
14.20	39.93	42.40	67.60	10.07	1.34
14.80	38.40	41.30	65.41	9.88	1.33
15.40	38.70	41.05	64.18	8.58	1.35
16.00	40.52	41.79	65.32	5.68	1.41
16.60	39.92	41.45	64.70	8.45	1.35
17.20	39.88	40.98	64.19	11.33	1.29
17.80	40.15	40.47	64.12	13.15	1.25
18.40	39.11	39.56	62.55	8.64	1.35
19.00	39.90	40.57	63.59	8.61	1.35
19.60	41.26	41.73	65.22	10.71	1.29
20.20	42.25	41.67	65.15	12.43	1.25
20.80	42.37	41.90	65.45	8.92	1.34
21.40	42.49	42.06	66.03	6.26	1.41
22.00	42.96	42.03	66.57	10.07	1.32
22.60	43.86	43.41	67.74	10.07	1.32
23.20	44.03	43.76	68.46	11.07	1.29
23.80	43.43	43.15	68.47	14.34	1.23
24.40	41.94	42.16	66.81	16.77	1.19
25.00	42.71	43.40	68.51	13.67	1.27
25.60	43.62	44.47	70.84	11.29	1.33
26.20	42.93	43.33	70.95	16.57	1.24
26.80	41.81	42.54	69.87	14.21	1.29
27.40	41.22	42.11	69.28	11.63	1.35
28.00	41.23	41.90	70.04	13.79	1.33
28.60	40.79	41.57	70.14	13.78	1.35
29.20	40.31	41.08	69.87	10.70	1.44
29.80	39.79	40.42	69.35	5.48	1.57
30.40	38.98	39.35	68.30	13.68	1.37
31.00	39.06	39.38	68.15	13.82	1.36
31.60	39.48	40.03	68.33	10.08	1.44
32.20	39.83	40.94	68.51	8.51	1.46
32.80	39.16	40.11	67.04	10.38	1.42
33.40	39.02	40.14	65.90	12.42	1.36
34.00	40.09	42.32	67.32	12.26	1.31
34.60	40.86	43.71	68.22	9.17	1.34
35.20	40.56	43.22	67.99	8.32	1.35
35.80	39.77	41.76	66.06	12.97	1.26
36.40	41.41	43.55	67.87	8.08	1.37
37.00	41.98	44.41	69.03	6.38	1.39
37.60	41.82	44.19	69.04	8.13	1.35
38.20	41.52	43.31	68.19	8.52	1.48
38.80	41.95	43.45	69.17	7.63	1.48
39.40	42.22	43.18	70.18	7.48	1.43
40.00	42.08	42.21	70.04	9.18	1.41
40.60	41.50	42.71	69.84	7.29	1.47
41.20	41.75	40.21	69.17	9.85	1.46
41.80	42.89	38.57	68.87	14.62	1.39
42.40	45.41	41.47	70.94	10.97	1.44
43.00	44.50	42.74	71.66	11.56	1.40
43.60	42.57	41.62	70.23	10.74	1.43
44.20	40.74	39.99	68.05	8.64	1.49
44.80	39.25	39.03	67.30	9.42	1.46
45.40	37.69	38.66	65.87	14.71	1.29
46.00	38.94	40.66	67.23	8.92	1.42
46.60	39.19	40.97	68.13	4.47	1.54
47.20	38.98	40.68	67.70	6.13	1.49
47.80	39.24	40.95	67.38	10.22	1.37
48.40	40.77	42.27	69.08	11.99	1.51
49.00	41.60	43.44	70.54	7.54	1.54
49.60	42.00	43.73	71.36	4.83	1.52
50.20	41.92	42.91	71.46	7.29	1.49
50.80	41.03	41.25	69.62	10.90	1.41
51.40	40.37	41.37	69.77	9.21	1.44
52.00	39.93	41.46	70.24	7.47	1.47
52.60	39.75	40.78	69.85	11.23	1.41
53.20	37.70	39.99	67.41	8.82	1.45
53.80	37.15	39.84	65.74	6.63	1.47
54.40	37.76	40.04	65.97	7.24	1.44
55.00	36.94	39.25	65.02	9.64	1.41
55.60	36.83	38.82	64.07	11.10	1.37
56.20	37.28	38.69	63.35	11.14	1.33
56.80	35.72	37.35	61.60	12.18	1.31
57.40	35.99	37.44	61.00	12.11	1.31
58.00	37.70	38.63	62.23	10.38	1.34
58.60	38.24	39.11	63.08	11.62	1.31
59.20	38.24	39.01	63.15	12.66	1.28
59.80	38.40	38.88	62.36	12.59	1.27
60.40	40.81	40.23	64.74	11.11	1.32
61.00	41.47	41.10	66.28	12.73	1.29
61.60	41.07	41.11	66.59	16.64	1.20
62.20	40.48	39.75	65.78	14.28	1.28
62.80	40.42	40.28	66.36	12.59	1.33
63.40	40.87	41.24	67.86	12.65	1.33
64.00	41.74	41.44	68.37	14.84	1.29
64.60	42.10	41.83	69.16	15.46	1.29
65.20	42.22	42.26	70.12	15.66	1.30
65.80	42.31	42.53	70.99	16.63	1.28
66.40	42.37	42.16	72.08	17.54	1.29
67.00	41.97	41.75	72.55	16.49	1.35
67.60	41.11	41.04	72.47	13.60	1.44
68.20	39.46	38.84	70.70	13.52	1.32
68.80	39.42	39.69	70.96	12.95	1.34
69.40	40.55	41.61	73.12	11.50	1.47
70.00	42.25	42.76	75.15	8.66	1.54
70.60	42.71	43.53	76.64	11.67	1.50
71.20	42.78	43.73	77.72	14.76	1.42
71.80	42.51	43.14	78.43	14.74	1.39
72.40	41.17	41.31	78.08	13.35	1.53
73.00	41.11	41.38	78.29	9.84	1.65
73.60	41.04	41.59	78.63	6.00	1.73
74.20	39.57	40.15	76.47	10.93	1.61
74.80	37.99	38.43	74.25	12.28	1.59
75.40	36.91	37.23	71.59	7.70	1.73
76.00	41.38	41.89	75.97	8.88	1.64
76.60	40.89	41.58	76.91	11.98	1.48
77.20	31.68	32.54	60.99	15.84	1.35
77.80	33.84	34.84	60.24	12.59	1.38
78.40	37.79	38.96	64.35	8.16	1.42
79.00	38.16	39.70	64.03	11.41	1.31
79.60	38.53	39.94	63.58	12.18	1.28
80.20	39.25	40.24	63.81	8.58	1.37
80.80	39.52	40.80	64.58	11.49	1.30
81.40	40.57	41.71	65.82	12.58	1.27
82.00	41.91	42.60	67.61	10.56	1.32
82.60	41.09	42.10	67.12	9.47	1.37
83.20	41.59	42.02	67.67	9.14	1.40
83.80	42.96	42.39	69.43	9.12	1.42
84.40	44.85	43.24	71.53	6.64	1.50
85.00	44.22	42.95	71.88	4.98	1.55
85.60	42.66	42.02	71.06	5.44	1.55
86.20	41.43	40.82	71.49	13.48	1.40
86.80	40.95	40.65	71.91	13.10	1.44
87.40	40.24	40.21	71.88	6.95	1.62
88.00	38.39	38.20	69.81	7.71	1.62
88.60	36.86	37.40	68.91	9.71	1.58
89.20	36.13	37.36	69.06	11.57	1.54
89.80	36.61	37.62	68.71	12.34	1.50
90.40	37.07	37.36	67.75	11.40	1.51
91.00	37.27	36.83	66.25	9.06	1.54
91.60	36.56	37.40	65.39	10.82	1.46
92.20	36.18	37.33	64.84	11.73	1.41
92.80	36.24	36.63	64.49	9.40	1.45
93.40	36.68	37.08	63.63	8.78	1.45
94.00	37.00	37.69	62.81	9.09	1.42
94.60	37.09	38.32	62.25	10.39	1.36
95.20	38.17	38.73	62.39	9.52	1.35
95.80	39.00	39.36	62.87	8.11	1.37
96.40	39.44	40.53	63.77	6.83	1.39
97.00	38.74	39.98	63.05	7.59	1.38
97.60	38.55	39.76	62.36	9.13	1.34
98.20	39.76	41.12	63.62	10.23	1.30
98.80	40.77	41.40	64.70	11.64	1.27
99.40	41.29	40.99	65.17	12.74	1.26
100.00	41.10	40.14	63.72	11.82	1.28
100.60	41.71	40.68	63.97	8.74	1.36
101.20	42.80	41.74	65.49	5.66	1.44
101.80	44.32	42.78	66.42	9.77	1.31
102.40	44.42	42.75	66.61	11.21	1.27
103.00	43.91	42.50	66.31	9.71	1.31
103.60	43.42	42.62	66.01	12.56	1.25
104.20	44.06	43.90	66.93	9.57	1.30
104.80	44.73	45.16	68.14	6.20	1.36
105.40	44.36	45.52	68.69	9.40	1.29
106.00	44.45	45.52	69.15	10.69	1.27
106.60	44.82	45.73	70.01	9.89	1.31
107.20	45.34	46.33	71.93	6.01	1.42
107.80	44.99	46.80	73.06	7.57	1.40
108.40	43.93	45.86	72.99	10.08	1.36
109.00	42.29	43.08	70.50	10.51	1.38
109.60	42.09	41.83	70.32	10.91	1.41
110.20	41.84	41.09	70.48	10.68	1.44
110.80	40.94	40.46	70.00	9.24	1.48
111.40	39.69	39.84	68.27	9.96	1.45
112.00	38.88	39.39	66.63	11.00	1.40
112.60	39.25	39.11	66.43	10.32	1.40
113.20	39.34	39.51	65.72	10.69	1.37
113.80	39.23	39.91	64.66	11.14	1.33
114.40	39.00	39.78	63.35	9.81	1.34
115.00	38.56	39.95	62.76	9.23	1.33
115.60	38.32	40.25	62.75	9.48	1.32
116.20	38.66	40.51	62.29	7.10	1.35
116.80	39.13	40.64	61.87	8.94	1.29
117.40	39.60	40.81	61.66	14.20	1.15
118.00	39.96	41.07	61.63	14.79	1.13
118.60	40.87	42.12	62.66	11.66	1.19
119.20	41.65	42.80	63.90	8.52	1.27
119.80	41.88	42.49	64.63	8.16	1.32
120.40	41.94	41.46	64.52	5.79	1.39
121.00	42.37	42.32	65.62	6.86	1.38
121.60	43.08	43.61	68.10	11.79	1.29
122.20	44.06	43.81	69.34	10.43	1.33
122.80	42.73	43.21	68.31	8.27	1.38
123.40	42.26	43.19	67.46	6.84	1.42
124.00	43.80	44.08	69.09	6.09	1.43
124.60	42.98	43.74	69.11	10.82	1.32
125.20	41.82	42.74	68.46	14.44	1.24
125.80	40.76	41.67	67.62	14.60	1.25
126.40	39.86	41.70	66.78	10.63	1.34
127.00	39.80	41.86	66.56	8.72	1.36
127.60	40.14	41.89	66.65	9.07	1.34
128.20	40.82	41.82	66.97	11.61	1.30
128.80	39.29	40.56	65.39	9.98	1.34
129.40	39.24	40.39	64.69	9.62	1.35
130.00	41.03	41.45	66.35	13.84	1.26
130.60	42.12	41.78	67.05	11.55	1.33
131.20	41.54	41.41	66.81	9.60	1.37
131.80	40.83	41.09	66.31	9.00	1.38
132.40	41.06	41.17	66.76	9.50	1.37
133.00	41.89	41.88	67.89	7.45	1.45
133.60	42.20	41.92	68.62	7.52	1.46
134.20	41.84	41.25	68.58	12.87	1.33
134.80	40.62	39.83	67.31	10.01	1.41
135.40	40.61	40.46	67.22	9.89	1.41
136.00	41.48	41.33	68.07	11.96	1.35
136.60	43.08	41.00	69.07	7.92	1.46
137.20	41.38	40.35	67.06	9.28	1.40
137.80	39.76	40.04	65.07	10.50	1.35
138.40	40.39	40.35	65.64	6.04	1.45
139.00	40.77	41.14	65.78	7.65	1.40
139.60	40.55	41.45	65.23	9.77	1.33
140.20	39.93	41.10	63.80	7.75	1.35
140.80	40.49	40.57	63.74	9.78	1.31
141.40	41.28	40.94	64.14	12.36	1.25
142.00	41.56	40.94	64.22	14.46	1.21
142.60	40.87	39.56	62.95	15.55	1.18
143.20	40.38	38.69	61.10	12.56	1.25
143.80	41.33	38.99	60.78	9.96	1.30
144.40	42.15	39.52	61.74	10.28	1.29
145.00	41.75	39.61	61.69	13.92	1.22
145.60	41.89	39.89	61.60	9.67	1.28
146.20	41.70	40.50	61.92	8.85	1.31
146.80	41.38	40.68	61.95	9.46	1.24
147.40	41.45	40.60	61.57	9.52	1.07
148.00	42.30	41.92	63.34	13.94	1.11
148.60	42.18	41.48	63.56	14.50	1.17
149.20	41.47	40.60	62.90	13.40	1.21
149.80	41.01	40.09	62.25	12.53	1.23
150.40	41.53	40.60	62.74	12.77	1.22
151.00	44.55	43.89	66.56	14.38	1.19
151.60	45.00	45.15	68.89	14.34	1.21
152.20	44.30	45.36	69.64	13.91	1.23
152.80	44.18	45.40	70.00	14.69	1.22
153.40	45.64	44.95	72.67	14.23	1.30
154.00	45.22	45.58	74.98	13.10	1.37
154.60	44.83	45.04	75.90	12.43	1.36
155.20	43.74	43.36	75.27	12.43	1.28
155.80	41.13	40.94	72.87	12.70	1.27
156.40	39.98	39.92	72.01	11.70	1.40
157.00	39.37	39.24	71.50	11.75	1.50
157.60	38.84	38.18	70.39	15.48	1.42
158.20	37.40	37.15	67.73	16.33	1.37
158.80	36.28	36.69	65.44	15.36	1.36
159.40	36.35	37.30	65.43	13.99	1.39
160.00	37.25	38.45	65.27	12.38	1.37
160.60	37.72	39.02	64.42	10.77	1.36
161.20	36.22	37.80	62.27	9.38	1.40
161.80	37.79	38.85	62.25	7.93	1.40
162.40	39.30	39.90	62.96	8.98	1.35
163.00	39.25	39.89	63.30	14.81	1.21
163.60	39.55	39.32	62.96	10.88	1.31
164.20	40.00	39.18	62.92	6.71	1.42
164.80	40.49	39.91	63.83	8.75	1.37
165.40	40.87	40.25	64.31	10.21	1.34
166.00	41.14	40.23	64.54	9.56	1.36
166.60	41.48	39.76	64.81	4.69	1.49
167.20	40.63	39.45	64.34	7.53	1.41
167.80	40.36	39.46	64.30	12.27	1.30
168.40	41.79	39.90	65.65	13.67	1.30
169.00	41.52	40.45	66.17	14.79	1.27
169.60	40.79	40.53	65.78	14.81	1.26
170.20	40.05	39.67	64.24	13.19	1.26
170.80	41.32	40.29	65.34	9.50	1.37
171.40	42.42	41.08	66.80	7.43	1.44
172.00	42.35	41.52	67.00	9.20	1.39
172.60	40.81	39.85	65.96	13.06	1.31
173.20	40.34	39.25	65.39	15.83	1.25
173.80	41.86	40.79	66.97	15.10	1.25
174.40	41.41	40.45	67.23	14.19	1.30
175.00	40.99	39.89	66.97	13.44	1.34
175.60	40.97	39.44	66.55	13.11	1.35
176.20	40.61	39.14	66.28	12.65	1.37
176.80	40.60	39.21	66.51	13.13	1.35
177.40	40.98	39.60	67.41	15.80	1.30
178.00	42.29	40.43	68.80	13.69	1.35
178.60	42.51	40.76	69.60	11.83	1.41
179.20	41.25	40.40	69.30	12.72	1.39