TIEMPO	VFSCd	VFSCi	PAMn	PCC	RAP
0.40	58.07	71.12	77.95	-3.42	1.11
1.00	56.06	69.26	76.66	2.05	1.06
1.60	56.76	70.93	77.10	4.62	1.00
2.20	58.74	72.77	78.24	0.27	1.04
2.80	59.59	73.84	78.71	-1.41	1.06
3.40	60.25	74.12	78.40	3.09	0.99
4.00	61.18	73.51	78.90	-0.92	1.06
4.60	60.23	72.27	77.76	5.30	0.99
5.20	60.78	70.78	77.35	4.96	1.00
5.80	61.05	69.38	76.79	5.13	1.01
6.40	60.83	68.52	76.04	6.34	0.99
7.00	60.57	68.62	75.33	6.76	0.98
7.60	61.01	70.12	75.51	1.70	1.03
8.20	59.79	69.22	74.00	4.02	0.99
8.80	61.15	72.39	75.41	0.12	1.03
9.40	61.52	75.65	77.73	-5.18	1.08
10.00	60.63	77.60	78.49	-4.97	1.06
10.60	61.86	80.22	80.45	-5.68	1.06
11.20	60.43	79.83	80.07	-5.80	1.06
11.80	61.37	80.38	80.46	-4.87	1.05
12.40	62.03	79.71	80.48	-1.47	1.01
13.00	61.90	78.21	79.60	3.51	0.95
13.60	62.65	78.11	80.18	2.50	0.97
14.20	61.64	78.10	80.45	-4.29	1.07
14.80	60.17	77.44	79.96	-6.21	1.09
15.40	59.56	77.14	79.17	-3.17	1.04
16.00	60.30	77.87	79.21	-4.82	1.06
16.60	61.76	79.39	79.07	-5.66	1.05
17.20	63.38	80.36	79.72	-7.49	1.04
17.80	65.61	82.75	80.72	-7.66	1.10
18.40	66.78	85.40	81.55	-8.89	1.13
19.00	67.05	86.88	82.11	-11.21	1.06
19.60	67.62	86.52	82.40	-7.74	1.03
20.20	67.61	86.73	82.98	-3.84	0.97
20.80	65.25	83.87	81.84	-1.97	0.97
21.40	63.84	81.98	80.57	-0.75	0.97
22.00	63.77	81.94	80.29	0.75	0.95
22.60	62.90	81.83	79.40	-1.54	0.97
23.20	63.05	82.36	78.67	-5.16	0.99
23.80	64.26	83.46	78.35	-7.40	1.00
24.40	65.81	84.94	78.51	-7.21	0.99
25.00	66.65	86.24	79.13	-8.31	0.99
25.60	68.81	89.74	80.14	-10.59	0.99
26.20	70.29	90.63	80.62	-12.18	1.00
26.80	71.08	91.57	80.94	-12.10	0.99
27.40	71.70	93.07	82.27	-10.41	0.97
28.00	72.86	92.14	82.44	-9.52	0.98
28.60	72.19	90.85	82.15	-5.39	0.93
29.20	70.85	89.74	81.59	-5.05	0.94
29.80	70.67	89.58	81.25	-7.56	0.99
30.40	71.71	90.41	81.78	-7.57	1.04
31.00	71.97	91.53	82.62	-8.47	1.09
31.60	73.12	92.00	82.31	-3.91	0.95
32.20	73.00	91.58	82.37	-5.94	0.95
32.80	72.53	91.23	82.18	-8.28	0.98
33.40	72.26	90.93	81.31	-6.16	0.94
34.00	72.11	89.81	80.89	-4.06	0.92
34.60	72.18	89.95	81.19	-2.57	0.91
35.20	72.20	89.39	81.32	-5.58	0.95
35.80	72.80	89.20	81.29	-9.56	1.00
36.40	73.87	89.71	81.34	-11.34	1.02
37.00	74.08	90.04	81.64	-11.28	1.00
37.60	76.24	91.65	83.61	-11.02	1.04
38.20	77.98	93.35	85.29	-11.82	1.04
38.80	79.70	93.57	86.31	-10.35	1.01
39.40	79.71	92.27	86.75	-6.62	0.99
40.00	76.55	89.79	86.30	-6.83	1.00
40.60	74.92	86.56	85.28	-4.26	0.99
41.20	74.43	87.07	85.10	-4.44	1.01
41.80	74.03	88.10	85.76	-8.05	1.05
42.40	72.83	86.51	85.07	-8.07	1.05
43.00	71.85	84.91	84.20	-0.48	0.97
43.60	69.70	84.59	83.44	4.65	0.91
44.20	67.87	84.42	82.98	4.79	0.91
44.80	67.22	83.76	82.93	2.58	0.94
45.40	67.00	83.80	82.42	-5.23	1.02
46.00	66.58	83.95	82.73	-8.48	1.09
46.60	68.08	86.82	83.83	-8.62	1.10
47.20	69.12	88.62	84.98	-7.66	1.03
47.80	68.45	87.58	84.60	-0.11	0.94
48.40	68.78	87.68	86.04	-4.81	1.00
49.00	69.78	87.24	85.67	-3.02	0.99
49.60	70.10	86.97	85.17	-1.57	0.98
50.20	69.66	86.61	85.35	-3.54	0.99
50.80	68.98	85.71	84.86	-1.87	0.99
51.40	68.98	84.21	84.43	0.02	0.96
52.00	67.65	84.40	83.67	-0.39	0.97
52.60	67.13	84.02	83.30	-0.56	0.98
53.20	67.06	83.93	83.53	1.83	0.95
53.80	66.95	84.97	83.40	6.74	0.88
54.40	68.75	85.57	82.96	5.08	0.89
55.00	67.91	84.50	82.09	4.02	0.90
55.60	68.71	85.39	82.20	2.64	0.91
56.20	69.51	86.49	82.88	1.57	0.92
56.80	69.13	86.20	82.66	3.12	0.90
57.40	68.39	83.82	82.17	6.84	0.87
58.00	67.61	83.79	82.37	6.01	0.89
58.60	65.28	82.76	81.06	9.17	0.85
59.20	63.22	80.80	79.53	10.79	0.83
59.80	62.28	78.93	79.06	6.05	0.90
60.40	62.37	79.24	78.14	9.70	0.85
61.00	62.29	79.28	77.46	7.94	0.86
61.60	61.77	78.25	76.54	6.67	0.87
62.20	62.33	78.26	75.81	7.07	0.86
62.80	65.17	80.96	76.93	3.45	0.89
63.40	65.09	81.53	77.27	2.78	0.89
64.00	65.88	82.60	77.52	3.79	0.87
64.60	66.12	82.22	77.54	3.59	0.87
65.20	65.51	80.65	77.06	1.12	0.92
65.80	66.03	82.04	78.09	6.09	0.86
66.40	65.05	80.13	78.02	5.47	0.88
67.00	64.52	78.37	77.24	6.89	0.88
67.60	64.47	77.92	76.45	9.00	0.86
68.20	64.64	78.65	76.16	9.14	0.84
68.80	64.67	79.00	74.84	14.05	0.76
69.40	65.55	80.43	75.31	7.85	0.83
70.00	66.56	80.64	75.71	5.37	0.86
70.60	67.47	81.05	75.62	9.16	0.81
71.20	68.10	82.22	76.60	10.62	0.79
71.80	67.56	82.00	75.64	8.73	0.80
72.40	69.08	82.80	76.23	8.81	0.80
73.00	69.29	83.09	77.08	10.06	0.79
73.60	69.14	82.95	77.46	11.59	0.78
74.20	69.51	82.79	77.78	13.59	0.76
74.80	69.50	82.72	76.94	12.83	0.76
75.40	69.34	82.65	77.00	10.57	0.79
76.00	68.99	83.19	77.49	9.15	0.80
76.60	69.04	84.58	78.10	9.22	0.79
77.20	69.28	85.92	79.02	10.42	0.78
77.80	68.44	84.82	78.59	9.30	0.80
78.40	68.99	85.55	79.35	7.91	0.82
79.00	69.44	86.69	81.45	8.20	0.83
79.60	68.05	84.91	82.22	9.56	0.84
80.20	66.75	82.58	81.53	10.90	0.84
80.80	66.10	81.05	81.26	11.42	0.85
81.40	63.72	78.74	79.72	12.83	0.82
82.00	62.36	77.06	78.49	14.37	0.81
82.60	61.07	75.51	77.61	14.09	0.82
83.20	60.18	75.02	77.20	11.57	0.86
83.80	60.24	76.58	77.75	8.23	0.90
84.40	59.93	74.44	76.24	12.38	0.84
85.00	61.06	75.39	76.60	10.30	0.85
85.60	61.69	76.61	77.37	9.31	0.87
86.20	61.59	76.83	77.29	12.40	0.83
86.80	61.40	76.41	76.83	13.64	0.81
87.40	61.75	75.48	76.08	10.54	0.85
88.00	63.81	77.26	76.93	7.63	0.89
88.60	66.58	80.72	79.50	5.36	0.90
89.20	67.87	82.42	81.76	8.09	0.87
89.80	68.26	81.44	83.28	13.14	0.85
90.40	68.37	80.08	83.95	9.94	0.90
91.00	67.77	80.36	84.71	5.07	0.97
91.60	67.13	80.32	85.97	6.47	0.97
92.20	66.45	78.67	85.99	6.45	0.99
92.80	65.24	76.77	84.20	8.78	0.97
93.40	64.09	76.63	84.21	4.41	1.03
94.00	64.24	76.08	84.31	11.58	0.94
94.60	63.56	75.70	83.90	12.99	0.92
95.20	62.01	73.81	82.23	14.79	0.90
95.80	60.48	71.94	80.45	12.83	0.91
96.40	59.44	71.85	78.99	11.84	0.91
97.00	58.82	71.82	77.69	12.11	0.90
97.60	58.70	70.89	75.99	7.99	0.95
98.20	60.52	72.99	76.47	10.10	0.90
98.80	62.44	73.85	76.89	8.86	0.90
99.40	61.95	74.33	78.07	11.94	0.87
100.00	61.55	74.88	78.43	13.14	0.86
100.60	62.19	76.13	77.71	9.66	0.88
101.20	63.20	78.37	79.26	13.18	0.83
101.80	63.36	78.10	78.16	10.77	0.85
102.40	63.42	77.93	77.20	12.70	0.82
103.00	62.50	78.88	76.93	12.60	0.79
103.60	62.03	80.25	77.76	7.95	0.84
104.20	63.94	83.39	79.37	4.78	0.88
104.80	64.10	84.62	80.53	6.87	0.85
105.40	61.96	83.19	80.26	5.99	0.87
106.00	62.84	82.78	79.99	9.44	0.83
106.60	62.74	80.18	79.02	12.08	0.82
107.20	63.50	82.51	80.11	12.61	0.81
107.80	62.59	82.54	81.49	5.46	0.89
108.40	63.10	80.78	81.94	8.38	0.88
109.00	62.22	78.83	81.74	13.74	0.84
109.60	61.09	77.40	81.12	14.04	0.85
110.20	60.13	76.23	79.94	10.92	0.88
110.80	57.88	74.41	77.47	11.22	0.87
111.40	57.62	72.02	75.93	15.25	0.82
112.00	57.90	71.04	75.38	12.50	0.86
112.60	59.66	73.94	77.60	13.61	0.85
113.20	63.00	78.23	80.96	7.53	0.92
113.80	62.37	77.88	81.34	8.18	0.91
114.40	61.02	76.75	81.10	10.69	0.90
115.00	59.98	74.74	80.55	12.16	0.90
115.60	59.10	72.65	79.36	12.25	0.91
116.20	59.10	72.34	78.44	6.92	0.96
116.80	62.11	75.52	80.40	5.19	0.99
117.40	65.86	79.42	85.01	3.07	1.01
118.00	63.81	78.76	86.33	7.20	0.99
118.60	61.39	77.64	86.23	10.91	0.95
119.20	59.19	74.21	85.24	12.95	0.96
119.80	58.39	72.95	84.97	10.19	1.01
120.40	58.65	72.54	85.27	10.07	1.01
121.00	57.97	71.63	85.18	13.64	0.98
121.60	56.21	70.25	83.87	13.77	0.97
122.20	54.89	68.59	81.91	14.33	0.96
122.80	55.29	68.67	81.30	11.99	0.99
123.40	56.46	71.49	83.42	5.73	1.07
124.00	56.02	71.65	83.16	10.06	1.01
124.60	56.33	71.72	82.88	7.16	1.03
125.20	56.37	70.93	82.11	12.72	0.95
125.80	57.65	72.28	82.21	13.83	0.94
126.40	58.70	72.80	83.01	5.54	1.04
127.00	58.36	71.97	82.37	5.64	1.05
127.60	57.14	71.73	82.35	11.97	0.97
128.20	55.84	70.83	80.71	8.73	1.00
128.80	55.17	70.88	80.82	13.72	0.93
129.40	53.99	70.42	80.26	13.73	0.92
130.00	55.31	70.78	80.15	7.27	1.00
130.60	54.69	71.36	79.48	3.61	1.05
131.20	57.58	74.86	81.33	2.72	1.04
131.80	59.43	76.24	83.13	3.38	1.03
132.40	59.90	76.02	82.57	4.10	1.01
133.00	58.95	74.84	81.42	4.85	1.00
133.60	57.70	72.93	80.48	6.62	0.99
134.20	57.44	72.33	79.46	9.77	0.95
134.80	58.63	74.80	80.78	9.95	0.94
135.40	59.89	76.31	81.55	1.25	1.03
136.00	60.25	75.39	81.67	5.39	1.00
136.60	59.80	74.73	81.88	8.29	0.97
137.20	59.26	72.85	80.71	11.46	0.93
137.80	59.43	72.29	81.02	8.70	0.98
138.40	58.40	71.23	80.77	9.14	0.98
139.00	57.02	70.15	79.82	9.56	0.98
139.60	55.79	69.41	78.79	6.84	1.02
140.20	54.30	68.88	76.73	12.74	0.91
140.80	56.56	69.89	76.86	1.60	1.07
141.40	58.91	72.43	78.44	1.31	1.04
142.00	61.04	75.52	79.62	2.51	1.01
142.60	62.26	75.93	80.14	2.55	1.00
143.20	63.65	76.55	81.04	0.52	1.03
143.80	63.62	76.81	82.03	-1.08	1.06
144.40	62.61	76.87	81.59	3.60	1.00
145.00	62.97	78.25	81.92	-1.66	1.04
145.60	61.69	77.07	81.16	5.66	0.96
146.20	63.90	79.38	84.06	2.66	1.01
146.80	62.91	79.92	85.46	-5.87	1.11
147.40	60.97	78.35	84.52	8.27	0.95
148.00	61.95	78.75	84.87	4.61	1.00
148.60	62.63	79.17	83.81	3.19	1.00
149.20	61.54	79.63	83.18	1.42	1.01
149.80	62.08	79.34	82.30	3.45	0.97
150.40	65.05	83.05	84.02	0.65	0.98
151.00	66.86	84.35	85.87	-5.85	1.06
151.60	66.54	83.49	85.69	3.83	0.95
152.20	65.70	80.90	85.03	5.51	0.96
152.80	63.83	78.40	83.53	8.29	0.93
153.40	63.56	78.78	84.21	6.90	0.96
154.00	61.90	77.87	83.56	0.09	1.06
154.60	60.99	78.52	84.03	4.40	0.99
155.20	59.72	74.93	81.73	9.28	0.94
155.80	59.60	74.79	81.01	8.39	0.95
156.40	59.89	75.30	80.86	7.02	0.96
157.00	59.48	75.24	80.28	6.52	0.96
157.60	58.64	75.47	79.28	5.85	0.96
158.20	58.40	76.34	77.96	4.61	0.95
158.80	60.73	76.80	78.63	0.27	1.00
159.40	60.97	78.79	78.12	-1.60	1.00
160.00	63.26	81.70	78.68	-0.35	0.96
160.60	64.95	84.27	80.24	-2.89	0.97
161.20	66.09	86.75	81.85	-7.60	1.01
161.80	67.56	88.78	83.05	-5.31	0.98
162.40	69.47	89.06	84.16	-3.16	0.95
163.00	69.75	90.27	83.80	-4.80	0.97
163.60	70.75	89.38	84.17	-3.37	0.95
164.20	72.44	91.77	85.57	-6.76	0.99
164.80	73.21	92.39	86.33	-8.58	1.00
165.40	72.99	92.59	86.25	-5.52	0.95
166.00	72.75	93.53	86.86	0.05	0.91
166.60	74.14	93.38	86.27	-8.98	0.98
167.20	76.82	97.09	88.09	-10.48	1.09
167.80	78.41	99.91	90.40	-10.78	1.05
168.40	76.84	98.73	90.59	-9.51	0.98
169.00	77.75	98.87	91.05	-6.71	0.96
169.60	77.81	98.04	91.39	-6.29	0.98
170.20	76.39	95.80	89.74	-10.77	1.02
170.80	76.31	94.47	91.01	-8.66	1.03
171.40	76.91	94.08	90.76	-6.14	1.00
172.00	75.48	92.01	89.99	-4.78	1.00
172.60	73.83	92.07	89.38	-4.56	1.00
173.20	71.92	90.03	88.53	-4.48	1.01
173.80	70.75	87.64	87.58	-3.24	1.01
174.40	70.18	86.69	87.23	0.65	0.97
175.00	66.86	86.49	85.98	2.54	0.96
175.60	67.58	85.50	85.70	-4.41	1.04
176.20	67.64	85.99	84.57	-3.86	1.02
176.80	66.97	86.10	83.07	1.36	0.93
177.40	66.60	85.73	83.22	-3.43	0.98
178.00	67.87	87.12	83.78	-3.14	0.98