<<<<<<< HEAD
<<<<<<< HEAD
TIEMPO	VFSCd	VFSCi	PAMn	PCC	RAP
0.40	59.40	53.43	63.21	23.26	0.76
1.00	60.48	55.27	62.62	14.46	0.89
1.60	58.93	54.05	59.35	14.44	0.83
2.20	56.19	51.84	54.33	6.68	0.92
2.80	56.60	51.16	49.61	16.12	0.67
3.40	61.93	56.39	52.14	10.91	0.74
4.00	69.03	63.21	57.54	12.40	0.73
4.60	78.71	71.58	65.87	18.27	0.68
5.20	80.84	74.02	70.99	19.37	0.70
5.80	78.87	71.67	73.09	15.50	0.81
6.40	74.49	67.87	71.84	13.50	0.84
7.00	70.00	63.77	68.85	11.53	0.98
7.60	66.88	59.90	65.60	11.38	1.00
8.20	63.48	56.62	63.48	14.12	0.87
8.80	62.26	56.14	62.89	12.14	0.90
9.40	63.72	58.55	63.69	12.86	0.88
10.00	66.87	62.54	66.30	6.51	0.98
10.60	68.44	64.17	68.63	10.05	0.91
11.20	69.44	65.54	69.23	11.57	0.88
11.80	66.76	62.30	67.44	5.01	0.98
12.40	65.18	60.98	64.98	14.08	0.84
13.00	65.11	60.79	65.04	7.10	0.95
13.60	67.52	63.54	67.89	4.86	0.99
14.20	71.89	66.69	70.53	5.28	1.01
14.80	72.28	67.30	72.49	6.82	1.02
15.40	70.99	66.80	73.77	14.13	0.89
16.00	67.97	63.79	72.59	11.58	0.96
16.60	63.09	58.61	69.22	12.89	0.96
17.20	59.51	55.60	65.54	10.78	0.98
17.80	59.72	55.89	65.13	14.40	0.91
18.40	61.44	55.95	66.06	13.07	0.95
19.00	61.58	56.81	66.89	10.22	1.00
19.60	62.27	57.14	66.80	10.48	1.00
20.20	62.44	56.91	65.90	10.78	0.97
20.80	59.95	53.74	63.36	13.57	0.92
21.40	57.87	52.11	59.71	10.74	0.95
22.00	56.29	51.06	57.33	6.30	1.01
22.60	62.45	56.53	60.47	6.35	0.99
23.20	67.39	61.12	64.33	9.52	0.92
23.80	68.26	62.85	64.85	10.02	0.97
24.40	65.93	60.53	63.26	11.88	0.85
25.00	65.07	58.80	61.84	12.85	0.83
25.60	66.62	61.13	62.66	6.01	0.95
26.20	70.62	64.40	65.99	3.81	0.97
26.80	71.25	65.40	67.39	8.28	0.91
27.40	69.04	63.96	66.08	7.67	0.91
28.00	67.21	61.57	63.14	12.15	0.83
28.60	64.68	59.98	60.77	8.74	0.88
29.20	68.97	62.68	62.44	19.72	0.69
29.80	70.96	64.77	64.10	10.11	0.84
30.40	71.80	66.97	63.51	8.94	0.83
31.00	70.46	64.71	61.73	9.82	0.80
31.60	71.87	67.37	62.11	16.39	0.69
32.20	77.30	71.21	65.90	19.57	0.77
32.80	80.47	74.01	67.40	12.20	0.84
33.40	76.97	71.44	66.00	12.76	0.75
34.00	76.16	69.84	64.88	12.41	0.75
34.60	76.32	71.48	66.45	18.97	0.67
35.20	79.54	74.07	69.52	15.01	0.75
35.80	78.74	73.67	70.99	16.47	0.74
36.40	76.51	71.52	69.94	13.91	0.79
37.00	70.85	67.76	66.54	15.23	0.76
37.60	67.25	63.29	63.32	15.41	0.75
38.20	66.35	60.87	61.74	19.22	0.70
38.80	68.67	61.88	63.74	18.04	0.75
39.40	69.03	62.99	64.45	17.39	0.76
40.00	68.21	63.22	63.18	13.38	0.79
40.60	67.39	61.52	62.03	15.24	0.77
41.20	69.45	64.07	63.35	12.10	0.80
41.80	72.26	66.43	65.59	9.75	0.86
42.40	73.78	68.04	67.17	15.97	0.75
43.00	72.31	67.26	66.51	6.54	0.90
43.60	69.14	64.29	64.88	8.95	0.87
44.20	66.51	62.85	63.20	15.00	0.77
44.80	67.84	63.44	64.60	15.34	0.78
45.40	66.79	63.07	65.47	16.64	0.78
46.00	65.22	61.82	63.82	13.89	0.81
46.60	62.15	58.77	60.57	13.06	0.81
47.20	62.02	57.69	58.00	17.23	0.71
47.80	63.95	60.35	59.13	18.93	0.67
48.40	70.09	64.66	63.42	17.51	0.72
49.00	71.14	67.07	65.20	24.00	0.62
49.60	68.58	63.76	63.21	18.59	0.70
50.20	64.71	60.83	60.02	15.63	0.74
50.80	64.58	59.95	58.71	16.24	0.71
51.40	67.42	61.23	59.48	18.56	0.68
52.00	68.11	62.29	60.20	20.13	0.65
52.60	66.89	62.04	59.07	20.02	0.64
53.20	66.03	59.63	56.80	16.58	0.67
53.80	63.02	57.16	54.20	11.66	0.75
54.40	63.63	59.14	54.27	13.63	0.69
55.00	67.28	62.75	56.80	16.24	0.68
55.60	70.44	65.28	58.44	13.84	0.55
56.20	71.97	67.20	60.32	23.27	0.54
56.80	71.50	68.18	63.87	18.10	0.66
57.40	72.98	69.50	67.85	16.69	0.61
58.00	70.95	67.41	69.09	14.95	0.80
58.60	70.94	66.82	70.50	18.88	0.78
59.20	72.84	68.89	73.74	16.72	0.83
59.80	73.99	68.52	76.29	17.00	0.86
60.40	72.47	66.68	75.50	9.70	0.99
61.00	67.54	60.29	71.28	16.68	0.90
61.60	61.41	56.48	65.88	16.15	0.88
62.20	59.30	53.23	62.14	18.36	0.83
62.80	61.11	53.71	61.87	17.98	0.83
63.40	61.87	54.27	61.37	19.42	0.79
64.00	60.12	52.17	58.16	16.67	0.80
64.60	57.83	49.12	54.64	17.68	0.75
65.20	57.17	50.29	53.70	16.76	0.76
65.80	59.54	52.37	53.88	8.20	0.89
66.40	60.42	53.55	52.96	13.06	0.76
67.00	62.07	55.08	53.01	12.88	0.74
67.60	68.17	59.82	56.53	18.98	0.64
68.20	76.36	67.27	63.61	13.94	0.75
68.80	77.91	68.05	66.09	9.74	0.84
69.40	73.91	65.81	64.57	12.69	0.79
70.00	71.38	64.16	63.19	17.55	0.74
70.60	73.23	66.31	65.01	17.06	0.93
71.20	76.88	67.31	69.34	14.95	0.81
71.80	74.66	66.12	70.57	17.30	0.81
72.40	71.28	63.50	68.99	17.88	0.81
73.00	67.63	59.95	66.74	16.55	0.85
73.60	66.83	59.25	66.73	19.47	0.80
74.20	70.76	61.79	69.03	15.40	0.88
74.80	69.87	61.37	69.96	11.84	0.88
75.40	67.28	61.43	68.08	17.09	1.03
76.00	63.14	58.32	64.98	14.43	0.98
76.60	64.34	60.22	64.30	16.25	0.81
77.20	68.47	64.11	66.91	8.90	0.92
77.80	68.94	64.60	68.41	11.72	0.89
78.40	64.97	62.23	66.24	12.50	0.86
79.00	60.48	57.09	61.71	13.83	0.85
79.60	59.68	55.75	59.16	16.26	0.79
80.20	61.69	56.36	60.30	15.11	0.81
80.80	63.48	58.25	61.90	11.95	0.87
81.40	64.28	58.38	61.96	13.73	0.83
82.00	64.52	58.42	60.68	6.31	0.94
82.60	63.19	57.92	59.86	13.49	0.81
83.20	67.95	61.63	62.67	14.21	0.80
83.80	72.50	66.49	67.54	15.35	0.80
84.40	74.10	67.66	70.27	16.49	0.80
85.00	72.21	66.45	70.73	7.52	0.95
85.60	66.75	62.67	69.05	15.63	0.85
86.20	64.32	59.30	68.06	10.88	0.97
86.80	65.04	61.45	69.49	21.42	0.79
87.40	67.15	63.17	72.81	16.24	0.90
88.00	66.87	62.45	73.75	16.81	0.92
88.60	64.21	60.02	71.65	14.96	0.96
89.20	61.02	56.25	67.84	10.67	1.01
89.80	57.63	52.45	63.82	20.42	0.81
90.40	58.48	53.52	63.00	16.24	0.90
91.00	64.31	60.02	67.23	5.46	1.05
91.60	68.46	63.61	71.11	18.57	0.84
92.20	69.69	64.22	72.93	14.03	0.92
92.80	71.53	65.78	74.89	12.24	0.96
93.40	73.53	67.77	77.35	9.67	1.01
94.00	73.67	68.34	79.10	10.62	1.01
94.60	71.39	66.33	77.15	11.44	1.00
95.20	66.32	62.13	73.80	13.71	0.97
95.80	63.10	57.70	70.98	13.31	1.00
96.40	63.34	59.14	71.39	19.17	0.90
97.00	65.90	61.89	73.77	8.15	1.06
97.60	66.44	61.47	73.50	9.96	1.04
98.20	65.50	61.35	71.57	14.28	0.94
98.80	64.46	61.75	70.51	10.02	0.98
99.40	67.24	63.28	71.87	10.13	0.99
100.00	70.57	64.63	73.81	15.70	0.91
100.60	69.14	65.14	73.49	9.04	0.99
101.20	66.38	62.02	70.15	5.58	1.05
101.80	62.91	58.86	65.79	6.78	1.02
102.40	62.78	58.38	64.73	13.17	0.86
103.00	69.03	65.57	67.93	17.33	1.00
103.60	74.14	69.03	71.83	6.96	0.98
104.20	73.29	67.93	70.87	10.43	0.87
104.80	72.08	65.65	68.67	11.10	1.02
105.40	68.44	64.12	65.98	10.22	0.90
106.00	72.70	67.68	68.17	9.87	1.00
106.60	74.80	68.50	70.16	5.92	0.93
107.20	72.57	68.48	69.30	10.96	0.86
107.80	70.82	67.83	68.63	11.10	0.85
108.40	72.57	69.32	70.25	8.06	0.91
109.00	75.31	72.23	73.61	9.48	0.89
109.60	75.46	70.48	73.29	14.75	0.84
110.20	70.82	66.31	69.90	11.14	0.89
110.80	66.59	62.92	66.34	10.95	0.88
111.40	65.10	62.33	64.47	11.97	0.85
112.00	66.07	62.62	64.53	8.40	0.91
112.60	68.28	63.51	65.53	11.20	0.87
113.20	67.88	64.53	65.83	16.27	0.78
113.80	70.39	65.97	67.32	16.90	0.78
114.40	72.38	67.62	69.37	13.30	0.84
115.00	71.34	67.19	69.09	14.25	0.83
115.60	67.89	65.39	66.80	15.49	0.78
116.20	64.63	61.21	63.51	17.48	0.75
116.80	63.91	60.05	62.48	19.09	0.73
117.40	66.17	62.45	63.81	7.32	0.92
118.00	67.04	62.26	63.47	14.68	0.79
118.60	64.39	59.48	60.93	12.90	0.82
119.20	63.27	58.02	58.85	10.28	0.85
119.80	66.15	61.50	61.05	17.56	0.72
120.40	69.09	64.83	64.32	17.39	0.73
121.00	69.02	65.14	64.13	15.05	0.76
121.60	65.39	61.70	61.96	17.89	0.70
122.20	63.51	58.44	59.38	15.03	0.76
122.80	67.33	62.49	61.13	13.73	0.77
123.40	71.98	66.07	64.87	16.04	0.75
124.00	71.19	67.40	65.92	18.44	0.71
124.60	68.15	64.48	63.83	20.02	0.68
125.20	64.91	61.87	60.91	20.07	0.67
125.80	65.20	62.12	60.64	15.99	0.73
126.40	67.55	65.39	62.65	20.01	0.66
127.00	68.90	65.52	63.43	21.52	0.64
127.60	66.85	62.92	61.68	21.51	0.65
128.20	66.49	61.68	59.81	20.01	0.65
128.80	69.49	63.83	61.04	18.33	0.68
129.40	73.65	66.53	63.99	18.52	0.69
130.00	74.13	67.29	65.67	17.44	0.73
130.60	71.43	65.01	65.29	13.38	0.80
131.20	68.80	62.85	64.25	16.84	0.76
131.80	68.10	61.25	64.65	19.55	0.74
132.40	68.57	62.49	65.46	19.85	0.74
133.00	67.49	61.80	65.39	18.53	0.76
133.60	67.39	60.91	65.04	22.65	0.70
134.20	65.06	59.10	63.46	14.03	0.84
134.80	63.71	58.61	62.45	20.92	0.73
135.40	63.11	58.01	61.52	18.42	0.75
136.00	64.18	59.07	61.55	17.39	0.76
136.60	67.28	62.16	64.32	12.58	0.85
137.20	69.55	64.80	66.98	15.34	0.82
137.80	68.06	63.35	67.42	14.68	0.84
138.40	63.84	59.93	64.12	20.15	0.73
139.00	61.00	56.87	60.94	18.88	0.75
139.60	62.75	59.09	61.22	19.48	0.72
140.20	66.55	61.50	63.29	15.20	0.78
140.80	69.02	64.23	65.15	20.37	0.71
141.40	70.32	64.87	65.69	18.63	0.74
142.00	68.16	63.62	64.29	17.44	0.73
142.60	64.82	60.07	61.02	21.88	0.65
143.20	64.49	59.57	58.96	17.47	0.70
143.80	66.33	61.41	60.31	19.15	0.68
144.40	71.13	66.01	62.80	18.86	0.67
145.00	72.21	66.86	63.40	13.70	0.75
145.60	68.45	63.71	61.69	14.18	0.74
146.20	68.51	63.44	60.29	11.78	0.76
146.80	73.49	67.72	63.25	22.47	0.61
147.40	77.06	71.96	67.12	18.17	0.69
148.00	78.18	71.96	68.09	13.81	0.77
148.60	75.72	69.68	66.42	7.80	0.85
149.20	73.03	66.04	64.59	9.96	0.83
149.80	73.21	66.12	65.18	20.26	0.69
150.40	74.55	66.84	66.15	17.76	0.73
151.00	74.19	66.31	65.79	16.99	0.75
151.60	72.36	64.34	63.93	16.14	0.74
152.20	68.72	60.73	60.65	18.55	0.69
152.80	67.31	59.27	58.62	21.21	0.64
153.40	69.18	61.62	60.23	18.72	0.68
154.00	70.64	64.15	62.06	17.70	0.69
154.60	68.79	64.22	61.45	16.45	0.71
155.20	69.30	63.71	61.34	19.78	0.66
155.80	73.54	67.42	65.43	19.72	0.69
156.40	80.67	73.38	71.08	15.95	0.77
157.00	79.58	73.65	73.73	18.60	0.73
157.60	76.56	69.67	72.25	19.80	0.76
158.20	72.50	66.38	70.17	23.22	0.71
158.80	71.14	65.59	70.93	22.85	0.74
159.40	74.80	67.61	74.44	22.81	0.78
160.00	75.50	67.24	76.66	16.64	0.90
160.60	72.17	64.10	75.03	14.77	0.94
161.20	66.07	59.52	70.12	15.67	0.92
161.80	61.37	54.77	64.84	19.09	0.84
162.40	61.87	54.53	63.61	17.97	0.85
163.00	66.39	59.40	66.15	12.95	0.91
163.60	68.33	61.32	68.49	17.08	0.85
164.20	65.28	60.72	68.00	19.50	0.80
164.80	61.80	56.27	64.82	14.73	0.89
165.40	57.93	54.63	62.19	19.45	0.78
166.00	60.16	55.16	62.76	15.93	0.87
166.60	65.59	61.89	68.08	19.19	0.81
167.20	68.52	65.32	71.66	18.20	0.84
167.80	67.15	63.02	70.52	15.59	0.87
168.40	63.05	59.13	66.77	12.95	0.92
169.00	59.85	56.43	63.02	14.05	0.87
169.60	60.78	56.19	62.84	18.95	0.80
170.20	63.89	58.73	64.26	20.07	0.77
170.80	65.46	60.69	65.52	15.97	0.83
171.40	63.03	59.75	64.34	15.47	0.83
172.00	61.44	57.34	61.73	18.07	0.77
172.60	59.15	55.26	59.05	15.64	0.79
173.20	60.50	55.03	58.26	10.60	0.88
173.80	65.30	58.82	60.93	18.32	0.74
174.40	69.37	64.03	64.79	21.30	0.69
175.00	71.45	65.15	67.27	10.07	0.88
175.60	68.80	63.03	66.32	16.49	0.78
176.20	63.55	58.66	63.03	18.90	0.75
176.80	60.00	54.34	59.91	19.54	0.73
177.40	60.85	54.86	60.26	18.72	0.75
178.00	64.19	57.46	63.21	18.44	0.82
178.60	64.76	58.55	64.84	18.62	0.71
179.20	61.54	57.17	63.77	22.20	0.71
=======
TIEMPO	VFSCd	VFSCi	PAMn	PCC	RAP
0.40	59.40	53.43	63.21	23.26	0.76
1.00	60.48	55.27	62.62	14.46	0.89
1.60	58.93	54.05	59.35	14.44	0.83
2.20	56.19	51.84	54.33	6.68	0.92
2.80	56.60	51.16	49.61	16.12	0.67
3.40	61.93	56.39	52.14	10.91	0.74
4.00	69.03	63.21	57.54	12.40	0.73
4.60	78.71	71.58	65.87	18.27	0.68
5.20	80.84	74.02	70.99	19.37	0.70
5.80	78.87	71.67	73.09	15.50	0.81
6.40	74.49	67.87	71.84	13.50	0.84
7.00	70.00	63.77	68.85	11.53	0.98
7.60	66.88	59.90	65.60	11.38	1.00
8.20	63.48	56.62	63.48	14.12	0.87
8.80	62.26	56.14	62.89	12.14	0.90
9.40	63.72	58.55	63.69	12.86	0.88
10.00	66.87	62.54	66.30	6.51	0.98
10.60	68.44	64.17	68.63	10.05	0.91
11.20	69.44	65.54	69.23	11.57	0.88
11.80	66.76	62.30	67.44	5.01	0.98
12.40	65.18	60.98	64.98	14.08	0.84
13.00	65.11	60.79	65.04	7.10	0.95
13.60	67.52	63.54	67.89	4.86	0.99
14.20	71.89	66.69	70.53	5.28	1.01
14.80	72.28	67.30	72.49	6.82	1.02
15.40	70.99	66.80	73.77	14.13	0.89
16.00	67.97	63.79	72.59	11.58	0.96
16.60	63.09	58.61	69.22	12.89	0.96
17.20	59.51	55.60	65.54	10.78	0.98
17.80	59.72	55.89	65.13	14.40	0.91
18.40	61.44	55.95	66.06	13.07	0.95
19.00	61.58	56.81	66.89	10.22	1.00
19.60	62.27	57.14	66.80	10.48	1.00
20.20	62.44	56.91	65.90	10.78	0.97
20.80	59.95	53.74	63.36	13.57	0.92
21.40	57.87	52.11	59.71	10.74	0.95
22.00	56.29	51.06	57.33	6.30	1.01
22.60	62.45	56.53	60.47	6.35	0.99
23.20	67.39	61.12	64.33	9.52	0.92
23.80	68.26	62.85	64.85	10.02	0.97
24.40	65.93	60.53	63.26	11.88	0.85
25.00	65.07	58.80	61.84	12.85	0.83
25.60	66.62	61.13	62.66	6.01	0.95
26.20	70.62	64.40	65.99	3.81	0.97
26.80	71.25	65.40	67.39	8.28	0.91
27.40	69.04	63.96	66.08	7.67	0.91
28.00	67.21	61.57	63.14	12.15	0.83
28.60	64.68	59.98	60.77	8.74	0.88
29.20	68.97	62.68	62.44	19.72	0.69
29.80	70.96	64.77	64.10	10.11	0.84
30.40	71.80	66.97	63.51	8.94	0.83
31.00	70.46	64.71	61.73	9.82	0.80
31.60	71.87	67.37	62.11	16.39	0.69
32.20	77.30	71.21	65.90	19.57	0.77
32.80	80.47	74.01	67.40	12.20	0.84
33.40	76.97	71.44	66.00	12.76	0.75
34.00	76.16	69.84	64.88	12.41	0.75
34.60	76.32	71.48	66.45	18.97	0.67
35.20	79.54	74.07	69.52	15.01	0.75
35.80	78.74	73.67	70.99	16.47	0.74
36.40	76.51	71.52	69.94	13.91	0.79
37.00	70.85	67.76	66.54	15.23	0.76
37.60	67.25	63.29	63.32	15.41	0.75
38.20	66.35	60.87	61.74	19.22	0.70
38.80	68.67	61.88	63.74	18.04	0.75
39.40	69.03	62.99	64.45	17.39	0.76
40.00	68.21	63.22	63.18	13.38	0.79
40.60	67.39	61.52	62.03	15.24	0.77
41.20	69.45	64.07	63.35	12.10	0.80
41.80	72.26	66.43	65.59	9.75	0.86
42.40	73.78	68.04	67.17	15.97	0.75
43.00	72.31	67.26	66.51	6.54	0.90
43.60	69.14	64.29	64.88	8.95	0.87
44.20	66.51	62.85	63.20	15.00	0.77
44.80	67.84	63.44	64.60	15.34	0.78
45.40	66.79	63.07	65.47	16.64	0.78
46.00	65.22	61.82	63.82	13.89	0.81
46.60	62.15	58.77	60.57	13.06	0.81
47.20	62.02	57.69	58.00	17.23	0.71
47.80	63.95	60.35	59.13	18.93	0.67
48.40	70.09	64.66	63.42	17.51	0.72
49.00	71.14	67.07	65.20	24.00	0.62
49.60	68.58	63.76	63.21	18.59	0.70
50.20	64.71	60.83	60.02	15.63	0.74
50.80	64.58	59.95	58.71	16.24	0.71
51.40	67.42	61.23	59.48	18.56	0.68
52.00	68.11	62.29	60.20	20.13	0.65
52.60	66.89	62.04	59.07	20.02	0.64
53.20	66.03	59.63	56.80	16.58	0.67
53.80	63.02	57.16	54.20	11.66	0.75
54.40	63.63	59.14	54.27	13.63	0.69
55.00	67.28	62.75	56.80	16.24	0.68
55.60	70.44	65.28	58.44	13.84	0.55
56.20	71.97	67.20	60.32	23.27	0.54
56.80	71.50	68.18	63.87	18.10	0.66
57.40	72.98	69.50	67.85	16.69	0.61
58.00	70.95	67.41	69.09	14.95	0.80
58.60	70.94	66.82	70.50	18.88	0.78
59.20	72.84	68.89	73.74	16.72	0.83
59.80	73.99	68.52	76.29	17.00	0.86
60.40	72.47	66.68	75.50	9.70	0.99
61.00	67.54	60.29	71.28	16.68	0.90
61.60	61.41	56.48	65.88	16.15	0.88
62.20	59.30	53.23	62.14	18.36	0.83
62.80	61.11	53.71	61.87	17.98	0.83
63.40	61.87	54.27	61.37	19.42	0.79
64.00	60.12	52.17	58.16	16.67	0.80
64.60	57.83	49.12	54.64	17.68	0.75
65.20	57.17	50.29	53.70	16.76	0.76
65.80	59.54	52.37	53.88	8.20	0.89
66.40	60.42	53.55	52.96	13.06	0.76
67.00	62.07	55.08	53.01	12.88	0.74
67.60	68.17	59.82	56.53	18.98	0.64
68.20	76.36	67.27	63.61	13.94	0.75
68.80	77.91	68.05	66.09	9.74	0.84
69.40	73.91	65.81	64.57	12.69	0.79
70.00	71.38	64.16	63.19	17.55	0.74
70.60	73.23	66.31	65.01	17.06	0.93
71.20	76.88	67.31	69.34	14.95	0.81
71.80	74.66	66.12	70.57	17.30	0.81
72.40	71.28	63.50	68.99	17.88	0.81
73.00	67.63	59.95	66.74	16.55	0.85
73.60	66.83	59.25	66.73	19.47	0.80
74.20	70.76	61.79	69.03	15.40	0.88
74.80	69.87	61.37	69.96	11.84	0.88
75.40	67.28	61.43	68.08	17.09	1.03
76.00	63.14	58.32	64.98	14.43	0.98
76.60	64.34	60.22	64.30	16.25	0.81
77.20	68.47	64.11	66.91	8.90	0.92
77.80	68.94	64.60	68.41	11.72	0.89
78.40	64.97	62.23	66.24	12.50	0.86
79.00	60.48	57.09	61.71	13.83	0.85
79.60	59.68	55.75	59.16	16.26	0.79
80.20	61.69	56.36	60.30	15.11	0.81
80.80	63.48	58.25	61.90	11.95	0.87
81.40	64.28	58.38	61.96	13.73	0.83
82.00	64.52	58.42	60.68	6.31	0.94
82.60	63.19	57.92	59.86	13.49	0.81
83.20	67.95	61.63	62.67	14.21	0.80
83.80	72.50	66.49	67.54	15.35	0.80
84.40	74.10	67.66	70.27	16.49	0.80
85.00	72.21	66.45	70.73	7.52	0.95
85.60	66.75	62.67	69.05	15.63	0.85
86.20	64.32	59.30	68.06	10.88	0.97
86.80	65.04	61.45	69.49	21.42	0.79
87.40	67.15	63.17	72.81	16.24	0.90
88.00	66.87	62.45	73.75	16.81	0.92
88.60	64.21	60.02	71.65	14.96	0.96
89.20	61.02	56.25	67.84	10.67	1.01
89.80	57.63	52.45	63.82	20.42	0.81
90.40	58.48	53.52	63.00	16.24	0.90
91.00	64.31	60.02	67.23	5.46	1.05
91.60	68.46	63.61	71.11	18.57	0.84
92.20	69.69	64.22	72.93	14.03	0.92
92.80	71.53	65.78	74.89	12.24	0.96
93.40	73.53	67.77	77.35	9.67	1.01
94.00	73.67	68.34	79.10	10.62	1.01
94.60	71.39	66.33	77.15	11.44	1.00
95.20	66.32	62.13	73.80	13.71	0.97
95.80	63.10	57.70	70.98	13.31	1.00
96.40	63.34	59.14	71.39	19.17	0.90
97.00	65.90	61.89	73.77	8.15	1.06
97.60	66.44	61.47	73.50	9.96	1.04
98.20	65.50	61.35	71.57	14.28	0.94
98.80	64.46	61.75	70.51	10.02	0.98
99.40	67.24	63.28	71.87	10.13	0.99
100.00	70.57	64.63	73.81	15.70	0.91
100.60	69.14	65.14	73.49	9.04	0.99
101.20	66.38	62.02	70.15	5.58	1.05
101.80	62.91	58.86	65.79	6.78	1.02
102.40	62.78	58.38	64.73	13.17	0.86
103.00	69.03	65.57	67.93	17.33	1.00
103.60	74.14	69.03	71.83	6.96	0.98
104.20	73.29	67.93	70.87	10.43	0.87
104.80	72.08	65.65	68.67	11.10	1.02
105.40	68.44	64.12	65.98	10.22	0.90
106.00	72.70	67.68	68.17	9.87	1.00
106.60	74.80	68.50	70.16	5.92	0.93
107.20	72.57	68.48	69.30	10.96	0.86
107.80	70.82	67.83	68.63	11.10	0.85
108.40	72.57	69.32	70.25	8.06	0.91
109.00	75.31	72.23	73.61	9.48	0.89
109.60	75.46	70.48	73.29	14.75	0.84
110.20	70.82	66.31	69.90	11.14	0.89
110.80	66.59	62.92	66.34	10.95	0.88
111.40	65.10	62.33	64.47	11.97	0.85
112.00	66.07	62.62	64.53	8.40	0.91
112.60	68.28	63.51	65.53	11.20	0.87
113.20	67.88	64.53	65.83	16.27	0.78
113.80	70.39	65.97	67.32	16.90	0.78
114.40	72.38	67.62	69.37	13.30	0.84
115.00	71.34	67.19	69.09	14.25	0.83
115.60	67.89	65.39	66.80	15.49	0.78
116.20	64.63	61.21	63.51	17.48	0.75
116.80	63.91	60.05	62.48	19.09	0.73
117.40	66.17	62.45	63.81	7.32	0.92
118.00	67.04	62.26	63.47	14.68	0.79
118.60	64.39	59.48	60.93	12.90	0.82
119.20	63.27	58.02	58.85	10.28	0.85
119.80	66.15	61.50	61.05	17.56	0.72
120.40	69.09	64.83	64.32	17.39	0.73
121.00	69.02	65.14	64.13	15.05	0.76
121.60	65.39	61.70	61.96	17.89	0.70
122.20	63.51	58.44	59.38	15.03	0.76
122.80	67.33	62.49	61.13	13.73	0.77
123.40	71.98	66.07	64.87	16.04	0.75
124.00	71.19	67.40	65.92	18.44	0.71
124.60	68.15	64.48	63.83	20.02	0.68
125.20	64.91	61.87	60.91	20.07	0.67
125.80	65.20	62.12	60.64	15.99	0.73
126.40	67.55	65.39	62.65	20.01	0.66
127.00	68.90	65.52	63.43	21.52	0.64
127.60	66.85	62.92	61.68	21.51	0.65
128.20	66.49	61.68	59.81	20.01	0.65
128.80	69.49	63.83	61.04	18.33	0.68
129.40	73.65	66.53	63.99	18.52	0.69
130.00	74.13	67.29	65.67	17.44	0.73
130.60	71.43	65.01	65.29	13.38	0.80
131.20	68.80	62.85	64.25	16.84	0.76
131.80	68.10	61.25	64.65	19.55	0.74
132.40	68.57	62.49	65.46	19.85	0.74
133.00	67.49	61.80	65.39	18.53	0.76
133.60	67.39	60.91	65.04	22.65	0.70
134.20	65.06	59.10	63.46	14.03	0.84
134.80	63.71	58.61	62.45	20.92	0.73
135.40	63.11	58.01	61.52	18.42	0.75
136.00	64.18	59.07	61.55	17.39	0.76
136.60	67.28	62.16	64.32	12.58	0.85
137.20	69.55	64.80	66.98	15.34	0.82
137.80	68.06	63.35	67.42	14.68	0.84
138.40	63.84	59.93	64.12	20.15	0.73
139.00	61.00	56.87	60.94	18.88	0.75
139.60	62.75	59.09	61.22	19.48	0.72
140.20	66.55	61.50	63.29	15.20	0.78
140.80	69.02	64.23	65.15	20.37	0.71
141.40	70.32	64.87	65.69	18.63	0.74
142.00	68.16	63.62	64.29	17.44	0.73
142.60	64.82	60.07	61.02	21.88	0.65
143.20	64.49	59.57	58.96	17.47	0.70
143.80	66.33	61.41	60.31	19.15	0.68
144.40	71.13	66.01	62.80	18.86	0.67
145.00	72.21	66.86	63.40	13.70	0.75
145.60	68.45	63.71	61.69	14.18	0.74
146.20	68.51	63.44	60.29	11.78	0.76
146.80	73.49	67.72	63.25	22.47	0.61
147.40	77.06	71.96	67.12	18.17	0.69
148.00	78.18	71.96	68.09	13.81	0.77
148.60	75.72	69.68	66.42	7.80	0.85
149.20	73.03	66.04	64.59	9.96	0.83
149.80	73.21	66.12	65.18	20.26	0.69
150.40	74.55	66.84	66.15	17.76	0.73
151.00	74.19	66.31	65.79	16.99	0.75
151.60	72.36	64.34	63.93	16.14	0.74
152.20	68.72	60.73	60.65	18.55	0.69
152.80	67.31	59.27	58.62	21.21	0.64
153.40	69.18	61.62	60.23	18.72	0.68
154.00	70.64	64.15	62.06	17.70	0.69
154.60	68.79	64.22	61.45	16.45	0.71
155.20	69.30	63.71	61.34	19.78	0.66
155.80	73.54	67.42	65.43	19.72	0.69
156.40	80.67	73.38	71.08	15.95	0.77
157.00	79.58	73.65	73.73	18.60	0.73
157.60	76.56	69.67	72.25	19.80	0.76
158.20	72.50	66.38	70.17	23.22	0.71
158.80	71.14	65.59	70.93	22.85	0.74
159.40	74.80	67.61	74.44	22.81	0.78
160.00	75.50	67.24	76.66	16.64	0.90
160.60	72.17	64.10	75.03	14.77	0.94
161.20	66.07	59.52	70.12	15.67	0.92
161.80	61.37	54.77	64.84	19.09	0.84
162.40	61.87	54.53	63.61	17.97	0.85
163.00	66.39	59.40	66.15	12.95	0.91
163.60	68.33	61.32	68.49	17.08	0.85
164.20	65.28	60.72	68.00	19.50	0.80
164.80	61.80	56.27	64.82	14.73	0.89
165.40	57.93	54.63	62.19	19.45	0.78
166.00	60.16	55.16	62.76	15.93	0.87
166.60	65.59	61.89	68.08	19.19	0.81
167.20	68.52	65.32	71.66	18.20	0.84
167.80	67.15	63.02	70.52	15.59	0.87
168.40	63.05	59.13	66.77	12.95	0.92
169.00	59.85	56.43	63.02	14.05	0.87
169.60	60.78	56.19	62.84	18.95	0.80
170.20	63.89	58.73	64.26	20.07	0.77
170.80	65.46	60.69	65.52	15.97	0.83
171.40	63.03	59.75	64.34	15.47	0.83
172.00	61.44	57.34	61.73	18.07	0.77
172.60	59.15	55.26	59.05	15.64	0.79
173.20	60.50	55.03	58.26	10.60	0.88
173.80	65.30	58.82	60.93	18.32	0.74
174.40	69.37	64.03	64.79	21.30	0.69
175.00	71.45	65.15	67.27	10.07	0.88
175.60	68.80	63.03	66.32	16.49	0.78
176.20	63.55	58.66	63.03	18.90	0.75
176.80	60.00	54.34	59.91	19.54	0.73
177.40	60.85	54.86	60.26	18.72	0.75
178.00	64.19	57.46	63.21	18.44	0.82
178.60	64.76	58.55	64.84	18.62	0.71
179.20	61.54	57.17	63.77	22.20	0.71
>>>>>>> 4966aae922150d281e7f47d431009d8054258bc0
=======
TIEMPO	VFSCd	VFSCi	PAMn	PCC	RAP
0.40	59.40	53.43	63.21	23.26	0.76
1.00	60.48	55.27	62.62	14.46	0.89
1.60	58.93	54.05	59.35	14.44	0.83
2.20	56.19	51.84	54.33	6.68	0.92
2.80	56.60	51.16	49.61	16.12	0.67
3.40	61.93	56.39	52.14	10.91	0.74
4.00	69.03	63.21	57.54	12.40	0.73
4.60	78.71	71.58	65.87	18.27	0.68
5.20	80.84	74.02	70.99	19.37	0.70
5.80	78.87	71.67	73.09	15.50	0.81
6.40	74.49	67.87	71.84	13.50	0.84
7.00	70.00	63.77	68.85	11.53	0.98
7.60	66.88	59.90	65.60	11.38	1.00
8.20	63.48	56.62	63.48	14.12	0.87
8.80	62.26	56.14	62.89	12.14	0.90
9.40	63.72	58.55	63.69	12.86	0.88
10.00	66.87	62.54	66.30	6.51	0.98
10.60	68.44	64.17	68.63	10.05	0.91
11.20	69.44	65.54	69.23	11.57	0.88
11.80	66.76	62.30	67.44	5.01	0.98
12.40	65.18	60.98	64.98	14.08	0.84
13.00	65.11	60.79	65.04	7.10	0.95
13.60	67.52	63.54	67.89	4.86	0.99
14.20	71.89	66.69	70.53	5.28	1.01
14.80	72.28	67.30	72.49	6.82	1.02
15.40	70.99	66.80	73.77	14.13	0.89
16.00	67.97	63.79	72.59	11.58	0.96
16.60	63.09	58.61	69.22	12.89	0.96
17.20	59.51	55.60	65.54	10.78	0.98
17.80	59.72	55.89	65.13	14.40	0.91
18.40	61.44	55.95	66.06	13.07	0.95
19.00	61.58	56.81	66.89	10.22	1.00
19.60	62.27	57.14	66.80	10.48	1.00
20.20	62.44	56.91	65.90	10.78	0.97
20.80	59.95	53.74	63.36	13.57	0.92
21.40	57.87	52.11	59.71	10.74	0.95
22.00	56.29	51.06	57.33	6.30	1.01
22.60	62.45	56.53	60.47	6.35	0.99
23.20	67.39	61.12	64.33	9.52	0.92
23.80	68.26	62.85	64.85	10.02	0.97
24.40	65.93	60.53	63.26	11.88	0.85
25.00	65.07	58.80	61.84	12.85	0.83
25.60	66.62	61.13	62.66	6.01	0.95
26.20	70.62	64.40	65.99	3.81	0.97
26.80	71.25	65.40	67.39	8.28	0.91
27.40	69.04	63.96	66.08	7.67	0.91
28.00	67.21	61.57	63.14	12.15	0.83
28.60	64.68	59.98	60.77	8.74	0.88
29.20	68.97	62.68	62.44	19.72	0.69
29.80	70.96	64.77	64.10	10.11	0.84
30.40	71.80	66.97	63.51	8.94	0.83
31.00	70.46	64.71	61.73	9.82	0.80
31.60	71.87	67.37	62.11	16.39	0.69
32.20	77.30	71.21	65.90	19.57	0.77
32.80	80.47	74.01	67.40	12.20	0.84
33.40	76.97	71.44	66.00	12.76	0.75
34.00	76.16	69.84	64.88	12.41	0.75
34.60	76.32	71.48	66.45	18.97	0.67
35.20	79.54	74.07	69.52	15.01	0.75
35.80	78.74	73.67	70.99	16.47	0.74
36.40	76.51	71.52	69.94	13.91	0.79
37.00	70.85	67.76	66.54	15.23	0.76
37.60	67.25	63.29	63.32	15.41	0.75
38.20	66.35	60.87	61.74	19.22	0.70
38.80	68.67	61.88	63.74	18.04	0.75
39.40	69.03	62.99	64.45	17.39	0.76
40.00	68.21	63.22	63.18	13.38	0.79
40.60	67.39	61.52	62.03	15.24	0.77
41.20	69.45	64.07	63.35	12.10	0.80
41.80	72.26	66.43	65.59	9.75	0.86
42.40	73.78	68.04	67.17	15.97	0.75
43.00	72.31	67.26	66.51	6.54	0.90
43.60	69.14	64.29	64.88	8.95	0.87
44.20	66.51	62.85	63.20	15.00	0.77
44.80	67.84	63.44	64.60	15.34	0.78
45.40	66.79	63.07	65.47	16.64	0.78
46.00	65.22	61.82	63.82	13.89	0.81
46.60	62.15	58.77	60.57	13.06	0.81
47.20	62.02	57.69	58.00	17.23	0.71
47.80	63.95	60.35	59.13	18.93	0.67
48.40	70.09	64.66	63.42	17.51	0.72
49.00	71.14	67.07	65.20	24.00	0.62
49.60	68.58	63.76	63.21	18.59	0.70
50.20	64.71	60.83	60.02	15.63	0.74
50.80	64.58	59.95	58.71	16.24	0.71
51.40	67.42	61.23	59.48	18.56	0.68
52.00	68.11	62.29	60.20	20.13	0.65
52.60	66.89	62.04	59.07	20.02	0.64
53.20	66.03	59.63	56.80	16.58	0.67
53.80	63.02	57.16	54.20	11.66	0.75
54.40	63.63	59.14	54.27	13.63	0.69
55.00	67.28	62.75	56.80	16.24	0.68
55.60	70.44	65.28	58.44	13.84	0.55
56.20	71.97	67.20	60.32	23.27	0.54
56.80	71.50	68.18	63.87	18.10	0.66
57.40	72.98	69.50	67.85	16.69	0.61
58.00	70.95	67.41	69.09	14.95	0.80
58.60	70.94	66.82	70.50	18.88	0.78
59.20	72.84	68.89	73.74	16.72	0.83
59.80	73.99	68.52	76.29	17.00	0.86
60.40	72.47	66.68	75.50	9.70	0.99
61.00	67.54	60.29	71.28	16.68	0.90
61.60	61.41	56.48	65.88	16.15	0.88
62.20	59.30	53.23	62.14	18.36	0.83
62.80	61.11	53.71	61.87	17.98	0.83
63.40	61.87	54.27	61.37	19.42	0.79
64.00	60.12	52.17	58.16	16.67	0.80
64.60	57.83	49.12	54.64	17.68	0.75
65.20	57.17	50.29	53.70	16.76	0.76
65.80	59.54	52.37	53.88	8.20	0.89
66.40	60.42	53.55	52.96	13.06	0.76
67.00	62.07	55.08	53.01	12.88	0.74
67.60	68.17	59.82	56.53	18.98	0.64
68.20	76.36	67.27	63.61	13.94	0.75
68.80	77.91	68.05	66.09	9.74	0.84
69.40	73.91	65.81	64.57	12.69	0.79
70.00	71.38	64.16	63.19	17.55	0.74
70.60	73.23	66.31	65.01	17.06	0.93
71.20	76.88	67.31	69.34	14.95	0.81
71.80	74.66	66.12	70.57	17.30	0.81
72.40	71.28	63.50	68.99	17.88	0.81
73.00	67.63	59.95	66.74	16.55	0.85
73.60	66.83	59.25	66.73	19.47	0.80
74.20	70.76	61.79	69.03	15.40	0.88
74.80	69.87	61.37	69.96	11.84	0.88
75.40	67.28	61.43	68.08	17.09	1.03
76.00	63.14	58.32	64.98	14.43	0.98
76.60	64.34	60.22	64.30	16.25	0.81
77.20	68.47	64.11	66.91	8.90	0.92
77.80	68.94	64.60	68.41	11.72	0.89
78.40	64.97	62.23	66.24	12.50	0.86
79.00	60.48	57.09	61.71	13.83	0.85
79.60	59.68	55.75	59.16	16.26	0.79
80.20	61.69	56.36	60.30	15.11	0.81
80.80	63.48	58.25	61.90	11.95	0.87
81.40	64.28	58.38	61.96	13.73	0.83
82.00	64.52	58.42	60.68	6.31	0.94
82.60	63.19	57.92	59.86	13.49	0.81
83.20	67.95	61.63	62.67	14.21	0.80
83.80	72.50	66.49	67.54	15.35	0.80
84.40	74.10	67.66	70.27	16.49	0.80
85.00	72.21	66.45	70.73	7.52	0.95
85.60	66.75	62.67	69.05	15.63	0.85
86.20	64.32	59.30	68.06	10.88	0.97
86.80	65.04	61.45	69.49	21.42	0.79
87.40	67.15	63.17	72.81	16.24	0.90
88.00	66.87	62.45	73.75	16.81	0.92
88.60	64.21	60.02	71.65	14.96	0.96
89.20	61.02	56.25	67.84	10.67	1.01
89.80	57.63	52.45	63.82	20.42	0.81
90.40	58.48	53.52	63.00	16.24	0.90
91.00	64.31	60.02	67.23	5.46	1.05
91.60	68.46	63.61	71.11	18.57	0.84
92.20	69.69	64.22	72.93	14.03	0.92
92.80	71.53	65.78	74.89	12.24	0.96
93.40	73.53	67.77	77.35	9.67	1.01
94.00	73.67	68.34	79.10	10.62	1.01
94.60	71.39	66.33	77.15	11.44	1.00
95.20	66.32	62.13	73.80	13.71	0.97
95.80	63.10	57.70	70.98	13.31	1.00
96.40	63.34	59.14	71.39	19.17	0.90
97.00	65.90	61.89	73.77	8.15	1.06
97.60	66.44	61.47	73.50	9.96	1.04
98.20	65.50	61.35	71.57	14.28	0.94
98.80	64.46	61.75	70.51	10.02	0.98
99.40	67.24	63.28	71.87	10.13	0.99
100.00	70.57	64.63	73.81	15.70	0.91
100.60	69.14	65.14	73.49	9.04	0.99
101.20	66.38	62.02	70.15	5.58	1.05
101.80	62.91	58.86	65.79	6.78	1.02
102.40	62.78	58.38	64.73	13.17	0.86
103.00	69.03	65.57	67.93	17.33	1.00
103.60	74.14	69.03	71.83	6.96	0.98
104.20	73.29	67.93	70.87	10.43	0.87
104.80	72.08	65.65	68.67	11.10	1.02
105.40	68.44	64.12	65.98	10.22	0.90
106.00	72.70	67.68	68.17	9.87	1.00
106.60	74.80	68.50	70.16	5.92	0.93
107.20	72.57	68.48	69.30	10.96	0.86
107.80	70.82	67.83	68.63	11.10	0.85
108.40	72.57	69.32	70.25	8.06	0.91
109.00	75.31	72.23	73.61	9.48	0.89
109.60	75.46	70.48	73.29	14.75	0.84
110.20	70.82	66.31	69.90	11.14	0.89
110.80	66.59	62.92	66.34	10.95	0.88
111.40	65.10	62.33	64.47	11.97	0.85
112.00	66.07	62.62	64.53	8.40	0.91
112.60	68.28	63.51	65.53	11.20	0.87
113.20	67.88	64.53	65.83	16.27	0.78
113.80	70.39	65.97	67.32	16.90	0.78
114.40	72.38	67.62	69.37	13.30	0.84
115.00	71.34	67.19	69.09	14.25	0.83
115.60	67.89	65.39	66.80	15.49	0.78
116.20	64.63	61.21	63.51	17.48	0.75
116.80	63.91	60.05	62.48	19.09	0.73
117.40	66.17	62.45	63.81	7.32	0.92
118.00	67.04	62.26	63.47	14.68	0.79
118.60	64.39	59.48	60.93	12.90	0.82
119.20	63.27	58.02	58.85	10.28	0.85
119.80	66.15	61.50	61.05	17.56	0.72
120.40	69.09	64.83	64.32	17.39	0.73
121.00	69.02	65.14	64.13	15.05	0.76
121.60	65.39	61.70	61.96	17.89	0.70
122.20	63.51	58.44	59.38	15.03	0.76
122.80	67.33	62.49	61.13	13.73	0.77
123.40	71.98	66.07	64.87	16.04	0.75
124.00	71.19	67.40	65.92	18.44	0.71
124.60	68.15	64.48	63.83	20.02	0.68
125.20	64.91	61.87	60.91	20.07	0.67
125.80	65.20	62.12	60.64	15.99	0.73
126.40	67.55	65.39	62.65	20.01	0.66
127.00	68.90	65.52	63.43	21.52	0.64
127.60	66.85	62.92	61.68	21.51	0.65
128.20	66.49	61.68	59.81	20.01	0.65
128.80	69.49	63.83	61.04	18.33	0.68
129.40	73.65	66.53	63.99	18.52	0.69
130.00	74.13	67.29	65.67	17.44	0.73
130.60	71.43	65.01	65.29	13.38	0.80
131.20	68.80	62.85	64.25	16.84	0.76
131.80	68.10	61.25	64.65	19.55	0.74
132.40	68.57	62.49	65.46	19.85	0.74
133.00	67.49	61.80	65.39	18.53	0.76
133.60	67.39	60.91	65.04	22.65	0.70
134.20	65.06	59.10	63.46	14.03	0.84
134.80	63.71	58.61	62.45	20.92	0.73
135.40	63.11	58.01	61.52	18.42	0.75
136.00	64.18	59.07	61.55	17.39	0.76
136.60	67.28	62.16	64.32	12.58	0.85
137.20	69.55	64.80	66.98	15.34	0.82
137.80	68.06	63.35	67.42	14.68	0.84
138.40	63.84	59.93	64.12	20.15	0.73
139.00	61.00	56.87	60.94	18.88	0.75
139.60	62.75	59.09	61.22	19.48	0.72
140.20	66.55	61.50	63.29	15.20	0.78
140.80	69.02	64.23	65.15	20.37	0.71
141.40	70.32	64.87	65.69	18.63	0.74
142.00	68.16	63.62	64.29	17.44	0.73
142.60	64.82	60.07	61.02	21.88	0.65
143.20	64.49	59.57	58.96	17.47	0.70
143.80	66.33	61.41	60.31	19.15	0.68
144.40	71.13	66.01	62.80	18.86	0.67
145.00	72.21	66.86	63.40	13.70	0.75
145.60	68.45	63.71	61.69	14.18	0.74
146.20	68.51	63.44	60.29	11.78	0.76
146.80	73.49	67.72	63.25	22.47	0.61
147.40	77.06	71.96	67.12	18.17	0.69
148.00	78.18	71.96	68.09	13.81	0.77
148.60	75.72	69.68	66.42	7.80	0.85
149.20	73.03	66.04	64.59	9.96	0.83
149.80	73.21	66.12	65.18	20.26	0.69
150.40	74.55	66.84	66.15	17.76	0.73
151.00	74.19	66.31	65.79	16.99	0.75
151.60	72.36	64.34	63.93	16.14	0.74
152.20	68.72	60.73	60.65	18.55	0.69
152.80	67.31	59.27	58.62	21.21	0.64
153.40	69.18	61.62	60.23	18.72	0.68
154.00	70.64	64.15	62.06	17.70	0.69
154.60	68.79	64.22	61.45	16.45	0.71
155.20	69.30	63.71	61.34	19.78	0.66
155.80	73.54	67.42	65.43	19.72	0.69
156.40	80.67	73.38	71.08	15.95	0.77
157.00	79.58	73.65	73.73	18.60	0.73
157.60	76.56	69.67	72.25	19.80	0.76
158.20	72.50	66.38	70.17	23.22	0.71
158.80	71.14	65.59	70.93	22.85	0.74
159.40	74.80	67.61	74.44	22.81	0.78
160.00	75.50	67.24	76.66	16.64	0.90
160.60	72.17	64.10	75.03	14.77	0.94
161.20	66.07	59.52	70.12	15.67	0.92
161.80	61.37	54.77	64.84	19.09	0.84
162.40	61.87	54.53	63.61	17.97	0.85
163.00	66.39	59.40	66.15	12.95	0.91
163.60	68.33	61.32	68.49	17.08	0.85
164.20	65.28	60.72	68.00	19.50	0.80
164.80	61.80	56.27	64.82	14.73	0.89
165.40	57.93	54.63	62.19	19.45	0.78
166.00	60.16	55.16	62.76	15.93	0.87
166.60	65.59	61.89	68.08	19.19	0.81
167.20	68.52	65.32	71.66	18.20	0.84
167.80	67.15	63.02	70.52	15.59	0.87
168.40	63.05	59.13	66.77	12.95	0.92
169.00	59.85	56.43	63.02	14.05	0.87
169.60	60.78	56.19	62.84	18.95	0.80
170.20	63.89	58.73	64.26	20.07	0.77
170.80	65.46	60.69	65.52	15.97	0.83
171.40	63.03	59.75	64.34	15.47	0.83
172.00	61.44	57.34	61.73	18.07	0.77
172.60	59.15	55.26	59.05	15.64	0.79
173.20	60.50	55.03	58.26	10.60	0.88
173.80	65.30	58.82	60.93	18.32	0.74
174.40	69.37	64.03	64.79	21.30	0.69
175.00	71.45	65.15	67.27	10.07	0.88
175.60	68.80	63.03	66.32	16.49	0.78
176.20	63.55	58.66	63.03	18.90	0.75
176.80	60.00	54.34	59.91	19.54	0.73
177.40	60.85	54.86	60.26	18.72	0.75
178.00	64.19	57.46	63.21	18.44	0.82
178.60	64.76	58.55	64.84	18.62	0.71
179.20	61.54	57.17	63.77	22.20	0.71
>>>>>>> 4966aae922150d281e7f47d431009d8054258bc0
179.80	57.67	53.66	60.99	22.51	0.73