<<<<<<< HEAD
<<<<<<< HEAD
TIEMPO	VFSCd	VFSCi	PAMn	PCC	RAP
0.40	75.39	70.27	67.34	4.29	0.91
1.00	75.93	69.32	66.84	9.97	0.81
1.60	78.23	71.72	67.49	7.37	0.84
2.20	78.99	72.98	67.76	3.66	0.88
2.80	78.37	72.70	66.99	3.35	0.87
3.40	77.18	71.57	65.46	6.85	0.82
4.00	75.54	69.44	63.46	11.78	0.74
4.60	74.80	68.98	61.89	9.86	0.75
5.20	77.00	70.98	63.03	8.57	0.76
5.80	80.80	75.00	65.75	10.46	0.74
6.40	83.86	78.08	68.88	7.23	0.79
7.00	85.21	80.95	70.74	5.06	0.77
7.60	86.30	81.33	72.05	4.45	0.87
8.20	86.84	80.08	73.99	7.53	0.87
8.80	90.74	84.38	78.82	3.96	0.90
9.40	93.28	87.79	82.83	5.76	0.86
10.00	92.04	86.41	84.02	10.20	0.92
10.60	89.98	83.66	83.29	3.02	0.99
11.20	86.74	81.49	80.86	2.78	0.95
11.80	85.35	77.74	77.90	6.86	0.90
12.40	84.58	75.92	76.17	7.99	0.89
13.00	83.98	76.95	76.94	8.24	0.88
13.60	83.70	77.07	76.85	8.47	0.88
14.20	80.34	74.32	75.10	3.12	0.94
14.80	77.54	70.88	71.75	6.78	0.90
15.40	72.52	67.02	68.10	13.93	0.80
16.00	68.92	65.04	65.39	8.57	0.87
16.60	69.62	65.81	64.78	7.07	0.87
17.20	72.37	67.42	66.02	8.64	0.84
17.80	75.86	69.78	67.82	3.13	0.92
18.40	79.10	72.71	69.31	4.13	0.90
19.00	80.20	74.54	70.39	6.40	0.86
19.60	80.28	73.07	69.98	6.75	0.86
20.20	81.83	75.70	71.92	9.83	0.82
20.80	85.10	76.64	74.68	7.00	0.88
21.40	83.74	76.39	75.15	2.09	0.94
22.00	80.77	75.41	74.07	7.13	0.87
22.60	78.40	71.16	71.71	8.65	0.87
23.20	77.13	69.41	69.77	6.96	0.91
23.80	78.10	71.66	70.63	11.95	0.82
24.40	80.93	73.72	72.66	7.23	0.88
25.00	81.25	73.74	73.33	7.00	0.88
25.60	79.93	72.26	72.29	3.19	0.93
26.20	77.10	69.78	69.72	8.39	0.87
26.80	75.26	68.09	67.92	9.26	0.86
27.40	77.87	70.08	69.32	4.70	0.93
28.00	79.55	71.56	70.86	6.17	0.90
28.60	79.57	71.80	71.44	10.81	0.83
29.20	78.39	70.96	71.85	9.82	0.86
29.80	75.36	68.33	70.30	13.99	0.81
30.40	70.89	64.53	67.35	8.75	0.90
31.00	68.46	62.14	64.52	6.85	0.92
31.60	69.13	62.81	63.24	8.15	0.88
32.20	71.93	65.70	64.58	5.51	0.90
32.80	74.66	68.05	66.57	7.04	0.87
33.40	73.75	67.38	65.81	9.04	0.83
34.00	71.32	65.82	64.02	10.56	0.81
34.60	69.56	64.80	62.84	10.98	0.79
35.20	72.86	67.62	64.42	9.82	0.80
35.80	77.22	71.57	68.28	6.59	0.85
36.40	79.11	74.11	71.09	2.34	0.92
37.00	78.97	74.92	71.81	2.66	0.92
37.60	78.72	74.69	72.06	4.56	0.90
38.20	79.64	75.44	73.91	2.52	0.94
38.80	83.08	79.09	78.21	2.26	0.94
39.40	85.06	80.37	81.08	1.78	0.96
40.00	82.95	79.86	82.06	5.54	0.95
40.60	81.24	78.65	82.48	3.25	0.99
41.20	79.25	74.77	80.65	8.31	0.93
41.80	75.18	70.12	77.19	11.11	0.92
42.40	71.27	67.04	73.79	8.91	0.96
43.00	69.64	66.18	72.88	7.53	0.96
43.60	70.87	66.49	73.16	4.29	1.00
44.20	68.97	64.74	70.87	10.96	0.91
44.80	66.92	62.68	68.58	8.39	0.95
45.40	64.15	61.54	66.70	4.77	0.99
46.00	67.72	63.64	67.50	2.47	1.02
46.60	73.50	69.07	71.80	4.89	0.96
47.20	76.21	70.39	73.70	6.65	0.95
47.80	75.02	71.40	74.28	6.26	0.89
48.40	72.95	68.89	72.83	4.04	1.11
49.00	72.58	70.03	73.71	9.99	0.93
49.60	74.50	72.65	76.03	13.07	0.96
50.20	75.68	75.07	78.14	14.12	1.06
50.80	74.34	74.58	78.43	10.88	1.00
51.40	73.48	71.62	76.27	4.23	0.98
52.00	68.86	67.95	72.59	4.59	0.97
52.60	65.35	65.38	69.29	8.26	0.91
53.20	66.15	65.76	68.56	2.64	1.00
53.80	69.00	68.55	70.16	5.41	0.93
54.40	71.42	70.28	71.61	2.41	0.97
55.00	71.12	69.97	71.13	1.46	0.98
55.60	68.46	67.33	68.48	7.21	0.89
56.20	63.66	62.71	64.85	7.02	0.91
56.80	61.10	60.19	61.47	4.78	0.93
57.40	60.76	59.23	60.32	12.55	0.80
58.00	65.45	62.78	62.19	8.57	0.85
58.60	67.53	66.25	64.29	5.16	0.89
59.20	69.44	66.78	64.81	0.67	0.95
59.80	69.61	65.23	63.06	4.86	0.88
60.40	66.97	63.16	60.95	9.64	0.80
61.00	67.30	63.40	60.63	8.92	0.81
61.60	72.82	69.43	63.63	5.00	0.85
62.20	78.58	75.39	68.31	3.47	0.86
62.80	80.11	77.07	70.94	10.28	0.78
63.40	77.70	75.16	70.58	11.16	0.77
64.00	75.08	71.79	68.70	14.82	0.75
64.60	71.73	68.62	66.83	12.07	0.79
65.20	72.68	69.21	67.47	11.08	0.81
65.80	74.64	71.79	70.64	8.25	0.85
66.40	75.16	72.61	71.67	7.57	0.88
67.00	73.28	70.29	70.93	7.23	0.89
67.60	70.83	68.50	68.91	12.16	0.82
68.20	70.45	66.66	68.29	10.46	0.84
68.80	71.71	69.63	69.40	7.27	0.89
69.40	71.71	69.39	69.64	8.62	0.87
70.00	70.49	66.89	67.40	10.51	0.83
70.60	69.32	65.61	65.53	6.94	0.89
71.20	70.08	66.18	65.83	7.48	0.88
71.80	74.42	70.19	68.44	7.22	0.87
72.40	78.01	74.06	70.65	10.21	0.81
73.00	78.49	74.26	70.80	10.92	0.80
73.60	75.54	71.32	69.03	11.34	0.78
74.20	73.76	68.63	66.76	9.54	0.81
74.80	74.10	68.96	66.50	13.44	0.77
75.40	76.54	71.43	68.63	9.23	0.82
76.00	77.04	72.63	69.72	8.03	0.83
76.60	74.44	69.97	68.64	8.57	0.85
77.20	72.66	67.72	66.96	11.27	0.81
77.80	71.62	65.33	65.01	7.76	0.86
78.40	72.58	66.90	65.50	6.33	0.88
79.00	77.33	70.69	68.55	6.89	0.87
79.60	79.17	72.42	70.91	7.00	0.86
80.20	79.16	72.59	71.70	7.04	0.91
80.80	79.42	72.41	72.15	6.76	1.03
81.40	79.54	72.55	71.79	4.17	0.94
82.00	80.19	74.47	73.44	3.15	1.00
82.60	79.87	75.00	75.37	6.27	0.92
83.20	77.46	72.46	74.53	5.30	0.93
83.80	77.06	73.25	73.17	3.28	0.95
84.40	76.72	73.98	72.35	2.81	0.93
85.00	75.23	72.47	71.05	4.55	0.90
85.60	76.38	73.08	71.26	1.46	0.94
86.20	75.19	72.09	70.12	5.46	0.88
86.80	72.95	71.72	68.33	6.36	0.85
87.40	71.47	70.56	66.59	5.54	0.85
88.00	70.35	68.73	65.02	5.99	0.84
88.60	68.53	67.81	63.49	6.40	0.83
89.20	71.07	69.42	63.97	5.63	0.84
89.80	71.68	68.73	64.52	8.31	0.80
90.40	70.63	67.83	64.22	11.43	0.76
91.00	70.55	67.80	63.04	7.91	0.80
91.60	70.77	67.88	61.68	3.29	0.85
92.20	72.78	70.31	61.82	7.32	0.78
92.80	77.97	76.19	65.96	4.29	0.81
93.40	81.70	79.15	68.64	5.19	0.80
94.00	80.72	77.35	68.13	5.58	0.79
94.60	79.71	75.66	67.10	3.46	0.83
95.20	74.57	71.21	64.55	5.63	0.81
95.80	74.10	70.82	64.59	6.01	0.81
96.40	75.60	72.01	66.06	5.93	0.82
97.00	74.97	70.91	66.29	8.02	0.80
97.60	73.44	68.97	64.47	9.86	0.79
98.20	74.70	69.94	64.51	4.60	0.84
98.80	77.29	71.47	66.65	6.04	0.84
99.40	82.85	77.48	70.83	6.94	0.82
100.00	84.15	80.00	74.04	3.59	0.86
100.60	83.96	79.53	74.81	11.04	0.79
101.20	81.71	77.69	74.82	10.45	0.80
101.80	77.87	73.22	71.95	11.21	0.80
102.40	75.98	70.05	70.25	12.63	0.80
103.00	74.45	68.44	70.09	13.00	0.81
103.60	72.33	66.92	68.85	12.10	0.84
104.20	70.16	64.77	66.42	10.03	0.86
104.80	68.10	63.18	63.74	11.30	0.81
105.40	65.59	60.89	61.23	11.59	0.80
106.00	70.11	63.96	62.47	2.73	0.94
106.60	79.20	74.66	70.59	3.41	0.90
107.20	83.12	79.31	75.21	6.28	0.86
107.80	79.35	75.84	73.28	6.01	0.86
108.40	80.15	75.88	74.91	6.91	0.88
109.00	78.82	75.69	76.52	7.45	0.90
109.60	78.58	76.62	78.36	6.28	0.92
110.20	76.04	72.62	77.29	8.64	0.91
110.80	72.23	68.49	74.90	16.09	0.84
111.40	69.53	66.67	72.91	8.38	0.95
112.00	69.16	64.05	71.34	13.49	0.88
112.60	68.73	64.00	70.27	11.54	0.91
113.20	68.19	63.45	69.64	8.01	0.96
113.80	67.75	62.78	69.19	10.97	0.91
114.40	66.96	62.52	68.26	11.06	0.90
115.00	64.42	60.27	67.84	10.35	0.93
115.60	61.22	57.20	65.02	15.07	0.85
116.20	59.05	56.03	62.93	11.11	0.91
116.80	58.89	55.49	62.00	7.18	0.97
117.40	60.18	57.28	62.05	8.64	0.92
118.00	60.73	58.25	62.02	11.64	0.86
118.60	59.57	56.53	60.18	13.02	0.82
119.20	59.87	56.44	58.62	11.55	0.83
119.80	64.31	60.54	60.96	12.55	0.80
120.40	69.03	64.35	64.21	6.87	0.88
121.00	71.06	66.32	66.36	9.93	0.84
121.60	70.40	65.71	67.28	7.86	0.89
122.20	72.19	67.01	69.88	12.23	0.85
122.80	72.11	67.20	71.75	14.11	0.85
123.40	72.58	66.84	73.92	11.07	0.93
124.00	71.89	65.59	74.46	11.96	0.96
124.60	69.43	63.53	74.32	13.53	0.88
125.20	66.77	60.09	73.18	10.93	0.97
125.80	65.21	58.53	71.89	10.92	1.03
126.40	64.06	57.99	70.97	15.13	0.95
127.00	63.19	57.29	69.42	12.42	0.98
127.60	64.29	58.17	70.02	8.16	1.06
128.20	64.55	59.43	69.21	7.60	1.04
128.80	64.41	59.66	69.32	7.33	1.03
129.40	62.70	58.83	68.27	7.27	1.02
130.00	64.33	60.16	67.64	6.56	1.01
130.60	65.32	60.53	67.43	5.48	1.02
131.20	62.25	57.51	63.76	6.78	0.98
131.80	61.83	56.70	61.39	11.11	0.89
132.40	61.18	56.55	59.65	13.84	0.81
133.00	62.20	57.41	58.92	4.23	0.93
133.60	66.08	62.16	61.59	4.65	0.92
134.20	70.27	65.93	65.00	6.60	0.88
134.80	72.24	67.35	67.17	10.71	0.83
135.40	73.33	69.23	68.52	6.09	0.89
136.00	75.48	71.37	70.45	5.31	0.90
136.60	76.85	72.00	72.02	9.53	0.86
137.20	76.59	71.15	71.45	8.09	0.89
137.80	75.11	69.55	70.10	10.96	0.84
138.40	72.39	66.92	68.41	10.64	0.87
139.00	70.43	64.70	66.96	11.12	0.87
139.60	71.13	65.25	67.63	5.72	0.96
140.20	71.55	66.57	68.54	15.16	0.80
140.80	72.48	65.49	69.34	9.22	0.93
141.40	74.59	68.84	70.82	11.90	0.87
142.00	76.02	70.59	72.86	10.32	0.88
142.60	77.86	72.05	73.63	5.26	0.97
143.20	76.31	71.52	75.78	3.56	0.83
143.80	79.40	75.70	76.79	5.72	0.87
144.40	80.55	77.60	77.57	5.39	0.93
145.00	76.72	74.25	74.38	8.59	0.87
145.60	73.36	71.29	70.99	7.84	0.87
146.20	70.07	67.80	68.37	8.17	0.88
146.80	71.46	70.43	68.13	8.65	0.86
147.40	74.10	72.11	69.84	6.24	0.87
148.00	73.19	70.32	68.71	6.06	0.87
148.60	69.67	67.56	65.18	5.44	0.87
149.20	67.53	65.58	62.70	1.04	0.93
149.80	68.58	67.17	62.52	4.50	0.86
150.40	73.86	71.63	66.42	11.47	0.76
151.00	73.09	71.32	65.94	7.17	0.82
151.60	67.86	67.26	62.76	10.99	0.76
152.20	68.38	65.00	60.38	12.70	0.73
152.80	66.38	64.06	59.30	6.25	0.82
153.40	67.96	66.21	61.28	8.42	0.80
154.00	71.03	69.19	63.91	6.63	0.82
154.60	72.04	69.93	66.00	9.56	0.81
155.20	73.40	71.43	68.84	11.32	0.81
155.80	75.78	73.15	73.00	11.37	0.84
156.40	73.55	70.53	73.75	14.41	0.84
157.00	69.32	65.62	72.46	15.96	0.84
157.60	64.72	60.73	70.59	15.96	0.86
158.20	60.14	56.25	68.12	15.97	0.89
158.80	56.35	51.34	65.32	16.52	0.91
159.40	52.23	48.38	62.40	11.68	1.02
160.00	52.70	48.67	60.52	12.52	0.98
160.60	54.56	51.07	61.74	10.59	1.00
161.20	55.62	52.04	62.80	10.32	1.00
161.80	54.98	51.28	62.19	13.29	0.95
162.40	54.30	50.54	61.71	12.70	0.96
163.00	56.00	51.80	62.70	12.88	0.97
163.60	58.21	54.49	65.78	11.95	1.00
164.20	58.69	55.77	68.35	10.18	1.03
164.80	57.86	54.58	69.23	12.05	1.03
165.40	58.71	55.67	71.60	8.25	1.14
166.00	60.94	56.89	75.10	5.26	1.22
166.60	58.52	55.38	74.63	11.32	1.13
167.20	54.62	52.03	72.45	14.81	1.09
167.80	51.25	48.10	68.74	16.19	1.06
168.40	49.89	46.89	65.93	14.32	1.08
169.00	51.84	48.27	65.39	10.67	1.13
169.60	54.99	50.56	66.07	10.52	1.10
170.20	56.32	52.24	66.30	7.53	1.12
170.80	56.99	52.39	64.84	10.35	1.03
171.40	56.06	51.42	62.31	6.75	1.07
172.00	56.78	53.22	62.24	6.35	1.05
172.60	57.88	53.86	61.55	8.12	0.99
173.20	57.27	54.46	59.66	9.56	0.92
173.80	56.67	53.92	57.51	10.28	0.86
174.40	56.55	52.63	55.89	10.81	0.85
175.00	55.94	53.12	55.07	9.58	0.85
175.60	58.65	53.92	55.59	8.61	0.87
176.20	61.02	56.85	57.13	8.77	0.85
176.80	63.38	59.91	59.39	8.24	0.87
177.40	65.31	61.69	61.16	2.20	0.95
178.00	65.73	62.58	62.55	9.72	0.84
178.60	66.97	63.31	63.72	8.75	0.86
=======
TIEMPO	VFSCd	VFSCi	PAMn	PCC	RAP
0.40	75.39	70.27	67.34	4.29	0.91
1.00	75.93	69.32	66.84	9.97	0.81
1.60	78.23	71.72	67.49	7.37	0.84
2.20	78.99	72.98	67.76	3.66	0.88
2.80	78.37	72.70	66.99	3.35	0.87
3.40	77.18	71.57	65.46	6.85	0.82
4.00	75.54	69.44	63.46	11.78	0.74
4.60	74.80	68.98	61.89	9.86	0.75
5.20	77.00	70.98	63.03	8.57	0.76
5.80	80.80	75.00	65.75	10.46	0.74
6.40	83.86	78.08	68.88	7.23	0.79
7.00	85.21	80.95	70.74	5.06	0.77
7.60	86.30	81.33	72.05	4.45	0.87
8.20	86.84	80.08	73.99	7.53	0.87
8.80	90.74	84.38	78.82	3.96	0.90
9.40	93.28	87.79	82.83	5.76	0.86
10.00	92.04	86.41	84.02	10.20	0.92
10.60	89.98	83.66	83.29	3.02	0.99
11.20	86.74	81.49	80.86	2.78	0.95
11.80	85.35	77.74	77.90	6.86	0.90
12.40	84.58	75.92	76.17	7.99	0.89
13.00	83.98	76.95	76.94	8.24	0.88
13.60	83.70	77.07	76.85	8.47	0.88
14.20	80.34	74.32	75.10	3.12	0.94
14.80	77.54	70.88	71.75	6.78	0.90
15.40	72.52	67.02	68.10	13.93	0.80
16.00	68.92	65.04	65.39	8.57	0.87
16.60	69.62	65.81	64.78	7.07	0.87
17.20	72.37	67.42	66.02	8.64	0.84
17.80	75.86	69.78	67.82	3.13	0.92
18.40	79.10	72.71	69.31	4.13	0.90
19.00	80.20	74.54	70.39	6.40	0.86
19.60	80.28	73.07	69.98	6.75	0.86
20.20	81.83	75.70	71.92	9.83	0.82
20.80	85.10	76.64	74.68	7.00	0.88
21.40	83.74	76.39	75.15	2.09	0.94
22.00	80.77	75.41	74.07	7.13	0.87
22.60	78.40	71.16	71.71	8.65	0.87
23.20	77.13	69.41	69.77	6.96	0.91
23.80	78.10	71.66	70.63	11.95	0.82
24.40	80.93	73.72	72.66	7.23	0.88
25.00	81.25	73.74	73.33	7.00	0.88
25.60	79.93	72.26	72.29	3.19	0.93
26.20	77.10	69.78	69.72	8.39	0.87
26.80	75.26	68.09	67.92	9.26	0.86
27.40	77.87	70.08	69.32	4.70	0.93
28.00	79.55	71.56	70.86	6.17	0.90
28.60	79.57	71.80	71.44	10.81	0.83
29.20	78.39	70.96	71.85	9.82	0.86
29.80	75.36	68.33	70.30	13.99	0.81
30.40	70.89	64.53	67.35	8.75	0.90
31.00	68.46	62.14	64.52	6.85	0.92
31.60	69.13	62.81	63.24	8.15	0.88
32.20	71.93	65.70	64.58	5.51	0.90
32.80	74.66	68.05	66.57	7.04	0.87
33.40	73.75	67.38	65.81	9.04	0.83
34.00	71.32	65.82	64.02	10.56	0.81
34.60	69.56	64.80	62.84	10.98	0.79
35.20	72.86	67.62	64.42	9.82	0.80
35.80	77.22	71.57	68.28	6.59	0.85
36.40	79.11	74.11	71.09	2.34	0.92
37.00	78.97	74.92	71.81	2.66	0.92
37.60	78.72	74.69	72.06	4.56	0.90
38.20	79.64	75.44	73.91	2.52	0.94
38.80	83.08	79.09	78.21	2.26	0.94
39.40	85.06	80.37	81.08	1.78	0.96
40.00	82.95	79.86	82.06	5.54	0.95
40.60	81.24	78.65	82.48	3.25	0.99
41.20	79.25	74.77	80.65	8.31	0.93
41.80	75.18	70.12	77.19	11.11	0.92
42.40	71.27	67.04	73.79	8.91	0.96
43.00	69.64	66.18	72.88	7.53	0.96
43.60	70.87	66.49	73.16	4.29	1.00
44.20	68.97	64.74	70.87	10.96	0.91
44.80	66.92	62.68	68.58	8.39	0.95
45.40	64.15	61.54	66.70	4.77	0.99
46.00	67.72	63.64	67.50	2.47	1.02
46.60	73.50	69.07	71.80	4.89	0.96
47.20	76.21	70.39	73.70	6.65	0.95
47.80	75.02	71.40	74.28	6.26	0.89
48.40	72.95	68.89	72.83	4.04	1.11
49.00	72.58	70.03	73.71	9.99	0.93
49.60	74.50	72.65	76.03	13.07	0.96
50.20	75.68	75.07	78.14	14.12	1.06
50.80	74.34	74.58	78.43	10.88	1.00
51.40	73.48	71.62	76.27	4.23	0.98
52.00	68.86	67.95	72.59	4.59	0.97
52.60	65.35	65.38	69.29	8.26	0.91
53.20	66.15	65.76	68.56	2.64	1.00
53.80	69.00	68.55	70.16	5.41	0.93
54.40	71.42	70.28	71.61	2.41	0.97
55.00	71.12	69.97	71.13	1.46	0.98
55.60	68.46	67.33	68.48	7.21	0.89
56.20	63.66	62.71	64.85	7.02	0.91
56.80	61.10	60.19	61.47	4.78	0.93
57.40	60.76	59.23	60.32	12.55	0.80
58.00	65.45	62.78	62.19	8.57	0.85
58.60	67.53	66.25	64.29	5.16	0.89
59.20	69.44	66.78	64.81	0.67	0.95
59.80	69.61	65.23	63.06	4.86	0.88
60.40	66.97	63.16	60.95	9.64	0.80
61.00	67.30	63.40	60.63	8.92	0.81
61.60	72.82	69.43	63.63	5.00	0.85
62.20	78.58	75.39	68.31	3.47	0.86
62.80	80.11	77.07	70.94	10.28	0.78
63.40	77.70	75.16	70.58	11.16	0.77
64.00	75.08	71.79	68.70	14.82	0.75
64.60	71.73	68.62	66.83	12.07	0.79
65.20	72.68	69.21	67.47	11.08	0.81
65.80	74.64	71.79	70.64	8.25	0.85
66.40	75.16	72.61	71.67	7.57	0.88
67.00	73.28	70.29	70.93	7.23	0.89
67.60	70.83	68.50	68.91	12.16	0.82
68.20	70.45	66.66	68.29	10.46	0.84
68.80	71.71	69.63	69.40	7.27	0.89
69.40	71.71	69.39	69.64	8.62	0.87
70.00	70.49	66.89	67.40	10.51	0.83
70.60	69.32	65.61	65.53	6.94	0.89
71.20	70.08	66.18	65.83	7.48	0.88
71.80	74.42	70.19	68.44	7.22	0.87
72.40	78.01	74.06	70.65	10.21	0.81
73.00	78.49	74.26	70.80	10.92	0.80
73.60	75.54	71.32	69.03	11.34	0.78
74.20	73.76	68.63	66.76	9.54	0.81
74.80	74.10	68.96	66.50	13.44	0.77
75.40	76.54	71.43	68.63	9.23	0.82
76.00	77.04	72.63	69.72	8.03	0.83
76.60	74.44	69.97	68.64	8.57	0.85
77.20	72.66	67.72	66.96	11.27	0.81
77.80	71.62	65.33	65.01	7.76	0.86
78.40	72.58	66.90	65.50	6.33	0.88
79.00	77.33	70.69	68.55	6.89	0.87
79.60	79.17	72.42	70.91	7.00	0.86
80.20	79.16	72.59	71.70	7.04	0.91
80.80	79.42	72.41	72.15	6.76	1.03
81.40	79.54	72.55	71.79	4.17	0.94
82.00	80.19	74.47	73.44	3.15	1.00
82.60	79.87	75.00	75.37	6.27	0.92
83.20	77.46	72.46	74.53	5.30	0.93
83.80	77.06	73.25	73.17	3.28	0.95
84.40	76.72	73.98	72.35	2.81	0.93
85.00	75.23	72.47	71.05	4.55	0.90
85.60	76.38	73.08	71.26	1.46	0.94
86.20	75.19	72.09	70.12	5.46	0.88
86.80	72.95	71.72	68.33	6.36	0.85
87.40	71.47	70.56	66.59	5.54	0.85
88.00	70.35	68.73	65.02	5.99	0.84
88.60	68.53	67.81	63.49	6.40	0.83
89.20	71.07	69.42	63.97	5.63	0.84
89.80	71.68	68.73	64.52	8.31	0.80
90.40	70.63	67.83	64.22	11.43	0.76
91.00	70.55	67.80	63.04	7.91	0.80
91.60	70.77	67.88	61.68	3.29	0.85
92.20	72.78	70.31	61.82	7.32	0.78
92.80	77.97	76.19	65.96	4.29	0.81
93.40	81.70	79.15	68.64	5.19	0.80
94.00	80.72	77.35	68.13	5.58	0.79
94.60	79.71	75.66	67.10	3.46	0.83
95.20	74.57	71.21	64.55	5.63	0.81
95.80	74.10	70.82	64.59	6.01	0.81
96.40	75.60	72.01	66.06	5.93	0.82
97.00	74.97	70.91	66.29	8.02	0.80
97.60	73.44	68.97	64.47	9.86	0.79
98.20	74.70	69.94	64.51	4.60	0.84
98.80	77.29	71.47	66.65	6.04	0.84
99.40	82.85	77.48	70.83	6.94	0.82
100.00	84.15	80.00	74.04	3.59	0.86
100.60	83.96	79.53	74.81	11.04	0.79
101.20	81.71	77.69	74.82	10.45	0.80
101.80	77.87	73.22	71.95	11.21	0.80
102.40	75.98	70.05	70.25	12.63	0.80
103.00	74.45	68.44	70.09	13.00	0.81
103.60	72.33	66.92	68.85	12.10	0.84
104.20	70.16	64.77	66.42	10.03	0.86
104.80	68.10	63.18	63.74	11.30	0.81
105.40	65.59	60.89	61.23	11.59	0.80
106.00	70.11	63.96	62.47	2.73	0.94
106.60	79.20	74.66	70.59	3.41	0.90
107.20	83.12	79.31	75.21	6.28	0.86
107.80	79.35	75.84	73.28	6.01	0.86
108.40	80.15	75.88	74.91	6.91	0.88
109.00	78.82	75.69	76.52	7.45	0.90
109.60	78.58	76.62	78.36	6.28	0.92
110.20	76.04	72.62	77.29	8.64	0.91
110.80	72.23	68.49	74.90	16.09	0.84
111.40	69.53	66.67	72.91	8.38	0.95
112.00	69.16	64.05	71.34	13.49	0.88
112.60	68.73	64.00	70.27	11.54	0.91
113.20	68.19	63.45	69.64	8.01	0.96
113.80	67.75	62.78	69.19	10.97	0.91
114.40	66.96	62.52	68.26	11.06	0.90
115.00	64.42	60.27	67.84	10.35	0.93
115.60	61.22	57.20	65.02	15.07	0.85
116.20	59.05	56.03	62.93	11.11	0.91
116.80	58.89	55.49	62.00	7.18	0.97
117.40	60.18	57.28	62.05	8.64	0.92
118.00	60.73	58.25	62.02	11.64	0.86
118.60	59.57	56.53	60.18	13.02	0.82
119.20	59.87	56.44	58.62	11.55	0.83
119.80	64.31	60.54	60.96	12.55	0.80
120.40	69.03	64.35	64.21	6.87	0.88
121.00	71.06	66.32	66.36	9.93	0.84
121.60	70.40	65.71	67.28	7.86	0.89
122.20	72.19	67.01	69.88	12.23	0.85
122.80	72.11	67.20	71.75	14.11	0.85
123.40	72.58	66.84	73.92	11.07	0.93
124.00	71.89	65.59	74.46	11.96	0.96
124.60	69.43	63.53	74.32	13.53	0.88
125.20	66.77	60.09	73.18	10.93	0.97
125.80	65.21	58.53	71.89	10.92	1.03
126.40	64.06	57.99	70.97	15.13	0.95
127.00	63.19	57.29	69.42	12.42	0.98
127.60	64.29	58.17	70.02	8.16	1.06
128.20	64.55	59.43	69.21	7.60	1.04
128.80	64.41	59.66	69.32	7.33	1.03
129.40	62.70	58.83	68.27	7.27	1.02
130.00	64.33	60.16	67.64	6.56	1.01
130.60	65.32	60.53	67.43	5.48	1.02
131.20	62.25	57.51	63.76	6.78	0.98
131.80	61.83	56.70	61.39	11.11	0.89
132.40	61.18	56.55	59.65	13.84	0.81
133.00	62.20	57.41	58.92	4.23	0.93
133.60	66.08	62.16	61.59	4.65	0.92
134.20	70.27	65.93	65.00	6.60	0.88
134.80	72.24	67.35	67.17	10.71	0.83
135.40	73.33	69.23	68.52	6.09	0.89
136.00	75.48	71.37	70.45	5.31	0.90
136.60	76.85	72.00	72.02	9.53	0.86
137.20	76.59	71.15	71.45	8.09	0.89
137.80	75.11	69.55	70.10	10.96	0.84
138.40	72.39	66.92	68.41	10.64	0.87
139.00	70.43	64.70	66.96	11.12	0.87
139.60	71.13	65.25	67.63	5.72	0.96
140.20	71.55	66.57	68.54	15.16	0.80
140.80	72.48	65.49	69.34	9.22	0.93
141.40	74.59	68.84	70.82	11.90	0.87
142.00	76.02	70.59	72.86	10.32	0.88
142.60	77.86	72.05	73.63	5.26	0.97
143.20	76.31	71.52	75.78	3.56	0.83
143.80	79.40	75.70	76.79	5.72	0.87
144.40	80.55	77.60	77.57	5.39	0.93
145.00	76.72	74.25	74.38	8.59	0.87
145.60	73.36	71.29	70.99	7.84	0.87
146.20	70.07	67.80	68.37	8.17	0.88
146.80	71.46	70.43	68.13	8.65	0.86
147.40	74.10	72.11	69.84	6.24	0.87
148.00	73.19	70.32	68.71	6.06	0.87
148.60	69.67	67.56	65.18	5.44	0.87
149.20	67.53	65.58	62.70	1.04	0.93
149.80	68.58	67.17	62.52	4.50	0.86
150.40	73.86	71.63	66.42	11.47	0.76
151.00	73.09	71.32	65.94	7.17	0.82
151.60	67.86	67.26	62.76	10.99	0.76
152.20	68.38	65.00	60.38	12.70	0.73
152.80	66.38	64.06	59.30	6.25	0.82
153.40	67.96	66.21	61.28	8.42	0.80
154.00	71.03	69.19	63.91	6.63	0.82
154.60	72.04	69.93	66.00	9.56	0.81
155.20	73.40	71.43	68.84	11.32	0.81
155.80	75.78	73.15	73.00	11.37	0.84
156.40	73.55	70.53	73.75	14.41	0.84
157.00	69.32	65.62	72.46	15.96	0.84
157.60	64.72	60.73	70.59	15.96	0.86
158.20	60.14	56.25	68.12	15.97	0.89
158.80	56.35	51.34	65.32	16.52	0.91
159.40	52.23	48.38	62.40	11.68	1.02
160.00	52.70	48.67	60.52	12.52	0.98
160.60	54.56	51.07	61.74	10.59	1.00
161.20	55.62	52.04	62.80	10.32	1.00
161.80	54.98	51.28	62.19	13.29	0.95
162.40	54.30	50.54	61.71	12.70	0.96
163.00	56.00	51.80	62.70	12.88	0.97
163.60	58.21	54.49	65.78	11.95	1.00
164.20	58.69	55.77	68.35	10.18	1.03
164.80	57.86	54.58	69.23	12.05	1.03
165.40	58.71	55.67	71.60	8.25	1.14
166.00	60.94	56.89	75.10	5.26	1.22
166.60	58.52	55.38	74.63	11.32	1.13
167.20	54.62	52.03	72.45	14.81	1.09
167.80	51.25	48.10	68.74	16.19	1.06
168.40	49.89	46.89	65.93	14.32	1.08
169.00	51.84	48.27	65.39	10.67	1.13
169.60	54.99	50.56	66.07	10.52	1.10
170.20	56.32	52.24	66.30	7.53	1.12
170.80	56.99	52.39	64.84	10.35	1.03
171.40	56.06	51.42	62.31	6.75	1.07
172.00	56.78	53.22	62.24	6.35	1.05
172.60	57.88	53.86	61.55	8.12	0.99
173.20	57.27	54.46	59.66	9.56	0.92
173.80	56.67	53.92	57.51	10.28	0.86
174.40	56.55	52.63	55.89	10.81	0.85
175.00	55.94	53.12	55.07	9.58	0.85
175.60	58.65	53.92	55.59	8.61	0.87
176.20	61.02	56.85	57.13	8.77	0.85
176.80	63.38	59.91	59.39	8.24	0.87
177.40	65.31	61.69	61.16	2.20	0.95
178.00	65.73	62.58	62.55	9.72	0.84
178.60	66.97	63.31	63.72	8.75	0.86
>>>>>>> 4966aae922150d281e7f47d431009d8054258bc0
=======
TIEMPO	VFSCd	VFSCi	PAMn	PCC	RAP
0.40	75.39	70.27	67.34	4.29	0.91
1.00	75.93	69.32	66.84	9.97	0.81
1.60	78.23	71.72	67.49	7.37	0.84
2.20	78.99	72.98	67.76	3.66	0.88
2.80	78.37	72.70	66.99	3.35	0.87
3.40	77.18	71.57	65.46	6.85	0.82
4.00	75.54	69.44	63.46	11.78	0.74
4.60	74.80	68.98	61.89	9.86	0.75
5.20	77.00	70.98	63.03	8.57	0.76
5.80	80.80	75.00	65.75	10.46	0.74
6.40	83.86	78.08	68.88	7.23	0.79
7.00	85.21	80.95	70.74	5.06	0.77
7.60	86.30	81.33	72.05	4.45	0.87
8.20	86.84	80.08	73.99	7.53	0.87
8.80	90.74	84.38	78.82	3.96	0.90
9.40	93.28	87.79	82.83	5.76	0.86
10.00	92.04	86.41	84.02	10.20	0.92
10.60	89.98	83.66	83.29	3.02	0.99
11.20	86.74	81.49	80.86	2.78	0.95
11.80	85.35	77.74	77.90	6.86	0.90
12.40	84.58	75.92	76.17	7.99	0.89
13.00	83.98	76.95	76.94	8.24	0.88
13.60	83.70	77.07	76.85	8.47	0.88
14.20	80.34	74.32	75.10	3.12	0.94
14.80	77.54	70.88	71.75	6.78	0.90
15.40	72.52	67.02	68.10	13.93	0.80
16.00	68.92	65.04	65.39	8.57	0.87
16.60	69.62	65.81	64.78	7.07	0.87
17.20	72.37	67.42	66.02	8.64	0.84
17.80	75.86	69.78	67.82	3.13	0.92
18.40	79.10	72.71	69.31	4.13	0.90
19.00	80.20	74.54	70.39	6.40	0.86
19.60	80.28	73.07	69.98	6.75	0.86
20.20	81.83	75.70	71.92	9.83	0.82
20.80	85.10	76.64	74.68	7.00	0.88
21.40	83.74	76.39	75.15	2.09	0.94
22.00	80.77	75.41	74.07	7.13	0.87
22.60	78.40	71.16	71.71	8.65	0.87
23.20	77.13	69.41	69.77	6.96	0.91
23.80	78.10	71.66	70.63	11.95	0.82
24.40	80.93	73.72	72.66	7.23	0.88
25.00	81.25	73.74	73.33	7.00	0.88
25.60	79.93	72.26	72.29	3.19	0.93
26.20	77.10	69.78	69.72	8.39	0.87
26.80	75.26	68.09	67.92	9.26	0.86
27.40	77.87	70.08	69.32	4.70	0.93
28.00	79.55	71.56	70.86	6.17	0.90
28.60	79.57	71.80	71.44	10.81	0.83
29.20	78.39	70.96	71.85	9.82	0.86
29.80	75.36	68.33	70.30	13.99	0.81
30.40	70.89	64.53	67.35	8.75	0.90
31.00	68.46	62.14	64.52	6.85	0.92
31.60	69.13	62.81	63.24	8.15	0.88
32.20	71.93	65.70	64.58	5.51	0.90
32.80	74.66	68.05	66.57	7.04	0.87
33.40	73.75	67.38	65.81	9.04	0.83
34.00	71.32	65.82	64.02	10.56	0.81
34.60	69.56	64.80	62.84	10.98	0.79
35.20	72.86	67.62	64.42	9.82	0.80
35.80	77.22	71.57	68.28	6.59	0.85
36.40	79.11	74.11	71.09	2.34	0.92
37.00	78.97	74.92	71.81	2.66	0.92
37.60	78.72	74.69	72.06	4.56	0.90
38.20	79.64	75.44	73.91	2.52	0.94
38.80	83.08	79.09	78.21	2.26	0.94
39.40	85.06	80.37	81.08	1.78	0.96
40.00	82.95	79.86	82.06	5.54	0.95
40.60	81.24	78.65	82.48	3.25	0.99
41.20	79.25	74.77	80.65	8.31	0.93
41.80	75.18	70.12	77.19	11.11	0.92
42.40	71.27	67.04	73.79	8.91	0.96
43.00	69.64	66.18	72.88	7.53	0.96
43.60	70.87	66.49	73.16	4.29	1.00
44.20	68.97	64.74	70.87	10.96	0.91
44.80	66.92	62.68	68.58	8.39	0.95
45.40	64.15	61.54	66.70	4.77	0.99
46.00	67.72	63.64	67.50	2.47	1.02
46.60	73.50	69.07	71.80	4.89	0.96
47.20	76.21	70.39	73.70	6.65	0.95
47.80	75.02	71.40	74.28	6.26	0.89
48.40	72.95	68.89	72.83	4.04	1.11
49.00	72.58	70.03	73.71	9.99	0.93
49.60	74.50	72.65	76.03	13.07	0.96
50.20	75.68	75.07	78.14	14.12	1.06
50.80	74.34	74.58	78.43	10.88	1.00
51.40	73.48	71.62	76.27	4.23	0.98
52.00	68.86	67.95	72.59	4.59	0.97
52.60	65.35	65.38	69.29	8.26	0.91
53.20	66.15	65.76	68.56	2.64	1.00
53.80	69.00	68.55	70.16	5.41	0.93
54.40	71.42	70.28	71.61	2.41	0.97
55.00	71.12	69.97	71.13	1.46	0.98
55.60	68.46	67.33	68.48	7.21	0.89
56.20	63.66	62.71	64.85	7.02	0.91
56.80	61.10	60.19	61.47	4.78	0.93
57.40	60.76	59.23	60.32	12.55	0.80
58.00	65.45	62.78	62.19	8.57	0.85
58.60	67.53	66.25	64.29	5.16	0.89
59.20	69.44	66.78	64.81	0.67	0.95
59.80	69.61	65.23	63.06	4.86	0.88
60.40	66.97	63.16	60.95	9.64	0.80
61.00	67.30	63.40	60.63	8.92	0.81
61.60	72.82	69.43	63.63	5.00	0.85
62.20	78.58	75.39	68.31	3.47	0.86
62.80	80.11	77.07	70.94	10.28	0.78
63.40	77.70	75.16	70.58	11.16	0.77
64.00	75.08	71.79	68.70	14.82	0.75
64.60	71.73	68.62	66.83	12.07	0.79
65.20	72.68	69.21	67.47	11.08	0.81
65.80	74.64	71.79	70.64	8.25	0.85
66.40	75.16	72.61	71.67	7.57	0.88
67.00	73.28	70.29	70.93	7.23	0.89
67.60	70.83	68.50	68.91	12.16	0.82
68.20	70.45	66.66	68.29	10.46	0.84
68.80	71.71	69.63	69.40	7.27	0.89
69.40	71.71	69.39	69.64	8.62	0.87
70.00	70.49	66.89	67.40	10.51	0.83
70.60	69.32	65.61	65.53	6.94	0.89
71.20	70.08	66.18	65.83	7.48	0.88
71.80	74.42	70.19	68.44	7.22	0.87
72.40	78.01	74.06	70.65	10.21	0.81
73.00	78.49	74.26	70.80	10.92	0.80
73.60	75.54	71.32	69.03	11.34	0.78
74.20	73.76	68.63	66.76	9.54	0.81
74.80	74.10	68.96	66.50	13.44	0.77
75.40	76.54	71.43	68.63	9.23	0.82
76.00	77.04	72.63	69.72	8.03	0.83
76.60	74.44	69.97	68.64	8.57	0.85
77.20	72.66	67.72	66.96	11.27	0.81
77.80	71.62	65.33	65.01	7.76	0.86
78.40	72.58	66.90	65.50	6.33	0.88
79.00	77.33	70.69	68.55	6.89	0.87
79.60	79.17	72.42	70.91	7.00	0.86
80.20	79.16	72.59	71.70	7.04	0.91
80.80	79.42	72.41	72.15	6.76	1.03
81.40	79.54	72.55	71.79	4.17	0.94
82.00	80.19	74.47	73.44	3.15	1.00
82.60	79.87	75.00	75.37	6.27	0.92
83.20	77.46	72.46	74.53	5.30	0.93
83.80	77.06	73.25	73.17	3.28	0.95
84.40	76.72	73.98	72.35	2.81	0.93
85.00	75.23	72.47	71.05	4.55	0.90
85.60	76.38	73.08	71.26	1.46	0.94
86.20	75.19	72.09	70.12	5.46	0.88
86.80	72.95	71.72	68.33	6.36	0.85
87.40	71.47	70.56	66.59	5.54	0.85
88.00	70.35	68.73	65.02	5.99	0.84
88.60	68.53	67.81	63.49	6.40	0.83
89.20	71.07	69.42	63.97	5.63	0.84
89.80	71.68	68.73	64.52	8.31	0.80
90.40	70.63	67.83	64.22	11.43	0.76
91.00	70.55	67.80	63.04	7.91	0.80
91.60	70.77	67.88	61.68	3.29	0.85
92.20	72.78	70.31	61.82	7.32	0.78
92.80	77.97	76.19	65.96	4.29	0.81
93.40	81.70	79.15	68.64	5.19	0.80
94.00	80.72	77.35	68.13	5.58	0.79
94.60	79.71	75.66	67.10	3.46	0.83
95.20	74.57	71.21	64.55	5.63	0.81
95.80	74.10	70.82	64.59	6.01	0.81
96.40	75.60	72.01	66.06	5.93	0.82
97.00	74.97	70.91	66.29	8.02	0.80
97.60	73.44	68.97	64.47	9.86	0.79
98.20	74.70	69.94	64.51	4.60	0.84
98.80	77.29	71.47	66.65	6.04	0.84
99.40	82.85	77.48	70.83	6.94	0.82
100.00	84.15	80.00	74.04	3.59	0.86
100.60	83.96	79.53	74.81	11.04	0.79
101.20	81.71	77.69	74.82	10.45	0.80
101.80	77.87	73.22	71.95	11.21	0.80
102.40	75.98	70.05	70.25	12.63	0.80
103.00	74.45	68.44	70.09	13.00	0.81
103.60	72.33	66.92	68.85	12.10	0.84
104.20	70.16	64.77	66.42	10.03	0.86
104.80	68.10	63.18	63.74	11.30	0.81
105.40	65.59	60.89	61.23	11.59	0.80
106.00	70.11	63.96	62.47	2.73	0.94
106.60	79.20	74.66	70.59	3.41	0.90
107.20	83.12	79.31	75.21	6.28	0.86
107.80	79.35	75.84	73.28	6.01	0.86
108.40	80.15	75.88	74.91	6.91	0.88
109.00	78.82	75.69	76.52	7.45	0.90
109.60	78.58	76.62	78.36	6.28	0.92
110.20	76.04	72.62	77.29	8.64	0.91
110.80	72.23	68.49	74.90	16.09	0.84
111.40	69.53	66.67	72.91	8.38	0.95
112.00	69.16	64.05	71.34	13.49	0.88
112.60	68.73	64.00	70.27	11.54	0.91
113.20	68.19	63.45	69.64	8.01	0.96
113.80	67.75	62.78	69.19	10.97	0.91
114.40	66.96	62.52	68.26	11.06	0.90
115.00	64.42	60.27	67.84	10.35	0.93
115.60	61.22	57.20	65.02	15.07	0.85
116.20	59.05	56.03	62.93	11.11	0.91
116.80	58.89	55.49	62.00	7.18	0.97
117.40	60.18	57.28	62.05	8.64	0.92
118.00	60.73	58.25	62.02	11.64	0.86
118.60	59.57	56.53	60.18	13.02	0.82
119.20	59.87	56.44	58.62	11.55	0.83
119.80	64.31	60.54	60.96	12.55	0.80
120.40	69.03	64.35	64.21	6.87	0.88
121.00	71.06	66.32	66.36	9.93	0.84
121.60	70.40	65.71	67.28	7.86	0.89
122.20	72.19	67.01	69.88	12.23	0.85
122.80	72.11	67.20	71.75	14.11	0.85
123.40	72.58	66.84	73.92	11.07	0.93
124.00	71.89	65.59	74.46	11.96	0.96
124.60	69.43	63.53	74.32	13.53	0.88
125.20	66.77	60.09	73.18	10.93	0.97
125.80	65.21	58.53	71.89	10.92	1.03
126.40	64.06	57.99	70.97	15.13	0.95
127.00	63.19	57.29	69.42	12.42	0.98
127.60	64.29	58.17	70.02	8.16	1.06
128.20	64.55	59.43	69.21	7.60	1.04
128.80	64.41	59.66	69.32	7.33	1.03
129.40	62.70	58.83	68.27	7.27	1.02
130.00	64.33	60.16	67.64	6.56	1.01
130.60	65.32	60.53	67.43	5.48	1.02
131.20	62.25	57.51	63.76	6.78	0.98
131.80	61.83	56.70	61.39	11.11	0.89
132.40	61.18	56.55	59.65	13.84	0.81
133.00	62.20	57.41	58.92	4.23	0.93
133.60	66.08	62.16	61.59	4.65	0.92
134.20	70.27	65.93	65.00	6.60	0.88
134.80	72.24	67.35	67.17	10.71	0.83
135.40	73.33	69.23	68.52	6.09	0.89
136.00	75.48	71.37	70.45	5.31	0.90
136.60	76.85	72.00	72.02	9.53	0.86
137.20	76.59	71.15	71.45	8.09	0.89
137.80	75.11	69.55	70.10	10.96	0.84
138.40	72.39	66.92	68.41	10.64	0.87
139.00	70.43	64.70	66.96	11.12	0.87
139.60	71.13	65.25	67.63	5.72	0.96
140.20	71.55	66.57	68.54	15.16	0.80
140.80	72.48	65.49	69.34	9.22	0.93
141.40	74.59	68.84	70.82	11.90	0.87
142.00	76.02	70.59	72.86	10.32	0.88
142.60	77.86	72.05	73.63	5.26	0.97
143.20	76.31	71.52	75.78	3.56	0.83
143.80	79.40	75.70	76.79	5.72	0.87
144.40	80.55	77.60	77.57	5.39	0.93
145.00	76.72	74.25	74.38	8.59	0.87
145.60	73.36	71.29	70.99	7.84	0.87
146.20	70.07	67.80	68.37	8.17	0.88
146.80	71.46	70.43	68.13	8.65	0.86
147.40	74.10	72.11	69.84	6.24	0.87
148.00	73.19	70.32	68.71	6.06	0.87
148.60	69.67	67.56	65.18	5.44	0.87
149.20	67.53	65.58	62.70	1.04	0.93
149.80	68.58	67.17	62.52	4.50	0.86
150.40	73.86	71.63	66.42	11.47	0.76
151.00	73.09	71.32	65.94	7.17	0.82
151.60	67.86	67.26	62.76	10.99	0.76
152.20	68.38	65.00	60.38	12.70	0.73
152.80	66.38	64.06	59.30	6.25	0.82
153.40	67.96	66.21	61.28	8.42	0.80
154.00	71.03	69.19	63.91	6.63	0.82
154.60	72.04	69.93	66.00	9.56	0.81
155.20	73.40	71.43	68.84	11.32	0.81
155.80	75.78	73.15	73.00	11.37	0.84
156.40	73.55	70.53	73.75	14.41	0.84
157.00	69.32	65.62	72.46	15.96	0.84
157.60	64.72	60.73	70.59	15.96	0.86
158.20	60.14	56.25	68.12	15.97	0.89
158.80	56.35	51.34	65.32	16.52	0.91
159.40	52.23	48.38	62.40	11.68	1.02
160.00	52.70	48.67	60.52	12.52	0.98
160.60	54.56	51.07	61.74	10.59	1.00
161.20	55.62	52.04	62.80	10.32	1.00
161.80	54.98	51.28	62.19	13.29	0.95
162.40	54.30	50.54	61.71	12.70	0.96
163.00	56.00	51.80	62.70	12.88	0.97
163.60	58.21	54.49	65.78	11.95	1.00
164.20	58.69	55.77	68.35	10.18	1.03
164.80	57.86	54.58	69.23	12.05	1.03
165.40	58.71	55.67	71.60	8.25	1.14
166.00	60.94	56.89	75.10	5.26	1.22
166.60	58.52	55.38	74.63	11.32	1.13
167.20	54.62	52.03	72.45	14.81	1.09
167.80	51.25	48.10	68.74	16.19	1.06
168.40	49.89	46.89	65.93	14.32	1.08
169.00	51.84	48.27	65.39	10.67	1.13
169.60	54.99	50.56	66.07	10.52	1.10
170.20	56.32	52.24	66.30	7.53	1.12
170.80	56.99	52.39	64.84	10.35	1.03
171.40	56.06	51.42	62.31	6.75	1.07
172.00	56.78	53.22	62.24	6.35	1.05
172.60	57.88	53.86	61.55	8.12	0.99
173.20	57.27	54.46	59.66	9.56	0.92
173.80	56.67	53.92	57.51	10.28	0.86
174.40	56.55	52.63	55.89	10.81	0.85
175.00	55.94	53.12	55.07	9.58	0.85
175.60	58.65	53.92	55.59	8.61	0.87
176.20	61.02	56.85	57.13	8.77	0.85
176.80	63.38	59.91	59.39	8.24	0.87
177.40	65.31	61.69	61.16	2.20	0.95
178.00	65.73	62.58	62.55	9.72	0.84
178.60	66.97	63.31	63.72	8.75	0.86
>>>>>>> 4966aae922150d281e7f47d431009d8054258bc0
179.20	65.51	63.13	63.64	9.43	0.86