Time	ABP	LCBFV	RCBFV
-78.0	0.06741172682284972	0.23021475280312487	0.4503340367149944
-77.6	0.15612652045881448	0.6664565664401101	0.5680658712208944
-77.2	0.2975677181095899	0.9447700729682778	0.680851408333659
-76.8	0.4541929961230602	0.846191664694719	0.7034614962263794
-76.4	0.6022759326594176	0.5792694949265069	0.6305808274410705
-76.0	0.728842978426972	0.462196025705516	0.5697848294796541
-75.6	0.8286774149961178	0.4281440007224142	0.5852787099819485
-75.2	0.9016965055123313	0.4183079764962101	0.614094744100695
-74.8	0.9508399671791976	0.4119681532405708	0.6153066087646764
-74.4	0.9804938551142541	0.4056816452370149	0.599925375352587
-74.0	0.9954043304929681	0.39988968951177517	0.5848021401148387
-73.6	1.0	0.39499982785177323	0.574755654868238
-73.2	0.9980295716085953	0.3909544797847584	0.5673400242444924
-72.8	0.9924249549652986	0.3875749325857507	0.560309392304851
-72.4	0.9853119355764359	0.38474581204924263	0.5534313790035523
-72.0	0.9781062734164401	0.3824161487942441	0.5471685641658581
-71.6	0.9716492296567552	0.38055501997454666	0.5416875564719579
-71.2	0.9663511315561246	0.3791265977407514	0.5368444583485585
-70.8	0.9623236563673749	0.3780796994508586	0.5324564908073586
-70.4	0.9594907526201965	0.37735247941245254	0.5284171841792284
-70.0	0.9576746622991714	0.3768798930179931	0.5246651276311223
-69.6	0.9566577430203744	0.3765996680530477	0.5211389103299915
-69.2	0.9562231973496089	0.3764555036114161	0.517770217266293
-68.8	0.9561788834733969	0.3764021883593336	0.514490733430482
-68.4	0.9563685425469809	0.3764034679253836	0.5112379578563813
-68.0	0.9566743894794315	0.37643375098856646	0.507956475443164
-67.6	0.9570143460368283	0.37647427058014893	0.504595049933672
-67.2	0.9573364377578013	0.3765141503887066	0.5011055337812858
-66.8	0.9576121506577112	0.3765480588890311	0.4974468653047368
-66.4	0.9578299177351507	0.3765723706439812	0.49358525037696266
-66.0	0.957989407519589	0.3765879386975892	0.48949943140190966
-65.6	0.958096919831518	0.3765954028328804	0.4851859562913292
-65.2	0.9581619444793907	0.37659625587691403	0.48066135873104177
-64.8	0.9581947860024498	0.3765922039177556	0.4759652468914739
-64.4	0.9582050787931264	0.3765855928264972	0.4711592132945288
-64.0	0.9582009902739096	0.37657706238616395	0.4663197489482327
-63.6	0.958188916704134	0.37656789216280595	0.46153006734825297
-63.2	0.9581735020197326	0.37655957498348114	0.45687029327971906
-62.8	0.9581578441679759	0.37655147106516473	0.45240710655247884
-62.4	0.958143788492917	0.3765448599739063	0.44818865471315217
-62.0	0.9581322395178903	0.3765391019266815	0.44424473473398685
-61.6	0.9581234487809865	0.3765341969234899	0.4405871563905688
-61.2	0.9581172565393483	0.3765305714863483	0.4372148295497662
-60.8	0.9581132794628786	0.3765271593102151	0.4341170345691252
-60.4	0.9581110457117459	0.3765246001781155	0.4312788729625212
-60.0	0.9581100840793987	0.37652225430702346	0.4286814490890176
-59.6	0.9581099762417915	0.37652076147996505	0.4263064123742413
-59.2	0.9581103815302958	0.3765190553918982	0.424134322110689
-58.8	0.9581110428175537	0.37651777582584867	0.42214809954597543
-58.4	0.9581117806622393	0.37651692278181503	0.4203304842388593
-58.0	0.9581124812152524	0.376515856476773	0.4186665777032166
-57.6	0.9581130818120823	0.3765147901717314	0.4171423898971993
-57.2	0.9581135568127304	0.3765139371276982	0.4157450209120901
-56.8	0.9581139051649005	0.3765132973446734	0.41446302435001336
-56.4	0.9581141403645693	0.3765124443006398	0.4132858622573701
-56.0	0.9581142829423992	0.3765115912566066	0.41220463188025636
-55.6	0.9581143552699152	0.37651095147358227	0.4112104304647686
-55.2	0.9581143783060494	0.37651052495156545	0.4102956270789895
-54.8	0.9581143698449829	0.3765098851685402	0.4094538626129889
-54.4	0.9581143438404887	0.376509245385515	0.40867841457912535
-54.0	0.9581143104373315	0.37650881886349863	0.4079636506228883
-53.6	0.9581142764141715	0.3765083923414818	0.4073044834563331
-53.2	0.9581142458186219	0.37650775255845703	0.40669637085808064
-52.8	0.9581142206443499	0.37650753929744907	0.4061349522956066
-52.4	0.9581142014573277	0.3765071127754318	0.40561641230295264
-52.0	0.9581141879225274	0.3765068995144234	0.40513748048072573
-51.6	0.958114179213424	0.376506472992407	0.4046948864295328
-51.2	0.958114174307155	0.37650604647039065	0.4042853597499805
-50.8	0.958114172179592	0.3765058332093818	0.4039067201758073
-50.4	0.9581141719200008	0.37650561994837295	0.4035562423741854
-50.0	0.9581141727856862	0.37650561994837295	0.4032319277677072
-49.6	0.958114174215348	0.376505193426357	0.4029317777789674
-49.2	0.958114175816698	0.376505193426357	0.4026537938305583
-48.8	0.9581141773403621	0.3765049801653486	0.40239615903392756
-48.4	0.9581141786486354	0.3765047669043402	0.4021579649448006
-48.0	0.9581141796846981	0.3765045536433318	0.4019366679192038
-47.6	0.9581141804455386	0.3765043403823234	0.40173190457942765
-47.2	0.9581141809600576	0.3765043403823234	0.40154167634806504
-46.8	0.9581141812726701	0.376503913860307	0.4013656198474054
-46.4	0.9581141814319384	0.376503913860307	0.40120191818889794
-46.0	0.9581141814834578	0.3765037005992986	0.40105057137254185
-45.6	0.9581141814660036	0.3765037005992986	0.4009097625097853
-45.2	0.9581141814100037	0.3765037005992986	0.40077949160062887
-44.8	0.9581141813376217	0.3765037005992986	0.40065812344537544
-44.4	0.9581141812637005	0.3765034873382902	0.4005458397328807
-44.0	0.9581141811970996	0.3765030608162734	0.4004413686411583
-43.6	0.9581141811422268	0.3765032740772818	0.40034434679249764
-43.2	0.9581141811003462	0.3765032740772818	0.4002544108091888
-42.8	0.9581141810707701	0.3765032740772818	0.4001706522469557
-42.4	0.9581141810516962	0.3765030608162734	0.40009307110579817
-42.0	0.9581141810409202	0.3765030608162734	0.4000209406302955
-41.6	0.9581141810362146	0.3765028475552654	0.39995371575388305
-41.2	0.9581141810355953	0.3765028475552654	0.39989139647656
-40.8	0.9581141810374432	0.3765028475552654	0.39983343773176094
-40.4	0.9581141810405337	0.3765028475552654	0.39977965783063096
-40.0	0.9581141810440088	0.3765028475552654	0.3997293300177487
-39.6	0.9581141810473229	0.3765028475552654	0.39968281767082536
-39.2	0.9581141810501724	0.3765028475552654	0.3996395757232949
-38.8	0.958114181052432	0.37650263429425745	0.3995990591085923
-38.4	0.958114181054094	0.37650263429425745	0.39956163120442767
-38.0	0.9581141810552191	0.37650263429425745	0.39952656525537944
-37.6	0.958114181055909	0.3765024210332486	0.3994942246391593
-37.2	0.958114181056257	0.3765024210332486	0.3994640642892011
-36.8	0.9581141810563671	0.3765024210332486	0.399435720827795
-36.4	0.9581141810563303	0.3765024210332486	0.3994095576326506
-36.0	0.9581141810562113	0.3765024210332486	0.39938521132605764
-35.6	0.9581141810560556	0.3765019945112318	0.3993625002191614
-35.2	0.9581141810558998	0.3765019945112318	0.39934106093425137
-34.8	0.9581141810557531	0.3765024210332486	0.39932143853789315
-34.4	0.9581141810556342	0.3765024210332486	0.3993030879635209
-34.0	0.9581141810555424	0.3765024210332486	0.399286009211135
-33.6	0.9581141810554785	0.3765024210332486	0.39927002059188044
-33.2	0.9581141810554344	0.3765024210332486	0.39925512210575587
-32.8	0.9581141810554105	0.3765019945112318	0.3992413137527633
-32.4	0.9581141810554005	0.3765019945112318	0.3992284138440463
-32.0	0.9581141810553986	0.3765019945112318	0.39921624069075
-31.6	0.9581141810554022	0.3765019945112318	0.39920479429287425
-31.2	0.9581141810554096	0.3765019945112318	0.3991944380281296
-30.8	0.9581141810554169	0.3765019945112318	0.3991844451410953
-30.4	0.9581141810554241	0.3765019945112318	0.3991755423871919
-30.0	0.9581141810554298	0.3765019945112318	0.3991671846998541
-29.6	0.9581141810554351	0.3765019945112318	0.39915900870137144
-29.2	0.9581141810554389	0.3765019945112318	0.39915192283601986
-28.8	0.9581141810554417	0.3765019945112318	0.3991446552818134
-28.4	0.9581141810554417	0.3765019945112318	0.3991382961718821
-28.0	0.9581141810554417	0.3765019945112318	0.39913211875080634
-27.6	0.9581141810554417	0.3765019945112318	0.3991264863962962
-27.2	0.9581141810554417	0.3765019945112318	0.39912103573064117
-26.8	0.9581141810554417	0.3765019945112318	0.39911631182040663
-26.4	0.9581141810554417	0.3765019945112318	0.3991115879101723
-26.0	0.9581141810554417	0.3765017812502234	0.39910740906650344
-25.6	0.9581141810554417	0.3765019945112318	0.39910341191168963
-25.2	0.9581141810554417	0.3765019945112318	0.3990995964457311
-24.8	0.9581141810554417	0.3765019945112318	0.3990959626686277
-24.4	0.9581141810554417	0.3765019945112318	0.3990928739580899
-24.0	0.9581141810554417	0.3765019945112318	0.3990897852475519
-23.6	0.9581141810554417	0.3765019945112318	0.39908687822586963
-23.2	0.9581141810554417	0.3765017812502234	0.39908415289304155
-22.8	0.9581141810554417	0.3765019945112318	0.3990816092490692
-22.4	0.9581141810554417	0.3765019945112318	0.3990794289828077
-22.0	0.9581141810554417	0.3765019945112318	0.39907724871654526
-21.6	0.9581141810554417	0.3765017812502234	0.3990752501391388
-21.2	0.9581141810554417	0.3765019945112318	0.3990732515617319
-20.8	0.9581141810554417	0.3765019945112318	0.39907125298432455
-20.4	0.9581141810554417	0.3765017812502234	0.399069617784628
-20.0	0.9581141810554417	0.3765019945112318	0.3990679825849315
-19.6	0.9581141810554417	0.3765017812502234	0.39906652907409024
-19.2	0.9581141810554417	0.3765019945112318	0.3990650755632488
-18.8	0.9581141810554417	0.3765017812502234	0.3990638037412626
-18.4	0.9581141810554417	0.3765019945112318	0.39906253191927643
-18.0	0.9581141810554417	0.3765017812502234	0.39906144178614555
-17.6	0.9581141810554417	0.3765019945112318	0.3990605333418695
-17.2	0.9581141810554417	0.3765017812502234	0.39905926151988336
-16.8	0.9581141810554417	0.3765017812502234	0.39905835307560755
-16.4	0.9581141810554417	0.3765017812502234	0.3990576263201868
-16.0	0.9581141810554417	0.3765017812502234	0.399056717875911
-15.6	0.9581141810554417	0.3765017812502234	0.3990559911204903
-15.2	0.9581141810554417	0.3765017812502234	0.39905544605392484
-14.8	0.9581141810554417	0.3765017812502234	0.3990545376096486
-14.4	0.9581141810554417	0.3765017812502234	0.3990539925430836
-14.0	0.9581141810554417	0.3765017812502234	0.3990530840988076
-13.6	0.9581141810554417	0.3765017812502234	0.39905272072109743
-13.2	0.9581141810554417	0.3765017812502234	0.3990519939656769
-12.8	0.9581141810554417	0.3765017812502234	0.39905163058796655
-12.4	0.9581141810554417	0.3765017812502234	0.39905126721025597
-12.0	0.9581141810554417	0.3765017812502234	0.39905072214369053
-11.6	0.9581141810554417	0.3765017812502234	0.39905035876598016
-11.2	0.9581141810554417	0.3765017812502234	0.39904999538827
-10.8	0.9581141810554417	0.3765017812502234	0.39904963201055943
-10.4	0.9581141810554417	0.3765017812502234	0.39904926863284906
-10.0	0.9581141810554417	0.3765017812502234	0.3990490869439942
-9.6	0.9581141810554417	0.3765017812502234	0.39904854187742833
-9.2	0.9581141810554417	0.3765017812502234	0.39904836018857326
-8.8	0.9581141810554417	0.3765017812502234	0.3990481784997182
-8.4	0.9581141810554417	0.3765017812502234	0.3990478151220078
-8.0	0.9581141810554417	0.3765017812502234	0.3990474517442977
-7.6	0.9581141810554417	0.3765017812502234	0.3990474517442977
-7.2	0.9581141810554417	0.3765017812502234	0.3990470883665871
-6.8	0.9581141810554417	0.3765017812502234	0.3990470883665871
-6.4	0.9581141810554417	0.3765017812502234	0.399046906677732
-6.0	0.9581141810554417	0.3765017812502234	0.39904654330002165
-5.6	0.9581141810554417	0.3765017812502234	0.39904636161116636
-5.2	0.9581141810554417	0.3765017812502234	0.39904636161116636
-4.8	0.9581141810554417	0.3765017812502234	0.3990461799223113
-4.4	0.9581141810554417	0.3765017812502234	0.3990461799223113
-4.0	0.9581141810554417	0.3765015679892154	0.399045998233456
-3.6	0.9581141810554417	0.3765017812502234	0.3990458165446005
-3.2	0.9581141810554417	0.3765017812502234	0.3990458165446005
-2.8	0.9581141810554417	0.3765017812502234	0.3990456348557456
-2.4	0.9581141810554417	0.3765015679892154	0.39904545316689055
-2.0	0.9581141810554417	0.3765017812502234	0.39904545316689055
-1.6	0.9581141810554417	0.3765017812502234	0.3990452714780355
-1.2	0.9581141810554417	0.3765017812502234	0.3990452714780355
-0.8	0.9581141810554417	0.3765017812502234	0.3990449081003251
-0.4	0.9581141810554417	0.3765017812502234	0.3990450897891802
0.0	0.9581141810554417	0.3765017812502234	0.3990449081003251
0.4	0.9581141810554417	0.3765017812502234	0.3990449081003251
0.8	0.9581141810554417	0.3765017812502234	0.3990447264114698
1.2	0.9581141810554417	0.3765017812502234	0.3990447264114698
1.6	0.9325882731771457	0.37175203207269414	0.3841440600213042
2.0	0.843873479541181	0.3540131946607996	0.32769405947554353
2.4	0.7024322818904056	0.3227706702014399	0.23863145449341316
2.8	0.5458070038769351	0.28435660455395295	0.1682715368847263
3.2	0.39772406734057786	0.2443194093720651	0.14677429322991964
3.6	0.2711570215730236	0.2063145915995639	0.16012351848579254
4.0	0.17132258500387848	0.17276820846721286	0.1901241639402449
4.4	0.0983034944876641	0.14542004328096958	0.23454854254004287
4.8	0.04916003282079817	0.12551212815334933	0.28635512101423477
5.2	0.01950614488574446	0.11380111314190655	0.329937371770322
5.6	0.004595669507025765	0.11050047251598105	0.3584697895861493
6.0	0.0	0.11514956249757846	0.37606054116595544
6.4	0.001970428391404537	0.12652490468190924	0.38829928413903203
6.8	0.007575045034696991	0.14286069791999978	0.3970299786964946
7.2	0.014688064423555941	0.16242057108202523	0.4015220539517068
7.6	0.02189372658355987	0.18402071231074535	0.4009193920191094
8.0	0.028350770343242414	0.2070654836098944	0.3957358089811218
8.4	0.03364886844387128	0.23114009231826893	0.3878254396047498
8.8	0.03767634363262206	0.25557127343257235	0.3793051407415733
9.2	0.04050924737979743	0.27928333842678654	0.3715839094634328
9.6	0.04232533770082475	0.3010342551883962	0.3651670224765544
10.0	0.04334225697962158	0.31980954110077553	0.3599967027249942
10.4	0.0437768026503866	0.3351095256214065	0.3558498362946043
10.8	0.04382111652659886	0.34698283226018756	0.35253583157631163
11.2	0.0436314574530143	0.35585640955579745	0.349928233126918
11.6	0.04332561052056362	0.3623156589761014	0.3479265670095151
12.0	0.042985653963167406	0.3669383045926664	0.3464289057763523
12.4	0.042663562242194204	0.37021228759255065	0.34532896144715597
12.8	0.0423878493422843	0.3725144401774747	0.34452735021814784
13.2	0.0421700822648452	0.3741230679633092	0.3439410402825156
13.6	0.04201059248040673	0.37523778325385093	0.3435077123629362
14.0	0.04190308016847743	0.37600019135863105	0.3431815808679073
14.4	0.04183805552060373	0.37651095147358227	0.34293066855891774
14.8	0.04180521399754266	0.3768419325585106	0.34273171926250723
15.2	0.04179492120687013	0.37704453051642384	0.34256910773713045
15.6	0.04179900972608181	0.3771564925457973	0.34243193265147776
16.0	0.041811083295859995	0.3772049027946882	0.34231328982905174
16.4	0.041826497980267635	0.377209381275863	0.34220863704847404
16.8	0.04184215583202051	0.37718549604293017	0.34211506728806174
17.2	0.0418562115070811	0.3771426305802552	0.342030763659263
17.6	0.04186776048210639	0.37708974185018995	0.3419540909623815
18.0	0.04187655121900773	0.3770319481169322	0.34188359568657556
18.4	0.04188274346064996	0.37697266155661646	0.3418183693875698
18.8	0.04188672053711745	0.3769150810843671	0.3417571402433772
19.2	0.041888954288249444	0.3768602730052266	0.3416989998097233
19.6	0.04188991592059674	0.3768099434072605	0.34164285795347604
20.0	0.04189002375820357	0.3767638790294612	0.3415883512969251
20.4	0.04188961846969933	0.3767227196548535	0.3415349347735055
20.8	0.041888957182442156	0.3766856122394042	0.34148224500550617
21.2	0.041888219337756126	0.37665319656613816	0.341430281992928
21.6	0.04188751878474316	0.37662461959102167	0.34137922742462457
22.0	0.041886918187912965	0.3765996680530477	0.3413298080560192
22.4	0.041886443187265275	0.3765779154301976	0.3412825689536747
22.8	0.04188609483509504	0.3765589352004559	0.3412386002507237
23.2	0.04188585963542684	0.3765423008418063	0.34119899208029647
23.6	0.04188571705760046	0.3765280123542487	0.34116483457552493
24.0	0.0418856447300795	0.37651564321576503	0.3411381263138149
24.4	0.04188562169394452	0.3765047669043402	0.34111959405058756
24.8	0.041885630155010865	0.3764955966809822	0.3411114180521051
25.2	0.04188565615950581	0.37648770602367376	0.3411150518292083
25.6	0.041885689562664655	0.37648088167140736	0.341132493959305
26.0	0.041885723585826894	0.37647469710216575	0.3411653796420908
26.4	0.04188575418137185	0.3764693655769573	0.34121534407726206
26.8	0.04188577935564246	0.37646510035679137	0.3412845675310816
27.2	0.04188579854266422	0.37646126165864047	0.34137486689210084
27.6	0.04188581207746908	0.37645784948250727	0.3414878773600163
28.0	0.04188582078657159	0.3764550770893993	0.3416252341345245
28.4	0.04188582569284101	0.3764525179572993	0.34178911748188723
28.8	0.04188582782040343	0.3764505986082245	0.3419813442906572
29.2	0.04188582807999494	0.37644867925914927	0.34220373144938443
29.6	0.04188582721430925	0.3764469731710829	0.342458277535477
30.0	0.04188582578464762	0.3764459068660413	0.34274625437092077
30.4	0.041885824183297664	0.3764446272999913	0.3430694788442674
30.8	0.04188582265963342	0.37644377425595765	0.3434301312217789
31.2	0.04188582135136015	0.37644292121192446	0.3438294833254416
31.6	0.0418858203152968	0.3764420681678913	0.34426935204380715
32.0	0.041885819554456694	0.37644164164587446	0.3447513725765716
32.4	0.04188581903993779	0.3764407886018408	0.34527718012343267
32.8	0.0418858187273271	0.37644036207982445	0.3458484098840857
33.2	0.04188581856805733	0.37644014881881604	0.3464661519916621
33.6	0.04188581851653521	0.37643993555780764	0.3471324050235689
34.0	0.04188581853399386	0.3764392957747833	0.34784825911293704
34.4	0.0418858185899931	0.37643908251377445	0.34861516777060797
34.8	0.04188581866237206	0.3764386559917581	0.3494342211297121
35.2	0.041885818736298756	0.3764386559917581	0.3503070543899469
35.6	0.04188581880289552	0.37643844273074967	0.3512342126178769
36.0	0.04188581885776873	0.37643822946974126	0.3522171493243442
36.4	0.04188581889964613	0.37643822946974126	0.35325659126476916
36.8	0.04188581892922926	0.37643822946974126	0.35435362857228325
37.2	0.04188581894829994	0.37643822946974126	0.35550862462459554
37.6	0.041885818959075415	0.37643822946974126	0.35672212448827323
38.0	0.04188581896378148	0.37643801620873285	0.35799485491873617
38.4	0.04188581896440085	0.37643801620873285	0.3593271792936945
38.8	0.04188581896255263	0.37643801620873285	0.36071946099085883
39.2	0.041885818959462105	0.3764378029477249	0.36217151832137384
39.6	0.041885818955986844	0.3764378029477249	0.3636835329740953
40.0	0.041885818952673064	0.3764378029477249	0.3652549598824564
40.4	0.041885818949823336	0.3764378029477249	0.36688561735760317
40.8	0.04188581894756354	0.3764378029477249	0.36857532371068014
41.2	0.04188581894590182	0.3764378029477249	0.3703231704974115
41.6	0.041885818944776304	0.3764378029477249	0.3721286126512311
42.0	0.04188581894409092	0.3764378029477249	0.3739900149724431
42.4	0.04188581894374024	0.3764378029477249	0.3759068323944821
42.8	0.04188581894362508	0.3764378029477249	0.3778779747842165
43.2	0.04188581894366099	0.3764378029477249	0.3799019886308055
43.6	0.04188581894378156	0.3764378029477249	0.38197723873455214
44.0	0.04188581894393838	0.3764378029477249	0.3841019082069048
44.4	0.041885818944099	0.3764378029477249	0.3862745435370225
44.8	0.04188581894424396	0.3764378029477249	0.38849314614749786
45.2	0.041885818944363565	0.3764378029477249	0.3907555357720691
45.6	0.041885818944454964	0.3764378029477249	0.3930597138333296
46.0	0.04188581894451962	0.3764378029477249	0.3954035000650167
46.4	0.04188581894456138	0.3764378029477249	0.397784714200869
46.8	0.04188581894458505	0.3764378029477249	0.40020081259691387
47.2	0.04188581894459545	0.3764378029477249	0.4026492516091791
47.6	0.04188581894459692	0.37643758968671603	0.40512766928254695
48.0	0.04188581894459297	0.3764378029477249	0.4076335219730456
48.4	0.041885818944586296	0.3764378029477249	0.410164266036702
48.8	0.041885818944578754	0.3764378029477249	0.4127169944518341
49.2	0.041885818944571544	0.3764378029477249	0.41528934526332484
49.6	0.04188581894456534	0.3764378029477249	0.4178785931383462
50.0	0.04188581894456041	0.3764378029477249	0.42048219443292556
50.4	0.04188581894455678	0.3764378029477249	0.42309742381423643
50.8	0.041885818944554315	0.3764378029477249	0.4257213742605952
51.2	0.041885818944552816	0.3764378029477249	0.4283522288834505
51.6	0.041885818944552046	0.3764378029477249	0.4309868989722645
52.0	0.04188581894455179	0.3764378029477249	0.4336230225719193
52.4	0.04188581894455186	0.3764378029477249	0.43625805603844325
52.8	0.04188581894455212	0.3764378029477249	0.43888981910557456
53.2	0.04188581894455246	0.3764378029477249	0.44151613150705016
53.6	0.04188581894455281	0.37643758968671603	0.4441346312877541
54.0	0.04188581894455312	0.3764378029477249	0.4467431381814233
54.4	0.041885818944553385	0.37643758968671603	0.449339471921796
54.8	0.041885818944553586	0.37643758968671603	0.45192217899803167
55.2	0.041885818944553725	0.37643758968671603	0.45448889745501164
55.6	0.041885818944553815	0.3764378029477249	0.4570381737818958
56.0	0.04188581894455387	0.37643758968671603	0.4595676460235665
56.4	0.04188581894455389	0.3764378029477249	0.4620765874246029
56.8	0.04188581894455389	0.3764378029477249	0.4645633627853085
57.2	0.041885818944553885	0.3764378029477249	0.46702615521713176
57.6	0.04188581894455387	0.3764378029477249	0.4694640562757968
58.0	0.04188581894455386	0.3764378029477249	0.47187506738389695
58.4	0.04188581894455384	0.37643758968671603	0.4742593702302873
58.8	0.04188581894455383	0.3764378029477249	0.4766147845487052
59.2	0.041885818944553815	0.37643758968671603	0.4789411286502965
59.6	0.04188581894455381	0.37643758968671603	0.48123731240192935
60.0	0.0418858189445538	0.37643758968671603	0.48350224567047295
60.4	0.0418858189445538	0.3764378029477249	0.4857357467670722
60.8	0.041885818944553795	0.37643758968671603	0.487937452314017
61.2	0.041885818944553795	0.3764378029477249	0.4901057271116107
61.6	0.041885818944553795	0.3764378029477249	0.49224129791527327
62.0	0.041885818944553795	0.3764378029477249	0.4943428929030196
62.4	0.0418858189445538	0.3764378029477249	0.49641069376370384
62.8	0.0418858189445538	0.3764378029477249	0.49844470049732736
63.2	0.0418858189445538	0.37643758968671603	0.5004440046596135
63.6	0.0418858189445538	0.3764378029477249	0.5024093330059825
64.0	0.0418858189445538	0.37643758968671603	0.5043397770921594
64.4	0.0418858189445538	0.37643758968671603	0.5062357002958531
64.8	0.0418858189445538	0.37643758968671603	0.5080972843059208
65.2	0.0418858189445538	0.3764378029477249	0.5099245291223609
65.6	0.0418858189445538	0.37643758968671603	0.511717253056319
66.0	0.0418858189445538	0.3764378029477249	0.51347600117436
66.4	0.0418858189445538	0.3764378029477249	0.5152007734764847
66.8	0.0418858189445538	0.3764378029477249	0.516891933340403
67.2	0.0418858189445538	0.3764378029477249	0.51854929907726
67.6	0.0418858189445538	0.3764378029477249	0.5201737791313308
68.0	0.0418858189445538	0.37643758968671603	0.5217651918137607
68.4	0.0418858189445538	0.3764378029477249	0.5233239005022607
68.8	0.0418858189445538	0.37643758968671603	0.5248508136411054
69.2	0.0418858189445538	0.37643758968671603	0.52634538616373
69.6	0.0418858189445538	0.37643758968671603	0.5278090715809762
70.0	0.0418858189445538	0.3764378029477249	0.5292413248262777
70.4	0.0418858189445538	0.37643758968671603	0.5306430543439107
70.8	0.0418858189445538	0.3764378029477249	0.5320148052004408
71.2	0.0418858189445538	0.3764378029477249	0.533356577395868
71.6	0.0418858189445538	0.3764378029477249	0.534669097685613
72.0	0.0418858189445538	0.3764378029477249	0.535952729447386
72.4	0.0418858189445538	0.3764378029477249	0.5372080177477523
72.8	0.0418858189445538	0.37643758968671603	0.5384353259644228
73.2	0.0418858189445538	0.3764378029477249	0.5396353808528178
73.6	0.0418858189445538	0.37643758968671603	0.5408083641017924
74.0	0.0418858189445538	0.37643758968671603	0.541955002466767
74.4	0.0418858189445538	0.37643758968671603	0.5430754776365982
74.8	0.0418858189445538	0.3764378029477249	0.5441705163667052
75.2	0.0418858189445538	0.37643758968671603	0.5452403003459438
75.6	0.0418858189445538	0.3764378029477249	0.546285738018589
76.0	0.0418858189445538	0.3764378029477249	0.5473070110734972
76.4	0.0418858189445538	0.3764378029477249	0.5483044828883781
76.8	0.0418858189445538	0.3764378029477249	0.5492788802186523
77.2	0.0418858189445538	0.3764378029477249	0.5502307481308857
77.6	0.0418858189445538	0.37643758968671603	0.5511602683139332
78.0	0.0418858189445538	0.3764378029477249	0.55206798583436
78.4	0.0418858189445538	0.37643758968671603	0.5529544457587323
78.8	0.0418858189445538	0.37643758968671603	0.5538198297759052
79.2	0.0418858189445538	0.37643758968671603	0.5546650463301539
79.6	0.0418858189445538	0.3764378029477249	0.5554899137326235
80.0	0.0418858189445538	0.37643758968671603	0.5562955221164452
80.4	0.0418858189445538	0.3764378029477249	0.5570818714816195
80.8	0.0418858189445538	0.3764378029477249	0.5578493252058556
