TIEMPO	VFSCd	VFSCi	PAMn	PCC	RAP
0.40	56.24	67.03	79.87	21.82	0.86
1.00	54.85	66.32	78.03	10.25	1.02
1.60	55.52	67.16	77.77	5.10	1.08
2.20	57.60	68.99	79.51	7.58	1.04
2.80	57.15	69.45	79.13	6.37	1.04
3.40	56.85	68.88	78.55	6.97	1.03
4.00	56.50	67.76	78.49	10.54	0.99
4.60	55.49	66.30	77.46	10.03	0.99
5.20	55.78	66.98	78.15	9.31	1.02
5.80	56.11	67.82	79.11	8.93	1.01
6.40	55.67	67.65	78.73	8.61	0.92
7.00	55.16	67.26	78.95	10.07	0.95
7.60	54.58	66.76	79.20	9.69	1.04
8.20	54.26	66.40	78.75	4.93	1.11
8.80	55.80	66.85	80.54	3.49	1.14
9.40	56.05	67.28	81.11	7.45	1.09
10.00	55.88	67.29	80.52	13.58	0.99
10.60	56.19	66.80	81.15	8.60	1.09
11.20	55.71	65.50	80.82	8.43	1.09
11.80	55.27	64.32	79.78	12.13	1.03
12.40	55.55	63.71	79.23	12.80	1.03
13.00	55.65	64.94	78.89	9.02	1.08
13.60	55.91	66.27	78.67	4.08	1.12
14.20	57.01	66.45	78.53	6.58	1.08
14.80	57.15	65.72	78.11	8.98	1.04
15.40	57.27	65.59	77.53	9.78	1.03
16.00	58.03	67.14	77.24	7.24	1.04
16.60	57.90	66.78	76.76	4.68	1.07
17.20	58.12	66.56	76.42	3.14	1.10
17.80	59.52	67.83	77.47	5.37	1.06
18.40	59.49	69.18	78.02	3.33	1.08
19.00	58.81	70.16	78.03	-0.47	1.12
19.60	58.14	70.75	78.09	6.14	1.02
20.20	57.15	69.80	77.79	9.36	0.97
20.80	56.65	68.56	77.35	8.52	1.00
21.40	57.40	68.12	78.23	4.99	1.07
22.00	57.32	67.14	78.58	6.16	1.07
22.60	56.89	66.26	78.35	11.29	1.01
23.20	56.58	66.30	78.53	10.14	1.03
23.80	56.62	65.75	79.02	8.41	1.07
24.40	56.77	65.26	79.70	7.30	1.11
25.00	56.90	65.70	80.33	5.23	1.13
25.60	56.39	65.04	80.45	7.11	1.11
26.20	55.86	64.36	80.15	12.33	1.04
26.80	56.06	64.85	80.43	13.19	1.03
27.40	56.19	65.94	80.91	12.58	1.03
28.00	56.20	67.32	81.44	12.38	1.02
28.60	57.41	68.43	82.20	5.14	1.11
29.20	58.25	68.82	82.75	0.01	1.18
29.80	58.48	68.52	82.76	5.30	1.12
30.40	58.32	68.24	82.40	3.26	1.16
31.00	58.38	68.42	82.23	1.30	1.18
31.60	59.20	69.72	82.93	6.09	1.10
32.20	59.09	68.95	82.65	8.45	1.06
32.80	58.67	67.82	81.56	7.90	1.06
33.40	58.34	67.62	80.93	13.61	0.98
34.00	58.26	67.16	80.57	12.99	0.99
34.60	58.39	66.72	80.40	3.31	1.14
35.20	58.99	68.43	80.94	3.11	1.13
35.80	59.23	69.13	81.37	4.35	1.11
36.40	59.15	68.68	81.28	2.47	1.15
37.00	57.20	67.84	80.90	3.12	1.13
37.60	56.89	68.38	81.16	5.41	1.09
38.20	58.50	70.20	83.22	10.50	1.02
38.80	58.36	70.07	83.35	8.78	1.05
39.40	58.21	69.60	82.97	7.20	1.08
40.00	58.40	69.20	83.00	12.78	1.01
40.60	57.57	66.60	82.25	6.84	1.12
41.20	57.55	65.72	82.19	2.70	1.21
41.80	58.38	66.53	83.87	9.28	1.13
42.40	58.85	66.14	84.47	7.12	1.15
43.00	58.88	65.43	84.71	6.33	1.16
43.60	58.69	64.65	84.93	11.71	1.12
44.20	58.89	63.96	84.65	10.98	1.13
44.80	59.52	63.91	84.80	8.78	1.17
45.40	59.39	63.70	85.53	6.85	1.22
46.00	57.01	62.26	84.02	8.93	1.19
46.60	55.38	61.59	82.51	9.93	1.17
47.20	54.33	61.43	81.37	8.93	1.16
47.80	51.71	59.86	79.62	5.27	1.23
48.40	51.05	60.56	78.81	3.46	1.25
49.00	51.91	62.57	79.40	5.07	1.19
49.60	51.66	62.11	78.81	6.61	1.15
50.20	51.93	62.28	78.37	7.10	1.13
50.80	52.39	62.62	78.53	6.28	1.14
51.40	52.40	62.13	78.17	0.89	1.26
52.00	53.70	63.67	79.35	-0.03	1.26
52.60	54.95	64.94	80.64	2.11	1.20
53.20	55.28	64.35	80.55	5.01	1.17
53.80	54.53	63.91	80.22	7.95	1.12
54.40	53.65	62.98	79.64	9.19	1.10
55.00	53.06	61.28	78.59	7.46	1.16
55.60	53.34	62.11	78.97	7.63	1.16
56.20	53.58	62.82	79.53	9.46	1.12
56.80	53.37	62.28	79.34	13.67	1.05
57.40	52.83	61.55	79.27	7.72	1.15
58.00	52.22	60.97	79.48	2.83	1.25
58.60	51.62	60.55	79.92	7.54	1.18
59.20	52.32	61.63	81.52	8.98	1.17
59.80	52.92	62.17	82.95	9.06	1.18
60.40	53.22	61.96	83.24	9.57	1.18
61.00	52.49	61.38	83.54	10.77	1.17
61.60	52.34	61.47	83.67	11.18	1.17
62.20	52.86	62.17	83.44	9.89	1.18
62.80	53.59	62.80	83.51	7.17	1.21
63.40	53.28	62.41	83.18	5.53	1.22
64.00	51.83	61.00	81.63	7.20	1.21
64.60	52.12	60.81	80.69	9.20	1.17
65.20	52.52	60.88	80.03	10.21	1.13
65.80	52.34	60.80	79.33	9.59	1.14
66.40	52.92	61.41	79.67	6.77	1.18
67.00	53.71	61.97	80.04	6.35	1.18
67.60	54.45	62.23	79.72	11.80	1.09
68.20	54.78	62.96	80.08	7.08	1.15
68.80	55.12	63.73	80.62	1.53	1.23
69.40	55.58	64.33	80.90	2.59	1.21
70.00	55.98	65.05	81.38	4.48	1.17
70.60	55.95	64.86	81.50	6.56	1.14
71.20	55.57	63.92	80.87	9.26	1.11
71.80	55.34	64.75	80.60	4.91	1.17
72.40	55.17	64.74	80.34	1.41	1.21
73.00	55.03	63.77	79.81	3.80	1.18
73.60	55.22	64.55	79.99	3.65	1.18
74.20	55.32	64.52	80.11	3.07	1.18
74.80	55.24	63.52	79.67	2.95	1.20
75.40	54.14	62.80	79.61	4.22	1.19
76.00	53.04	62.30	79.43	5.26	1.18
76.60	52.13	61.93	78.49	3.90	1.19
77.20	52.98	63.00	78.91	8.13	1.12
77.80	53.47	63.28	79.16	10.38	1.08
78.40	53.26	62.46	78.37	6.46	1.15
79.00	53.25	62.74	78.04	3.77	1.18
79.60	53.36	63.10	77.62	2.63	1.18
80.20	53.51	63.05	76.51	2.09	1.18
80.80	54.59	64.72	76.89	7.46	1.08
81.40	55.99	66.02	77.55	10.40	1.01
82.00	57.49	66.14	77.53	4.53	1.09
82.60	56.90	66.93	77.74	3.44	1.10
83.20	56.59	67.49	77.89	3.27	1.10
83.80	57.55	67.42	77.60	0.04	1.14
84.40	58.95	68.58	79.38	4.03	1.09
85.00	60.75	70.22	81.77	8.77	1.04
85.60	62.59	71.86	83.92	9.71	1.04
86.20	62.74	70.99	85.15	10.76	0.98
86.80	61.98	70.21	85.86	9.01	1.00
87.40	60.66	69.63	86.26	3.43	1.16
88.00	59.18	68.44	86.54	6.79	1.15
88.60	57.73	67.08	86.43	10.96	1.10
89.20	56.53	65.80	85.85	12.51	1.09
89.80	55.84	64.69	85.14	6.05	1.21
90.40	54.96	63.97	84.00	3.66	1.24
91.00	54.06	63.56	82.32	10.10	1.11
91.60	54.30	63.14	81.69	4.62	1.20
92.20	53.91	63.02	80.90	1.17	1.25
92.80	53.09	63.26	79.32	6.89	1.13
93.40	53.58	63.99	78.57	5.97	1.13
94.00	54.83	64.77	78.62	4.73	1.13
94.60	56.76	66.22	79.39	6.05	1.10
95.20	59.69	70.04	81.53	4.24	1.10
95.80	60.80	71.73	83.15	6.93	1.06
96.40	60.88	72.14	84.21	11.23	1.00
97.00	60.56	72.09	85.30	7.21	1.08
97.60	60.26	71.99	85.90	10.05	1.04
98.20	60.02	71.39	86.54	12.79	1.01
98.80	59.72	70.29	87.77	9.36	1.09
99.40	58.44	69.69	87.73	7.25	1.14
100.00	56.93	68.48	87.18	6.51	1.16
100.60	55.44	66.73	86.53	7.61	1.16
101.20	53.51	64.27	84.99	4.29	1.24
101.80	52.83	63.20	83.81	2.86	1.28
102.40	53.49	63.66	84.19	9.02	1.17
103.00	52.45	62.67	82.76	7.95	1.17
103.60	51.84	61.68	81.11	6.33	1.19
104.20	52.15	60.97	80.28	8.40	1.16
104.80	52.17	60.87	79.17	8.46	1.15
105.40	52.96	61.88	78.91	6.32	1.16
106.00	54.97	64.09	80.45	1.48	1.22
106.60	55.92	64.73	80.78	6.29	1.12
107.20	56.84	65.48	80.95	11.91	1.06
107.80	58.15	66.81	81.78	12.32	1.20
108.40	57.62	66.17	81.84	12.88	1.27
109.00	57.63	66.08	82.37	11.95	1.26
109.60	58.24	66.52	84.21	8.08	1.18
110.20	58.57	65.91	84.60	7.93	1.15
110.80	57.87	65.51	84.54	9.49	1.13
111.40	56.38	65.34	84.53	12.24	1.09
112.00	55.53	64.03	83.62	11.62	1.11
112.60	54.71	63.29	82.71	9.42	1.15
113.20	53.82	63.36	82.79	5.23	1.21
113.80	53.21	62.36	81.74	4.31	1.23
114.40	52.55	61.41	80.33	5.70	1.20
115.00	51.64	61.29	79.20	9.95	1.12
115.60	51.10	60.82	78.00	12.38	1.07
116.20	51.10	60.70	76.82	12.76	1.04
116.80	51.97	61.81	77.08	11.42	1.05
117.40	52.15	61.89	77.09	11.32	1.05
118.00	52.23	61.84	76.63	12.75	1.02
118.60	53.47	63.08	77.38	8.08	1.10
119.20	52.86	62.96	77.71	6.32	1.12
119.80	52.36	63.05	77.53	8.16	1.09
120.40	54.50	65.17	79.49	8.47	1.08
121.00	55.14	66.19	81.00	7.06	1.11
121.60	55.00	66.37	81.76	4.89	1.15
122.20	55.07	66.06	82.57	8.47	1.10
122.80	54.64	66.48	82.82	9.97	1.08
123.40	54.66	66.92	82.78	9.65	1.10
124.00	55.87	66.82	83.58	13.76	1.05
124.60	56.37	66.57	84.05	12.94	1.06
125.20	56.74	66.47	84.07	7.78	1.14
125.80	57.52	66.75	83.42	1.01	1.22
126.40	58.62	66.77	83.28	1.00	1.21
127.00	59.42	66.83	83.64	7.30	1.13
127.60	59.26	67.35	82.47	7.65	1.10
128.20	59.03	67.11	81.19	7.66	1.08
128.80	58.93	66.52	80.08	8.32	1.07
129.40	58.94	67.25	79.32	7.74	1.06
130.00	59.77	67.47	79.06	6.87	1.06
130.60	60.77	67.29	79.31	6.22	1.08
131.20	61.66	67.69	79.39	5.85	1.08
131.80	60.74	67.09	79.12	6.72	1.07
132.40	59.95	67.12	78.80	8.43	1.05
133.00	60.98	69.15	80.84	9.54	1.03
133.60	61.00	69.47	81.56	7.73	1.05
134.20	60.53	68.97	81.65	6.10	1.07
134.80	59.98	68.39	82.17	7.71	1.07
135.40	59.57	67.49	82.01	6.01	1.11
136.00	60.01	67.70	82.71	5.34	1.14
136.60	60.71	68.29	85.31	8.66	1.11
137.20	59.05	66.39	85.65	9.08	1.13
137.80	57.37	64.99	85.64	10.25	1.14
138.40	55.67	63.57	85.66	12.24	1.14
139.00	53.18	60.76	84.34	13.87	1.13
139.60	52.48	60.06	83.86	12.13	1.18
140.20	52.47	60.13	84.45	7.48	1.28
140.80	51.63	59.11	82.64	2.86	1.35
141.40	51.29	58.52	80.82	2.79	1.33
142.00	51.45	58.56	79.47	8.30	1.20
142.60	51.54	59.67	78.67	6.41	1.21
143.20	52.20	60.68	78.40	3.68	1.23
143.80	53.14	61.39	78.62	2.96	1.23
144.40	53.04	61.79	77.94	8.71	1.12
145.00	53.14	61.67	77.53	11.52	1.06
145.60	53.79	62.24	77.77	8.93	1.10
146.20	55.24	64.74	78.70	1.81	1.18
146.80	56.55	66.45	79.39	0.45	1.18
147.40	57.43	67.20	79.80	4.04	1.12
148.00	57.80	67.11	80.27	9.07	1.06
148.60	57.18	66.80	80.02	5.33	1.11
149.20	56.85	67.14	80.38	0.24	1.19
149.80	57.29	68.30	82.23	-0.28	1.21
150.40	56.41	67.64	82.63	0.56	1.21
151.00	54.74	66.42	82.63	4.28	1.17
151.60	53.32	64.63	82.83	10.54	1.09
152.20	52.91	62.05	82.67	11.00	1.14
152.80	53.16	61.39	83.71	8.79	1.20
153.40	52.95	60.85	84.63	6.54	1.26
154.00	51.91	59.65	84.44	5.49	1.30
154.60	50.72	57.99	83.64	9.94	1.26
155.20	50.19	57.39	83.10	12.20	1.23
155.80	50.48	57.98	83.35	8.14	1.27
156.40	51.64	58.99	83.49	5.40	1.32
157.00	53.93	62.71	85.64	8.00	1.25
157.60	55.78	65.84	88.64	12.19	1.15
158.20	56.18	66.06	89.15	7.57	1.24
158.80	55.65	65.58	89.62	11.00	1.18
159.40	54.37	64.24	89.64	14.02	1.15
160.00	52.45	62.11	88.65	9.91	1.24
160.60	51.57	61.16	88.82	9.94	1.27
161.20	50.82	60.37	88.59	9.75	1.29
161.80	49.75	59.28	86.74	4.73	1.37
162.40	49.05	58.37	84.67	4.17	1.36
163.00	48.32	57.87	82.68	6.07	1.31
163.60	47.13	57.88	80.58	8.22	1.22
164.20	48.16	58.95	79.55	9.72	1.25
164.80	49.61	60.15	79.37	9.69	1.34
165.40	50.12	60.78	78.94	3.02	1.31
166.00	51.19	62.62	78.83	2.67	1.22
166.60	52.54	64.16	79.02	6.68	1.13
167.20	53.73	63.83	79.16	7.00	1.12
167.80	55.70	65.03	80.33	4.39	1.16
168.40	57.62	66.47	81.74	2.67	1.18
169.00	59.04	67.50	82.70	5.65	1.15
169.60	58.96	68.07	83.95	6.64	1.12
170.20	58.45	66.91	84.28	5.41	1.14
170.80	57.87	65.27	83.62	3.23	1.20
171.40	57.46	64.24	83.69	5.56	1.21
172.00	56.70	63.47	82.62	6.43	1.19
172.60	56.21	63.19	81.65	4.85	1.20
173.20	56.18	63.40	81.72	0.92	1.26
173.80	54.57	62.40	80.48	-0.08	1.29
174.40	53.11	61.40	78.93	1.15	1.27
175.00	52.16	60.75	77.73	4.73	1.18
175.60	51.91	61.37	76.65	5.60	1.23
176.20	52.31	62.66	76.20	5.63	1.24
176.80	53.16	64.30	76.71	5.76	1.12
177.40	54.11	65.28	76.85	6.46	1.07
178.00	54.84	66.42	76.90	6.84	1.05
178.60	55.32	67.85	76.99	6.47	1.04