<<<<<<< HEAD
<<<<<<< HEAD
TIEMPO	VFSCd	VFSCi	PAMn	PCC	RAP
0.40	49.67	54.28	78.67	12.75	1.21
1.00	50.37	55.76	79.00	15.18	1.17
1.60	51.19	56.41	79.02	11.63	1.20
2.20	53.07	58.00	80.27	14.37	1.14
2.80	54.83	59.84	82.32	17.97	1.08
3.40	55.63	61.12	83.76	12.01	1.18
4.00	55.41	61.63	84.99	14.21	1.14
4.60	54.86	61.50	86.26	14.47	1.16
5.20	54.43	61.60	88.08	14.38	1.20
5.80	54.88	61.51	90.08	14.86	1.23
6.40	54.20	59.49	91.18	16.74	1.24
7.00	52.75	57.40	91.41	19.13	1.25
7.60	51.28	56.47	91.96	18.80	1.29
8.20	50.20	55.13	91.69	21.06	1.27
8.80	48.31	53.35	90.58	22.22	1.26
9.40	46.54	50.99	88.44	21.30	1.29
10.00	45.10	48.63	85.37	18.96	1.35
10.60	43.76	46.73	82.09	18.91	1.36
11.20	44.47	47.45	79.51	15.31	1.35
11.80	45.49	49.41	78.03	12.34	1.32
12.40	46.48	51.29	77.40	10.94	1.30
13.00	47.40	52.38	76.80	7.96	1.31
13.60	47.35	51.71	75.20	14.89	1.16
14.20	47.57	53.28	74.52	13.60	1.14
14.80	48.37	54.25	74.30	10.52	1.17
15.40	50.18	56.30	75.33	9.93	1.18
16.00	52.70	59.48	78.62	10.38	1.14
16.60	54.94	61.24	80.59	11.99	1.13
17.20	55.98	61.61	82.22	11.13	1.14
17.80	57.23	62.75	84.52	10.70	1.25
18.40	59.33	62.39	86.87	11.74	1.23
19.00	58.93	62.18	89.05	17.99	1.13
19.60	56.84	60.54	89.93	21.56	1.11
20.20	54.13	57.49	89.09	19.32	1.19
20.80	51.62	54.24	86.63	19.22	1.24
21.40	50.17	52.56	84.56	16.14	1.30
22.00	49.24	51.85	82.94	12.42	1.35
22.60	48.58	51.86	81.65	10.17	1.37
23.20	47.29	50.52	78.90	10.24	1.35
23.80	46.42	49.83	76.03	11.61	1.30
24.40	46.21	49.89	73.82	13.59	1.21
25.00	46.77	50.02	71.95	12.24	1.19
25.60	47.86	51.77	71.71	12.33	1.15
26.20	48.83	52.97	71.47	10.85	1.14
26.80	49.57	53.32	70.32	6.90	1.19
27.40	50.47	54.70	70.29	13.34	1.04
28.00	51.08	55.56	70.94	10.63	1.08
28.60	54.44	58.74	73.07	11.04	1.07
29.20	56.50	60.47	75.20	10.93	1.06
29.80	56.53	60.40	75.84	9.53	1.09
30.40	56.28	60.33	75.49	10.29	1.08
31.00	56.98	60.83	76.43	16.82	1.00
31.60	57.42	61.14	77.39	12.21	1.09
32.20	57.21	60.13	79.19	10.73	0.94
32.80	58.10	60.82	79.61	15.49	0.99
33.40	57.59	59.48	80.26	16.47	1.10
34.00	56.13	57.89	80.48	15.95	1.05
34.60	54.06	55.60	79.79	15.58	1.01
35.20	52.26	53.85	78.92	17.46	1.03
35.80	51.05	53.34	78.66	22.20	1.07
36.40	50.16	53.31	78.15	8.88	1.28
37.00	49.56	52.93	77.58	19.72	1.10
37.60	48.50	53.06	76.81	12.73	1.22
38.20	47.70	53.30	75.96	12.98	1.19
38.80	48.14	54.08	75.86	16.45	1.10
39.40	48.96	54.76	76.37	15.59	1.11
40.00	48.50	54.44	75.40	11.25	1.18
40.60	48.58	54.85	75.34	15.14	1.11
41.20	49.78	56.48	76.21	13.77	1.11
41.80	52.31	58.47	78.25	10.79	1.15
42.40	54.88	60.77	80.74	12.20	1.12
43.00	55.80	61.70	82.67	16.98	1.06
43.60	54.97	60.64	81.75	14.41	1.10
44.20	55.91	60.31	82.31	13.98	1.13
44.80	55.97	59.78	83.21	17.73	1.10
45.40	55.21	59.06	83.19	13.85	1.17
46.00	53.93	57.61	82.00	6.99	1.29
46.60	52.47	55.70	79.70	14.72	1.16
47.20	51.97	56.06	79.54	14.69	1.17
47.80	51.69	55.46	79.20	11.63	1.22
48.40	52.35	55.58	79.21	12.14	1.21
49.00	52.36	55.42	79.22	14.54	1.17
49.60	51.43	54.66	78.24	12.71	1.20
50.20	51.89	55.34	78.92	12.52	1.21
50.80	51.85	54.98	79.28	12.26	1.22
51.40	52.89	55.97	80.97	15.26	1.17
52.00	52.95	56.41	82.50	15.38	1.19
52.60	51.90	56.06	82.75	15.27	1.20
53.20	51.02	55.21	82.35	16.00	1.20
53.80	50.55	54.15	82.65	14.85	1.25
54.40	49.34	53.19	82.59	16.43	1.24
55.00	48.64	52.58	82.77	17.84	1.23
55.60	47.15	51.12	81.63	15.85	1.28
56.20	46.35	50.03	80.65	16.84	1.27
56.80	46.36	49.71	80.36	19.97	1.22
57.40	46.65	50.38	80.54	19.47	1.23
58.00	46.80	52.08	81.87	8.90	1.42
58.60	46.87	52.34	82.78	13.76	1.32
59.20	46.03	50.95	82.03	17.39	1.25
59.80	45.81	52.14	82.28	19.38	1.21
60.40	47.27	52.10	82.81	14.19	1.31
61.00	48.82	53.05	84.08	10.31	1.39
61.60	49.06	54.04	85.56	11.37	1.37
62.20	48.65	53.75	85.78	13.00	1.35
62.80	49.15	52.45	85.82	14.11	1.36
63.40	49.25	52.45	86.71	18.41	1.31
64.00	49.65	51.77	87.51	16.72	1.35
64.60	50.61	53.26	88.65	19.86	1.30
65.20	49.93	52.09	88.91	16.44	1.40
65.80	48.34	49.65	87.61	14.46	1.47
66.40	46.77	48.02	85.52	16.70	1.42
67.00	45.55	47.58	84.17	14.86	1.47
67.60	44.65	47.46	82.71	19.74	1.32
68.20	45.54	48.70	82.92	11.39	1.47
68.80	45.28	48.68	82.35	13.59	1.41
69.40	45.12	47.52	80.58	15.87	1.37
70.00	45.05	46.54	78.60	15.69	1.37
70.60	45.01	46.39	77.09	16.18	1.32
71.20	45.54	47.25	76.50	16.97	1.27
71.80	47.40	49.20	77.48	9.61	1.37
72.40	48.99	51.19	78.69	8.86	1.43
73.00	49.70	52.06	79.16	6.21	1.43
73.60	50.26	53.59	79.84	9.15	1.33
74.20	51.35	55.24	81.02	9.91	1.29
74.80	52.24	56.18	82.51	8.38	1.32
75.40	52.45	56.52	84.00	12.42	1.27
76.00	52.18	56.85	84.73	19.11	1.14
76.60	52.11	57.50	86.15	13.60	1.25
77.20	52.58	57.58	88.21	14.27	1.27
77.80	52.24	56.80	88.85	17.32	1.25
78.40	51.03	55.06	88.21	21.00	1.22
79.00	49.69	52.99	87.11	22.32	1.22
79.60	48.50	51.01	85.89	20.10	1.30
80.20	47.39	49.35	84.35	16.89	1.37
80.80	45.60	46.41	80.64	17.21	1.36
81.40	44.50	45.29	77.38	16.34	1.35
82.00	44.15	45.65	75.28	13.39	1.36
82.60	44.53	46.94	73.77	10.53	1.34
83.20	46.00	49.05	73.86	18.32	1.14
83.80	47.49	50.78	74.39	14.39	1.17
84.40	49.33	52.25	74.34	12.26	1.19
85.00	49.32	53.43	74.69	11.20	1.19
85.60	50.76	55.32	76.01	10.82	1.20
86.20	53.73	58.48	79.08	7.31	1.25
86.80	55.09	60.20	81.99	10.22	1.20
87.40	56.09	60.72	84.02	16.73	1.10
88.00	56.47	60.24	85.69	16.57	1.14
88.60	56.05	59.24	86.95	14.64	1.22
89.20	55.77	58.87	88.50	18.72	1.18
89.80	53.79	56.96	88.43	19.35	1.14
90.40	51.93	54.58	88.14	18.69	1.25
91.00	50.96	53.64	88.08	18.15	1.32
91.60	49.79	52.29	87.14	16.08	1.37
92.20	48.19	50.05	84.65	11.41	1.47
92.80	47.40	49.10	82.25	10.81	1.44
93.40	46.64	47.80	79.92	11.95	1.41
94.00	46.90	48.00	78.49	12.09	1.38
94.60	47.80	49.63	78.01	10.60	1.35
95.20	48.24	51.36	77.24	9.83	1.31
95.80	49.00	51.98	76.36	12.42	1.22
96.40	50.28	53.21	76.07	17.06	1.13
97.00	51.42	54.95	77.22	13.49	1.17
97.60	52.66	57.19	79.11	8.96	1.25
98.20	54.21	58.90	80.87	9.09	1.28
98.80	55.24	59.00	81.87	10.45	1.21
99.40	53.64	58.16	82.45	15.71	1.13
100.00	52.11	57.36	82.95	17.85	1.12
100.60	53.28	58.30	84.91	20.06	1.11
101.20	53.91	58.64	86.82	15.49	1.22
101.80	55.15	59.31	88.93	15.69	1.23
102.40	56.41	60.55	91.52	17.26	1.23
103.00	56.41	60.62	93.85	16.63	1.26
103.60	54.97	58.87	93.89	17.65	1.29
104.20	53.37	57.21	93.72	20.09	1.29
104.80	51.15	54.22	92.39	19.48	1.34
105.40	48.99	51.70	90.29	17.41	1.40
106.00	47.55	50.40	87.80	15.34	1.44
106.60	47.52	50.20	85.59	14.73	1.41
107.20	46.97	50.43	83.52	15.58	1.30
107.80	47.30	50.58	81.74	16.42	1.37
108.40	48.47	51.92	80.51	16.22	1.59
109.00	49.88	54.74	80.36	14.31	1.25
109.60	50.73	55.40	80.84	10.09	1.27
110.20	50.96	55.03	79.83	12.30	1.22
110.80	51.73	56.18	80.62	14.12	1.18
111.40	52.77	57.57	81.82	11.75	1.21
112.00	54.41	57.78	83.62	8.99	1.28
112.60	54.16	58.30	84.49	9.17	1.29
113.20	52.75	56.50	83.28	12.46	1.24
113.80	51.37	54.34	81.67	15.65	1.21
114.40	50.11	52.91	80.17	16.70	1.20
115.00	49.38	52.75	78.97	15.55	1.21
115.60	49.70	53.87	79.43	12.90	1.24
116.20	51.09	54.16	79.25	6.60	1.34
116.80	48.99	52.87	77.53	11.85	1.23
117.40	50.78	54.08	77.59	11.10	1.22
118.00	52.31	55.30	78.49	11.10	1.22
118.60	54.39	57.45	80.29	10.57	1.22
119.20	55.75	58.58	82.10	9.98	1.23
119.80	55.39	57.88	82.32	13.35	1.19
120.40	53.79	56.49	81.44	19.68	1.08
121.00	52.64	55.70	80.89	16.10	1.17
121.60	51.90	54.76	80.72	17.08	1.16
122.20	50.94	53.43	80.40	18.88	1.15
122.80	49.49	52.27	79.38	17.32	1.19
123.40	47.99	51.31	77.64	13.79	1.25
124.00	47.19	50.17	76.01	16.40	1.18
124.60	47.49	50.70	74.83	9.82	1.28
125.20	49.09	52.74	75.14	7.77	1.28
125.80	50.96	55.19	75.95	11.03	1.18
126.40	51.76	56.17	76.37	14.86	1.09
127.00	51.40	55.43	75.85	11.35	1.17
127.60	52.41	56.30	76.22	17.11	1.06
128.20	52.55	56.43	76.71	17.96	1.05
128.80	53.40	57.22	78.67	16.90	1.09
129.40	54.98	58.07	80.54	18.38	1.07
130.00	54.15	57.67	81.33	19.47	1.06
130.60	52.75	56.96	81.61	17.79	1.12
131.20	52.59	56.66	82.54	14.17	1.22
131.80	53.09	56.62	83.03	19.39	1.15
132.40	52.90	56.15	83.95	16.32	1.20
133.00	51.44	54.58	83.29	13.75	1.26
133.60	51.06	52.64	82.10	15.16	1.26
134.20	50.71	50.90	81.00	19.13	1.21
134.80	48.83	49.40	79.52	19.93	1.21
135.40	48.85	49.87	79.72	17.16	1.25
136.00	48.20	49.02	78.86	16.62	1.27
136.60	47.36	48.19	77.44	16.00	1.28
137.20	46.81	48.11	76.12	13.95	1.30
137.80	46.76	48.25	75.18	15.68	1.26
138.40	47.70	49.69	75.81	13.07	1.28
139.00	48.09	51.76	76.63	18.70	1.12
139.60	48.75	52.15	77.21	23.23	1.03
140.20	48.81	51.66	77.46	19.95	1.11
140.80	49.11	52.14	77.96	13.11	1.25
141.40	50.36	53.63	79.62	11.83	1.29
142.00	52.13	54.81	82.43	20.48	1.14
142.60	52.78	55.01	84.51	17.32	1.22
143.20	51.88	54.42	84.48	20.80	1.17
143.80	48.98	52.14	83.09	13.84	1.32
144.40	47.35	50.52	81.85	14.84	1.32
145.00	46.19	49.45	80.69	19.22	1.25
145.60	45.23	48.80	79.41	19.27	1.23
146.20	45.48	49.04	79.11	19.23	1.03
146.80	45.28	47.88	77.61	18.64	1.18
147.40	45.18	48.43	77.55	12.95	1.31
148.00	46.83	49.34	77.50	9.27	1.46
148.60	48.36	50.75	78.37	11.82	1.42
149.20	49.62	52.18	80.23	16.38	1.23
149.80	50.66	53.14	81.10	14.55	1.25
150.40	50.89	53.68	81.26	12.55	1.28
151.00	52.18	54.04	82.20	12.87	1.27
151.60	51.63	53.75	82.31	11.47	1.31
152.20	52.55	53.99	82.91	16.15	1.23
152.80	52.92	52.93	82.90	17.13	1.23
153.40	52.21	51.34	81.86	15.80	1.28
154.00	51.00	50.04	80.39	16.49	1.27
154.60	50.18	49.49	79.98	20.02	1.21
155.20	50.47	49.70	80.35	10.90	1.42
155.80	50.49	50.28	80.59	10.26	1.40
156.40	49.87	50.79	79.62	17.01	1.23
157.00	49.53	50.91	78.71	16.69	1.22
157.60	49.60	51.17	78.66	9.32	1.36
158.20	49.89	52.16	79.08	17.96	1.18
158.80	51.50	52.94	80.05	15.90	1.21
159.40	51.22	54.21	79.72	17.60	1.15
160.00	51.57	53.70	79.35	11.76	1.25
160.60	50.90	52.82	78.73	10.76	1.28
161.20	50.25	53.23	78.54	15.95	1.18
161.80	50.48	54.40	79.63	17.53	1.14
162.40	50.96	54.37	79.60	16.06	1.18
163.00	49.98	53.60	78.52	9.52	1.29
163.60	50.21	53.79	78.69	16.65	1.14
164.20	51.12	53.92	79.13	16.76	1.15
164.80	52.55	55.32	80.73	17.12	1.16
165.40	52.77	55.47	81.88	18.34	1.14
166.00	51.93	54.10	81.55	16.47	1.19
166.60	50.88	52.45	80.25	10.82	1.31
167.20	50.27	51.82	79.70	13.49	1.28
167.80	50.97	51.77	79.39	16.95	1.20
168.40	51.85	52.75	80.09	14.93	1.25
169.00	52.76	52.80	80.24	11.59	1.30
169.60	52.11	53.41	79.73	12.56	1.26
170.20	51.23	53.44	79.10	16.65	1.18
170.80	51.19	52.28	78.87	16.07	1.19
171.40	51.65	52.80	79.13	15.31	1.22
172.00	51.11	53.28	79.37	8.86	1.34
172.60	49.52	52.32	78.31	8.38	1.35
173.20	49.68	52.37	78.03	15.02	1.22
173.80	49.01	52.00	78.08	15.00	1.22
174.40	48.71	52.01	78.43	9.99	1.32
175.00	49.77	52.87	80.14	15.91	1.22
175.60	50.58	53.28	80.76	16.20	1.23
176.20	49.46	53.02	80.52	17.44	1.18
176.80	48.99	53.09	80.49	18.11	1.17
177.40	47.60	51.69	80.05	14.52	1.26
178.00	47.59	51.43	80.08	16.02	1.26
178.60	47.28	51.34	79.63	19.29	1.19
=======
TIEMPO	VFSCd	VFSCi	PAMn	PCC	RAP
0.40	49.67	54.28	78.67	12.75	1.21
1.00	50.37	55.76	79.00	15.18	1.17
1.60	51.19	56.41	79.02	11.63	1.20
2.20	53.07	58.00	80.27	14.37	1.14
2.80	54.83	59.84	82.32	17.97	1.08
3.40	55.63	61.12	83.76	12.01	1.18
4.00	55.41	61.63	84.99	14.21	1.14
4.60	54.86	61.50	86.26	14.47	1.16
5.20	54.43	61.60	88.08	14.38	1.20
5.80	54.88	61.51	90.08	14.86	1.23
6.40	54.20	59.49	91.18	16.74	1.24
7.00	52.75	57.40	91.41	19.13	1.25
7.60	51.28	56.47	91.96	18.80	1.29
8.20	50.20	55.13	91.69	21.06	1.27
8.80	48.31	53.35	90.58	22.22	1.26
9.40	46.54	50.99	88.44	21.30	1.29
10.00	45.10	48.63	85.37	18.96	1.35
10.60	43.76	46.73	82.09	18.91	1.36
11.20	44.47	47.45	79.51	15.31	1.35
11.80	45.49	49.41	78.03	12.34	1.32
12.40	46.48	51.29	77.40	10.94	1.30
13.00	47.40	52.38	76.80	7.96	1.31
13.60	47.35	51.71	75.20	14.89	1.16
14.20	47.57	53.28	74.52	13.60	1.14
14.80	48.37	54.25	74.30	10.52	1.17
15.40	50.18	56.30	75.33	9.93	1.18
16.00	52.70	59.48	78.62	10.38	1.14
16.60	54.94	61.24	80.59	11.99	1.13
17.20	55.98	61.61	82.22	11.13	1.14
17.80	57.23	62.75	84.52	10.70	1.25
18.40	59.33	62.39	86.87	11.74	1.23
19.00	58.93	62.18	89.05	17.99	1.13
19.60	56.84	60.54	89.93	21.56	1.11
20.20	54.13	57.49	89.09	19.32	1.19
20.80	51.62	54.24	86.63	19.22	1.24
21.40	50.17	52.56	84.56	16.14	1.30
22.00	49.24	51.85	82.94	12.42	1.35
22.60	48.58	51.86	81.65	10.17	1.37
23.20	47.29	50.52	78.90	10.24	1.35
23.80	46.42	49.83	76.03	11.61	1.30
24.40	46.21	49.89	73.82	13.59	1.21
25.00	46.77	50.02	71.95	12.24	1.19
25.60	47.86	51.77	71.71	12.33	1.15
26.20	48.83	52.97	71.47	10.85	1.14
26.80	49.57	53.32	70.32	6.90	1.19
27.40	50.47	54.70	70.29	13.34	1.04
28.00	51.08	55.56	70.94	10.63	1.08
28.60	54.44	58.74	73.07	11.04	1.07
29.20	56.50	60.47	75.20	10.93	1.06
29.80	56.53	60.40	75.84	9.53	1.09
30.40	56.28	60.33	75.49	10.29	1.08
31.00	56.98	60.83	76.43	16.82	1.00
31.60	57.42	61.14	77.39	12.21	1.09
32.20	57.21	60.13	79.19	10.73	0.94
32.80	58.10	60.82	79.61	15.49	0.99
33.40	57.59	59.48	80.26	16.47	1.10
34.00	56.13	57.89	80.48	15.95	1.05
34.60	54.06	55.60	79.79	15.58	1.01
35.20	52.26	53.85	78.92	17.46	1.03
35.80	51.05	53.34	78.66	22.20	1.07
36.40	50.16	53.31	78.15	8.88	1.28
37.00	49.56	52.93	77.58	19.72	1.10
37.60	48.50	53.06	76.81	12.73	1.22
38.20	47.70	53.30	75.96	12.98	1.19
38.80	48.14	54.08	75.86	16.45	1.10
39.40	48.96	54.76	76.37	15.59	1.11
40.00	48.50	54.44	75.40	11.25	1.18
40.60	48.58	54.85	75.34	15.14	1.11
41.20	49.78	56.48	76.21	13.77	1.11
41.80	52.31	58.47	78.25	10.79	1.15
42.40	54.88	60.77	80.74	12.20	1.12
43.00	55.80	61.70	82.67	16.98	1.06
43.60	54.97	60.64	81.75	14.41	1.10
44.20	55.91	60.31	82.31	13.98	1.13
44.80	55.97	59.78	83.21	17.73	1.10
45.40	55.21	59.06	83.19	13.85	1.17
46.00	53.93	57.61	82.00	6.99	1.29
46.60	52.47	55.70	79.70	14.72	1.16
47.20	51.97	56.06	79.54	14.69	1.17
47.80	51.69	55.46	79.20	11.63	1.22
48.40	52.35	55.58	79.21	12.14	1.21
49.00	52.36	55.42	79.22	14.54	1.17
49.60	51.43	54.66	78.24	12.71	1.20
50.20	51.89	55.34	78.92	12.52	1.21
50.80	51.85	54.98	79.28	12.26	1.22
51.40	52.89	55.97	80.97	15.26	1.17
52.00	52.95	56.41	82.50	15.38	1.19
52.60	51.90	56.06	82.75	15.27	1.20
53.20	51.02	55.21	82.35	16.00	1.20
53.80	50.55	54.15	82.65	14.85	1.25
54.40	49.34	53.19	82.59	16.43	1.24
55.00	48.64	52.58	82.77	17.84	1.23
55.60	47.15	51.12	81.63	15.85	1.28
56.20	46.35	50.03	80.65	16.84	1.27
56.80	46.36	49.71	80.36	19.97	1.22
57.40	46.65	50.38	80.54	19.47	1.23
58.00	46.80	52.08	81.87	8.90	1.42
58.60	46.87	52.34	82.78	13.76	1.32
59.20	46.03	50.95	82.03	17.39	1.25
59.80	45.81	52.14	82.28	19.38	1.21
60.40	47.27	52.10	82.81	14.19	1.31
61.00	48.82	53.05	84.08	10.31	1.39
61.60	49.06	54.04	85.56	11.37	1.37
62.20	48.65	53.75	85.78	13.00	1.35
62.80	49.15	52.45	85.82	14.11	1.36
63.40	49.25	52.45	86.71	18.41	1.31
64.00	49.65	51.77	87.51	16.72	1.35
64.60	50.61	53.26	88.65	19.86	1.30
65.20	49.93	52.09	88.91	16.44	1.40
65.80	48.34	49.65	87.61	14.46	1.47
66.40	46.77	48.02	85.52	16.70	1.42
67.00	45.55	47.58	84.17	14.86	1.47
67.60	44.65	47.46	82.71	19.74	1.32
68.20	45.54	48.70	82.92	11.39	1.47
68.80	45.28	48.68	82.35	13.59	1.41
69.40	45.12	47.52	80.58	15.87	1.37
70.00	45.05	46.54	78.60	15.69	1.37
70.60	45.01	46.39	77.09	16.18	1.32
71.20	45.54	47.25	76.50	16.97	1.27
71.80	47.40	49.20	77.48	9.61	1.37
72.40	48.99	51.19	78.69	8.86	1.43
73.00	49.70	52.06	79.16	6.21	1.43
73.60	50.26	53.59	79.84	9.15	1.33
74.20	51.35	55.24	81.02	9.91	1.29
74.80	52.24	56.18	82.51	8.38	1.32
75.40	52.45	56.52	84.00	12.42	1.27
76.00	52.18	56.85	84.73	19.11	1.14
76.60	52.11	57.50	86.15	13.60	1.25
77.20	52.58	57.58	88.21	14.27	1.27
77.80	52.24	56.80	88.85	17.32	1.25
78.40	51.03	55.06	88.21	21.00	1.22
79.00	49.69	52.99	87.11	22.32	1.22
79.60	48.50	51.01	85.89	20.10	1.30
80.20	47.39	49.35	84.35	16.89	1.37
80.80	45.60	46.41	80.64	17.21	1.36
81.40	44.50	45.29	77.38	16.34	1.35
82.00	44.15	45.65	75.28	13.39	1.36
82.60	44.53	46.94	73.77	10.53	1.34
83.20	46.00	49.05	73.86	18.32	1.14
83.80	47.49	50.78	74.39	14.39	1.17
84.40	49.33	52.25	74.34	12.26	1.19
85.00	49.32	53.43	74.69	11.20	1.19
85.60	50.76	55.32	76.01	10.82	1.20
86.20	53.73	58.48	79.08	7.31	1.25
86.80	55.09	60.20	81.99	10.22	1.20
87.40	56.09	60.72	84.02	16.73	1.10
88.00	56.47	60.24	85.69	16.57	1.14
88.60	56.05	59.24	86.95	14.64	1.22
89.20	55.77	58.87	88.50	18.72	1.18
89.80	53.79	56.96	88.43	19.35	1.14
90.40	51.93	54.58	88.14	18.69	1.25
91.00	50.96	53.64	88.08	18.15	1.32
91.60	49.79	52.29	87.14	16.08	1.37
92.20	48.19	50.05	84.65	11.41	1.47
92.80	47.40	49.10	82.25	10.81	1.44
93.40	46.64	47.80	79.92	11.95	1.41
94.00	46.90	48.00	78.49	12.09	1.38
94.60	47.80	49.63	78.01	10.60	1.35
95.20	48.24	51.36	77.24	9.83	1.31
95.80	49.00	51.98	76.36	12.42	1.22
96.40	50.28	53.21	76.07	17.06	1.13
97.00	51.42	54.95	77.22	13.49	1.17
97.60	52.66	57.19	79.11	8.96	1.25
98.20	54.21	58.90	80.87	9.09	1.28
98.80	55.24	59.00	81.87	10.45	1.21
99.40	53.64	58.16	82.45	15.71	1.13
100.00	52.11	57.36	82.95	17.85	1.12
100.60	53.28	58.30	84.91	20.06	1.11
101.20	53.91	58.64	86.82	15.49	1.22
101.80	55.15	59.31	88.93	15.69	1.23
102.40	56.41	60.55	91.52	17.26	1.23
103.00	56.41	60.62	93.85	16.63	1.26
103.60	54.97	58.87	93.89	17.65	1.29
104.20	53.37	57.21	93.72	20.09	1.29
104.80	51.15	54.22	92.39	19.48	1.34
105.40	48.99	51.70	90.29	17.41	1.40
106.00	47.55	50.40	87.80	15.34	1.44
106.60	47.52	50.20	85.59	14.73	1.41
107.20	46.97	50.43	83.52	15.58	1.30
107.80	47.30	50.58	81.74	16.42	1.37
108.40	48.47	51.92	80.51	16.22	1.59
109.00	49.88	54.74	80.36	14.31	1.25
109.60	50.73	55.40	80.84	10.09	1.27
110.20	50.96	55.03	79.83	12.30	1.22
110.80	51.73	56.18	80.62	14.12	1.18
111.40	52.77	57.57	81.82	11.75	1.21
112.00	54.41	57.78	83.62	8.99	1.28
112.60	54.16	58.30	84.49	9.17	1.29
113.20	52.75	56.50	83.28	12.46	1.24
113.80	51.37	54.34	81.67	15.65	1.21
114.40	50.11	52.91	80.17	16.70	1.20
115.00	49.38	52.75	78.97	15.55	1.21
115.60	49.70	53.87	79.43	12.90	1.24
116.20	51.09	54.16	79.25	6.60	1.34
116.80	48.99	52.87	77.53	11.85	1.23
117.40	50.78	54.08	77.59	11.10	1.22
118.00	52.31	55.30	78.49	11.10	1.22
118.60	54.39	57.45	80.29	10.57	1.22
119.20	55.75	58.58	82.10	9.98	1.23
119.80	55.39	57.88	82.32	13.35	1.19
120.40	53.79	56.49	81.44	19.68	1.08
121.00	52.64	55.70	80.89	16.10	1.17
121.60	51.90	54.76	80.72	17.08	1.16
122.20	50.94	53.43	80.40	18.88	1.15
122.80	49.49	52.27	79.38	17.32	1.19
123.40	47.99	51.31	77.64	13.79	1.25
124.00	47.19	50.17	76.01	16.40	1.18
124.60	47.49	50.70	74.83	9.82	1.28
125.20	49.09	52.74	75.14	7.77	1.28
125.80	50.96	55.19	75.95	11.03	1.18
126.40	51.76	56.17	76.37	14.86	1.09
127.00	51.40	55.43	75.85	11.35	1.17
127.60	52.41	56.30	76.22	17.11	1.06
128.20	52.55	56.43	76.71	17.96	1.05
128.80	53.40	57.22	78.67	16.90	1.09
129.40	54.98	58.07	80.54	18.38	1.07
130.00	54.15	57.67	81.33	19.47	1.06
130.60	52.75	56.96	81.61	17.79	1.12
131.20	52.59	56.66	82.54	14.17	1.22
131.80	53.09	56.62	83.03	19.39	1.15
132.40	52.90	56.15	83.95	16.32	1.20
133.00	51.44	54.58	83.29	13.75	1.26
133.60	51.06	52.64	82.10	15.16	1.26
134.20	50.71	50.90	81.00	19.13	1.21
134.80	48.83	49.40	79.52	19.93	1.21
135.40	48.85	49.87	79.72	17.16	1.25
136.00	48.20	49.02	78.86	16.62	1.27
136.60	47.36	48.19	77.44	16.00	1.28
137.20	46.81	48.11	76.12	13.95	1.30
137.80	46.76	48.25	75.18	15.68	1.26
138.40	47.70	49.69	75.81	13.07	1.28
139.00	48.09	51.76	76.63	18.70	1.12
139.60	48.75	52.15	77.21	23.23	1.03
140.20	48.81	51.66	77.46	19.95	1.11
140.80	49.11	52.14	77.96	13.11	1.25
141.40	50.36	53.63	79.62	11.83	1.29
142.00	52.13	54.81	82.43	20.48	1.14
142.60	52.78	55.01	84.51	17.32	1.22
143.20	51.88	54.42	84.48	20.80	1.17
143.80	48.98	52.14	83.09	13.84	1.32
144.40	47.35	50.52	81.85	14.84	1.32
145.00	46.19	49.45	80.69	19.22	1.25
145.60	45.23	48.80	79.41	19.27	1.23
146.20	45.48	49.04	79.11	19.23	1.03
146.80	45.28	47.88	77.61	18.64	1.18
147.40	45.18	48.43	77.55	12.95	1.31
148.00	46.83	49.34	77.50	9.27	1.46
148.60	48.36	50.75	78.37	11.82	1.42
149.20	49.62	52.18	80.23	16.38	1.23
149.80	50.66	53.14	81.10	14.55	1.25
150.40	50.89	53.68	81.26	12.55	1.28
151.00	52.18	54.04	82.20	12.87	1.27
151.60	51.63	53.75	82.31	11.47	1.31
152.20	52.55	53.99	82.91	16.15	1.23
152.80	52.92	52.93	82.90	17.13	1.23
153.40	52.21	51.34	81.86	15.80	1.28
154.00	51.00	50.04	80.39	16.49	1.27
154.60	50.18	49.49	79.98	20.02	1.21
155.20	50.47	49.70	80.35	10.90	1.42
155.80	50.49	50.28	80.59	10.26	1.40
156.40	49.87	50.79	79.62	17.01	1.23
157.00	49.53	50.91	78.71	16.69	1.22
157.60	49.60	51.17	78.66	9.32	1.36
158.20	49.89	52.16	79.08	17.96	1.18
158.80	51.50	52.94	80.05	15.90	1.21
159.40	51.22	54.21	79.72	17.60	1.15
160.00	51.57	53.70	79.35	11.76	1.25
160.60	50.90	52.82	78.73	10.76	1.28
161.20	50.25	53.23	78.54	15.95	1.18
161.80	50.48	54.40	79.63	17.53	1.14
162.40	50.96	54.37	79.60	16.06	1.18
163.00	49.98	53.60	78.52	9.52	1.29
163.60	50.21	53.79	78.69	16.65	1.14
164.20	51.12	53.92	79.13	16.76	1.15
164.80	52.55	55.32	80.73	17.12	1.16
165.40	52.77	55.47	81.88	18.34	1.14
166.00	51.93	54.10	81.55	16.47	1.19
166.60	50.88	52.45	80.25	10.82	1.31
167.20	50.27	51.82	79.70	13.49	1.28
167.80	50.97	51.77	79.39	16.95	1.20
168.40	51.85	52.75	80.09	14.93	1.25
169.00	52.76	52.80	80.24	11.59	1.30
169.60	52.11	53.41	79.73	12.56	1.26
170.20	51.23	53.44	79.10	16.65	1.18
170.80	51.19	52.28	78.87	16.07	1.19
171.40	51.65	52.80	79.13	15.31	1.22
172.00	51.11	53.28	79.37	8.86	1.34
172.60	49.52	52.32	78.31	8.38	1.35
173.20	49.68	52.37	78.03	15.02	1.22
173.80	49.01	52.00	78.08	15.00	1.22
174.40	48.71	52.01	78.43	9.99	1.32
175.00	49.77	52.87	80.14	15.91	1.22
175.60	50.58	53.28	80.76	16.20	1.23
176.20	49.46	53.02	80.52	17.44	1.18
176.80	48.99	53.09	80.49	18.11	1.17
177.40	47.60	51.69	80.05	14.52	1.26
178.00	47.59	51.43	80.08	16.02	1.26
178.60	47.28	51.34	79.63	19.29	1.19
>>>>>>> 4966aae922150d281e7f47d431009d8054258bc0
=======
TIEMPO	VFSCd	VFSCi	PAMn	PCC	RAP
0.40	49.67	54.28	78.67	12.75	1.21
1.00	50.37	55.76	79.00	15.18	1.17
1.60	51.19	56.41	79.02	11.63	1.20
2.20	53.07	58.00	80.27	14.37	1.14
2.80	54.83	59.84	82.32	17.97	1.08
3.40	55.63	61.12	83.76	12.01	1.18
4.00	55.41	61.63	84.99	14.21	1.14
4.60	54.86	61.50	86.26	14.47	1.16
5.20	54.43	61.60	88.08	14.38	1.20
5.80	54.88	61.51	90.08	14.86	1.23
6.40	54.20	59.49	91.18	16.74	1.24
7.00	52.75	57.40	91.41	19.13	1.25
7.60	51.28	56.47	91.96	18.80	1.29
8.20	50.20	55.13	91.69	21.06	1.27
8.80	48.31	53.35	90.58	22.22	1.26
9.40	46.54	50.99	88.44	21.30	1.29
10.00	45.10	48.63	85.37	18.96	1.35
10.60	43.76	46.73	82.09	18.91	1.36
11.20	44.47	47.45	79.51	15.31	1.35
11.80	45.49	49.41	78.03	12.34	1.32
12.40	46.48	51.29	77.40	10.94	1.30
13.00	47.40	52.38	76.80	7.96	1.31
13.60	47.35	51.71	75.20	14.89	1.16
14.20	47.57	53.28	74.52	13.60	1.14
14.80	48.37	54.25	74.30	10.52	1.17
15.40	50.18	56.30	75.33	9.93	1.18
16.00	52.70	59.48	78.62	10.38	1.14
16.60	54.94	61.24	80.59	11.99	1.13
17.20	55.98	61.61	82.22	11.13	1.14
17.80	57.23	62.75	84.52	10.70	1.25
18.40	59.33	62.39	86.87	11.74	1.23
19.00	58.93	62.18	89.05	17.99	1.13
19.60	56.84	60.54	89.93	21.56	1.11
20.20	54.13	57.49	89.09	19.32	1.19
20.80	51.62	54.24	86.63	19.22	1.24
21.40	50.17	52.56	84.56	16.14	1.30
22.00	49.24	51.85	82.94	12.42	1.35
22.60	48.58	51.86	81.65	10.17	1.37
23.20	47.29	50.52	78.90	10.24	1.35
23.80	46.42	49.83	76.03	11.61	1.30
24.40	46.21	49.89	73.82	13.59	1.21
25.00	46.77	50.02	71.95	12.24	1.19
25.60	47.86	51.77	71.71	12.33	1.15
26.20	48.83	52.97	71.47	10.85	1.14
26.80	49.57	53.32	70.32	6.90	1.19
27.40	50.47	54.70	70.29	13.34	1.04
28.00	51.08	55.56	70.94	10.63	1.08
28.60	54.44	58.74	73.07	11.04	1.07
29.20	56.50	60.47	75.20	10.93	1.06
29.80	56.53	60.40	75.84	9.53	1.09
30.40	56.28	60.33	75.49	10.29	1.08
31.00	56.98	60.83	76.43	16.82	1.00
31.60	57.42	61.14	77.39	12.21	1.09
32.20	57.21	60.13	79.19	10.73	0.94
32.80	58.10	60.82	79.61	15.49	0.99
33.40	57.59	59.48	80.26	16.47	1.10
34.00	56.13	57.89	80.48	15.95	1.05
34.60	54.06	55.60	79.79	15.58	1.01
35.20	52.26	53.85	78.92	17.46	1.03
35.80	51.05	53.34	78.66	22.20	1.07
36.40	50.16	53.31	78.15	8.88	1.28
37.00	49.56	52.93	77.58	19.72	1.10
37.60	48.50	53.06	76.81	12.73	1.22
38.20	47.70	53.30	75.96	12.98	1.19
38.80	48.14	54.08	75.86	16.45	1.10
39.40	48.96	54.76	76.37	15.59	1.11
40.00	48.50	54.44	75.40	11.25	1.18
40.60	48.58	54.85	75.34	15.14	1.11
41.20	49.78	56.48	76.21	13.77	1.11
41.80	52.31	58.47	78.25	10.79	1.15
42.40	54.88	60.77	80.74	12.20	1.12
43.00	55.80	61.70	82.67	16.98	1.06
43.60	54.97	60.64	81.75	14.41	1.10
44.20	55.91	60.31	82.31	13.98	1.13
44.80	55.97	59.78	83.21	17.73	1.10
45.40	55.21	59.06	83.19	13.85	1.17
46.00	53.93	57.61	82.00	6.99	1.29
46.60	52.47	55.70	79.70	14.72	1.16
47.20	51.97	56.06	79.54	14.69	1.17
47.80	51.69	55.46	79.20	11.63	1.22
48.40	52.35	55.58	79.21	12.14	1.21
49.00	52.36	55.42	79.22	14.54	1.17
49.60	51.43	54.66	78.24	12.71	1.20
50.20	51.89	55.34	78.92	12.52	1.21
50.80	51.85	54.98	79.28	12.26	1.22
51.40	52.89	55.97	80.97	15.26	1.17
52.00	52.95	56.41	82.50	15.38	1.19
52.60	51.90	56.06	82.75	15.27	1.20
53.20	51.02	55.21	82.35	16.00	1.20
53.80	50.55	54.15	82.65	14.85	1.25
54.40	49.34	53.19	82.59	16.43	1.24
55.00	48.64	52.58	82.77	17.84	1.23
55.60	47.15	51.12	81.63	15.85	1.28
56.20	46.35	50.03	80.65	16.84	1.27
56.80	46.36	49.71	80.36	19.97	1.22
57.40	46.65	50.38	80.54	19.47	1.23
58.00	46.80	52.08	81.87	8.90	1.42
58.60	46.87	52.34	82.78	13.76	1.32
59.20	46.03	50.95	82.03	17.39	1.25
59.80	45.81	52.14	82.28	19.38	1.21
60.40	47.27	52.10	82.81	14.19	1.31
61.00	48.82	53.05	84.08	10.31	1.39
61.60	49.06	54.04	85.56	11.37	1.37
62.20	48.65	53.75	85.78	13.00	1.35
62.80	49.15	52.45	85.82	14.11	1.36
63.40	49.25	52.45	86.71	18.41	1.31
64.00	49.65	51.77	87.51	16.72	1.35
64.60	50.61	53.26	88.65	19.86	1.30
65.20	49.93	52.09	88.91	16.44	1.40
65.80	48.34	49.65	87.61	14.46	1.47
66.40	46.77	48.02	85.52	16.70	1.42
67.00	45.55	47.58	84.17	14.86	1.47
67.60	44.65	47.46	82.71	19.74	1.32
68.20	45.54	48.70	82.92	11.39	1.47
68.80	45.28	48.68	82.35	13.59	1.41
69.40	45.12	47.52	80.58	15.87	1.37
70.00	45.05	46.54	78.60	15.69	1.37
70.60	45.01	46.39	77.09	16.18	1.32
71.20	45.54	47.25	76.50	16.97	1.27
71.80	47.40	49.20	77.48	9.61	1.37
72.40	48.99	51.19	78.69	8.86	1.43
73.00	49.70	52.06	79.16	6.21	1.43
73.60	50.26	53.59	79.84	9.15	1.33
74.20	51.35	55.24	81.02	9.91	1.29
74.80	52.24	56.18	82.51	8.38	1.32
75.40	52.45	56.52	84.00	12.42	1.27
76.00	52.18	56.85	84.73	19.11	1.14
76.60	52.11	57.50	86.15	13.60	1.25
77.20	52.58	57.58	88.21	14.27	1.27
77.80	52.24	56.80	88.85	17.32	1.25
78.40	51.03	55.06	88.21	21.00	1.22
79.00	49.69	52.99	87.11	22.32	1.22
79.60	48.50	51.01	85.89	20.10	1.30
80.20	47.39	49.35	84.35	16.89	1.37
80.80	45.60	46.41	80.64	17.21	1.36
81.40	44.50	45.29	77.38	16.34	1.35
82.00	44.15	45.65	75.28	13.39	1.36
82.60	44.53	46.94	73.77	10.53	1.34
83.20	46.00	49.05	73.86	18.32	1.14
83.80	47.49	50.78	74.39	14.39	1.17
84.40	49.33	52.25	74.34	12.26	1.19
85.00	49.32	53.43	74.69	11.20	1.19
85.60	50.76	55.32	76.01	10.82	1.20
86.20	53.73	58.48	79.08	7.31	1.25
86.80	55.09	60.20	81.99	10.22	1.20
87.40	56.09	60.72	84.02	16.73	1.10
88.00	56.47	60.24	85.69	16.57	1.14
88.60	56.05	59.24	86.95	14.64	1.22
89.20	55.77	58.87	88.50	18.72	1.18
89.80	53.79	56.96	88.43	19.35	1.14
90.40	51.93	54.58	88.14	18.69	1.25
91.00	50.96	53.64	88.08	18.15	1.32
91.60	49.79	52.29	87.14	16.08	1.37
92.20	48.19	50.05	84.65	11.41	1.47
92.80	47.40	49.10	82.25	10.81	1.44
93.40	46.64	47.80	79.92	11.95	1.41
94.00	46.90	48.00	78.49	12.09	1.38
94.60	47.80	49.63	78.01	10.60	1.35
95.20	48.24	51.36	77.24	9.83	1.31
95.80	49.00	51.98	76.36	12.42	1.22
96.40	50.28	53.21	76.07	17.06	1.13
97.00	51.42	54.95	77.22	13.49	1.17
97.60	52.66	57.19	79.11	8.96	1.25
98.20	54.21	58.90	80.87	9.09	1.28
98.80	55.24	59.00	81.87	10.45	1.21
99.40	53.64	58.16	82.45	15.71	1.13
100.00	52.11	57.36	82.95	17.85	1.12
100.60	53.28	58.30	84.91	20.06	1.11
101.20	53.91	58.64	86.82	15.49	1.22
101.80	55.15	59.31	88.93	15.69	1.23
102.40	56.41	60.55	91.52	17.26	1.23
103.00	56.41	60.62	93.85	16.63	1.26
103.60	54.97	58.87	93.89	17.65	1.29
104.20	53.37	57.21	93.72	20.09	1.29
104.80	51.15	54.22	92.39	19.48	1.34
105.40	48.99	51.70	90.29	17.41	1.40
106.00	47.55	50.40	87.80	15.34	1.44
106.60	47.52	50.20	85.59	14.73	1.41
107.20	46.97	50.43	83.52	15.58	1.30
107.80	47.30	50.58	81.74	16.42	1.37
108.40	48.47	51.92	80.51	16.22	1.59
109.00	49.88	54.74	80.36	14.31	1.25
109.60	50.73	55.40	80.84	10.09	1.27
110.20	50.96	55.03	79.83	12.30	1.22
110.80	51.73	56.18	80.62	14.12	1.18
111.40	52.77	57.57	81.82	11.75	1.21
112.00	54.41	57.78	83.62	8.99	1.28
112.60	54.16	58.30	84.49	9.17	1.29
113.20	52.75	56.50	83.28	12.46	1.24
113.80	51.37	54.34	81.67	15.65	1.21
114.40	50.11	52.91	80.17	16.70	1.20
115.00	49.38	52.75	78.97	15.55	1.21
115.60	49.70	53.87	79.43	12.90	1.24
116.20	51.09	54.16	79.25	6.60	1.34
116.80	48.99	52.87	77.53	11.85	1.23
117.40	50.78	54.08	77.59	11.10	1.22
118.00	52.31	55.30	78.49	11.10	1.22
118.60	54.39	57.45	80.29	10.57	1.22
119.20	55.75	58.58	82.10	9.98	1.23
119.80	55.39	57.88	82.32	13.35	1.19
120.40	53.79	56.49	81.44	19.68	1.08
121.00	52.64	55.70	80.89	16.10	1.17
121.60	51.90	54.76	80.72	17.08	1.16
122.20	50.94	53.43	80.40	18.88	1.15
122.80	49.49	52.27	79.38	17.32	1.19
123.40	47.99	51.31	77.64	13.79	1.25
124.00	47.19	50.17	76.01	16.40	1.18
124.60	47.49	50.70	74.83	9.82	1.28
125.20	49.09	52.74	75.14	7.77	1.28
125.80	50.96	55.19	75.95	11.03	1.18
126.40	51.76	56.17	76.37	14.86	1.09
127.00	51.40	55.43	75.85	11.35	1.17
127.60	52.41	56.30	76.22	17.11	1.06
128.20	52.55	56.43	76.71	17.96	1.05
128.80	53.40	57.22	78.67	16.90	1.09
129.40	54.98	58.07	80.54	18.38	1.07
130.00	54.15	57.67	81.33	19.47	1.06
130.60	52.75	56.96	81.61	17.79	1.12
131.20	52.59	56.66	82.54	14.17	1.22
131.80	53.09	56.62	83.03	19.39	1.15
132.40	52.90	56.15	83.95	16.32	1.20
133.00	51.44	54.58	83.29	13.75	1.26
133.60	51.06	52.64	82.10	15.16	1.26
134.20	50.71	50.90	81.00	19.13	1.21
134.80	48.83	49.40	79.52	19.93	1.21
135.40	48.85	49.87	79.72	17.16	1.25
136.00	48.20	49.02	78.86	16.62	1.27
136.60	47.36	48.19	77.44	16.00	1.28
137.20	46.81	48.11	76.12	13.95	1.30
137.80	46.76	48.25	75.18	15.68	1.26
138.40	47.70	49.69	75.81	13.07	1.28
139.00	48.09	51.76	76.63	18.70	1.12
139.60	48.75	52.15	77.21	23.23	1.03
140.20	48.81	51.66	77.46	19.95	1.11
140.80	49.11	52.14	77.96	13.11	1.25
141.40	50.36	53.63	79.62	11.83	1.29
142.00	52.13	54.81	82.43	20.48	1.14
142.60	52.78	55.01	84.51	17.32	1.22
143.20	51.88	54.42	84.48	20.80	1.17
143.80	48.98	52.14	83.09	13.84	1.32
144.40	47.35	50.52	81.85	14.84	1.32
145.00	46.19	49.45	80.69	19.22	1.25
145.60	45.23	48.80	79.41	19.27	1.23
146.20	45.48	49.04	79.11	19.23	1.03
146.80	45.28	47.88	77.61	18.64	1.18
147.40	45.18	48.43	77.55	12.95	1.31
148.00	46.83	49.34	77.50	9.27	1.46
148.60	48.36	50.75	78.37	11.82	1.42
149.20	49.62	52.18	80.23	16.38	1.23
149.80	50.66	53.14	81.10	14.55	1.25
150.40	50.89	53.68	81.26	12.55	1.28
151.00	52.18	54.04	82.20	12.87	1.27
151.60	51.63	53.75	82.31	11.47	1.31
152.20	52.55	53.99	82.91	16.15	1.23
152.80	52.92	52.93	82.90	17.13	1.23
153.40	52.21	51.34	81.86	15.80	1.28
154.00	51.00	50.04	80.39	16.49	1.27
154.60	50.18	49.49	79.98	20.02	1.21
155.20	50.47	49.70	80.35	10.90	1.42
155.80	50.49	50.28	80.59	10.26	1.40
156.40	49.87	50.79	79.62	17.01	1.23
157.00	49.53	50.91	78.71	16.69	1.22
157.60	49.60	51.17	78.66	9.32	1.36
158.20	49.89	52.16	79.08	17.96	1.18
158.80	51.50	52.94	80.05	15.90	1.21
159.40	51.22	54.21	79.72	17.60	1.15
160.00	51.57	53.70	79.35	11.76	1.25
160.60	50.90	52.82	78.73	10.76	1.28
161.20	50.25	53.23	78.54	15.95	1.18
161.80	50.48	54.40	79.63	17.53	1.14
162.40	50.96	54.37	79.60	16.06	1.18
163.00	49.98	53.60	78.52	9.52	1.29
163.60	50.21	53.79	78.69	16.65	1.14
164.20	51.12	53.92	79.13	16.76	1.15
164.80	52.55	55.32	80.73	17.12	1.16
165.40	52.77	55.47	81.88	18.34	1.14
166.00	51.93	54.10	81.55	16.47	1.19
166.60	50.88	52.45	80.25	10.82	1.31
167.20	50.27	51.82	79.70	13.49	1.28
167.80	50.97	51.77	79.39	16.95	1.20
168.40	51.85	52.75	80.09	14.93	1.25
169.00	52.76	52.80	80.24	11.59	1.30
169.60	52.11	53.41	79.73	12.56	1.26
170.20	51.23	53.44	79.10	16.65	1.18
170.80	51.19	52.28	78.87	16.07	1.19
171.40	51.65	52.80	79.13	15.31	1.22
172.00	51.11	53.28	79.37	8.86	1.34
172.60	49.52	52.32	78.31	8.38	1.35
173.20	49.68	52.37	78.03	15.02	1.22
173.80	49.01	52.00	78.08	15.00	1.22
174.40	48.71	52.01	78.43	9.99	1.32
175.00	49.77	52.87	80.14	15.91	1.22
175.60	50.58	53.28	80.76	16.20	1.23
176.20	49.46	53.02	80.52	17.44	1.18
176.80	48.99	53.09	80.49	18.11	1.17
177.40	47.60	51.69	80.05	14.52	1.26
178.00	47.59	51.43	80.08	16.02	1.26
178.60	47.28	51.34	79.63	19.29	1.19
>>>>>>> 4966aae922150d281e7f47d431009d8054258bc0
179.20	45.43	50.45	77.84	19.66	1.15