<<<<<<< HEAD
TIEMPO	VFSCd	VFSCi	PAMn	PCC	RAP
0.40	54.03	61.24	75.81	12.27	1.02
1.00	55.95	62.10	76.56	7.32	1.11
1.60	56.93	62.87	77.35	5.69	1.14
2.20	56.98	63.49	78.28	9.96	1.09
2.80	56.57	64.50	78.91	8.74	1.09
3.40	56.59	65.06	79.14	5.83	1.11
4.00	57.63	64.65	79.01	6.06	1.12
4.60	56.50	63.03	77.68	7.33	1.11
5.20	55.22	61.77	76.03	8.45	1.09
5.80	55.25	61.67	76.13	7.04	1.11
6.40	56.64	63.98	77.31	5.66	1.13
7.00	58.13	65.95	78.95	5.20	1.13
7.60	59.16	65.35	80.38	7.08	1.11
8.20	58.57	64.27	80.13	8.04	1.11
8.80	57.90	63.63	79.75	7.15	1.13
9.40	58.00	64.10	80.75	2.86	1.22
10.00	58.01	64.19	80.96	5.17	1.17
10.60	57.89	63.99	81.23	7.56	1.14
11.20	57.60	63.56	82.32	4.91	1.21
11.80	57.21	63.80	81.73	7.20	1.16
12.40	57.06	64.32	80.92	9.46	1.10
13.00	57.36	65.02	81.08	7.71	1.12
13.60	56.72	64.77	80.12	8.23	1.10
14.20	56.27	64.51	79.23	8.67	1.09
14.80	56.76	64.93	79.80	6.75	1.13
15.40	56.63	64.22	78.98	4.48	1.16
16.00	56.44	63.62	77.92	3.57	1.16
16.60	56.56	64.34	78.12	5.97	1.11
17.20	56.24	64.03	77.75	7.37	1.09
17.80	56.23	63.90	77.64	8.27	1.08
18.40	57.87	65.40	79.41	9.79	1.05
19.00	57.21	65.20	79.16	10.83	1.04
19.60	56.47	64.58	78.43	10.43	1.05
20.20	57.12	64.31	79.01	7.33	1.11
20.80	57.43	63.88	79.40	6.03	1.14
21.40	58.00	64.34	80.18	5.82	1.15
22.00	59.18	66.24	81.94	5.32	1.15
22.60	59.23	65.42	82.88	10.59	1.09
23.20	58.72	64.36	83.45	13.95	1.06
23.80	57.83	63.86	84.25	10.25	1.13
24.40	54.24	59.77	81.40	12.51	1.13
25.00	51.71	56.72	78.90	13.53	1.14
25.60	51.71	56.57	79.34	8.04	1.25
26.20	52.46	57.19	80.64	11.50	1.20
26.80	55.43	59.07	83.56	11.87	1.21
27.40	57.53	60.67	87.51	5.37	1.35
28.00	56.20	60.82	86.71	4.13	1.35
28.60	55.63	61.34	86.53	4.46	1.33
29.20	55.70	61.99	87.02	6.20	1.29
29.80	56.02	62.51	87.83	9.68	1.24
30.40	53.94	60.33	85.88	11.40	1.22
31.00	51.79	57.89	83.28	12.62	1.20
31.60	51.26	57.24	82.07	15.18	1.16
32.20	49.82	54.51	79.83	15.35	1.17
32.80	48.31	51.53	76.44	13.09	1.22
33.40	47.99	50.75	74.16	10.32	1.26
34.00	47.94	50.77	72.19	9.26	1.24
34.60	47.86	51.48	69.90	12.05	1.12
35.20	48.33	51.98	68.48	13.23	1.05
35.80	49.32	53.22	68.03	12.61	1.05
36.40	51.02	56.54	69.42	8.81	1.09
37.00	51.99	57.45	70.19	8.49	1.08
37.60	52.01	56.91	70.10	11.11	1.03
38.20	50.86	55.97	69.43	8.09	1.09
38.80	50.65	55.67	68.93	6.81	1.11
39.40	51.15	56.01	69.22	8.41	1.08
40.00	52.15	56.68	71.06	13.25	1.01
40.60	53.03	58.94	73.57	14.11	1.02
41.20	53.05	59.10	75.83	13.63	1.03
41.80	52.18	57.40	77.40	13.72	1.02
42.40	51.02	55.94	78.44	13.27	1.03
43.00	49.19	53.64	78.39	14.67	1.07
43.60	47.31	51.52	77.60	17.10	1.15
44.20	45.64	50.24	77.12	15.36	1.22
44.80	45.51	50.39	77.38	14.24	1.26
45.40	45.79	50.86	77.92	14.00	1.26
46.00	44.37	49.49	74.95	11.39	1.28
46.60	45.20	50.74	73.64	9.62	1.27
47.20	48.08	54.26	76.12	10.07	1.22
47.80	51.33	57.44	78.50	8.93	1.21
48.40	53.27	58.97	80.32	9.25	1.20
49.00	53.78	58.97	81.38	12.28	1.16
49.60	53.05	57.71	81.29	14.23	1.15
50.20	52.06	56.42	80.50	12.63	1.20
50.80	51.16	55.45	79.18	5.29	1.33
51.40	50.65	54.50	77.60	6.93	1.29
52.00	51.14	54.94	76.54	9.50	1.22
52.60	52.54	56.75	76.70	7.52	1.22
53.20	52.66	57.08	76.36	7.95	1.19
53.80	53.42	57.91	76.47	8.84	1.17
54.40	55.31	59.72	78.06	8.55	1.17
55.00	55.40	60.01	78.61	9.72	1.14
55.60	54.98	59.10	78.64	12.23	1.10
56.20	54.57	57.65	78.26	16.36	1.06
56.80	55.09	58.38	78.99	18.44	1.03
57.40	56.79	60.15	80.91	16.53	1.08
58.00	59.01	62.00	84.46	8.88	1.21
58.60	55.93	58.71	81.77	11.29	1.19
59.20	54.95	57.95	80.36	14.66	1.12
59.80	56.26	59.60	83.75	15.04	1.04
60.40	55.22	58.22	82.78	11.74	1.15
61.00	53.38	57.22	81.25	7.48	1.27
61.60	51.74	57.17	80.43	3.14	1.35
62.20	53.01	58.80	82.25	6.15	1.30
62.80	53.14	58.81	81.89	9.62	1.23
63.40	52.07	57.60	79.31	11.80	1.16
64.00	49.98	55.65	76.20	10.17	1.18
64.60	50.66	55.52	75.03	8.54	1.20
65.20	52.57	56.99	75.52	7.61	1.20
65.80	54.69	59.82	77.17	7.40	1.17
66.40	55.60	61.30	78.47	9.65	1.12
67.00	56.25	61.12	79.61	12.46	1.09
67.60	56.69	60.63	80.69	13.48	1.11
68.20	57.13	61.08	81.58	8.03	1.22
68.80	55.81	60.76	83.03	6.42	1.10
69.40	54.40	58.73	84.38	6.42	1.01
70.00	53.38	56.79	85.67	6.22	1.07
70.60	53.28	56.81	87.92	5.10	1.16
71.20	50.84	54.06	87.54	12.59	1.25
71.80	49.30	51.69	86.21	18.38	1.30
72.40	48.71	50.12	84.91	17.18	1.33
73.00	47.16	48.50	83.08	15.35	1.38
73.60	46.94	48.34	81.42	12.79	1.42
74.20	47.50	49.07	80.09	9.75	1.43
74.80	46.08	48.18	77.25	9.84	1.39
75.40	45.44	48.29	74.62	12.05	1.30
76.00	45.68	49.26	72.86	15.94	1.16
76.60	45.61	49.02	71.03	14.35	1.15
77.20	45.67	49.42	69.37	12.07	1.15
77.80	46.39	50.78	68.11	10.97	1.13
78.40	48.75	53.16	68.90	8.17	1.15
79.00	51.40	56.41	70.63	8.52	1.11
79.60	53.63	59.43	72.66	8.35	1.09
80.20	55.16	61.61	74.81	2.06	1.18
80.80	55.68	62.63	76.26	8.40	1.08
81.40	56.14	63.01	77.08	12.34	1.02
82.00	56.05	62.74	77.46	12.45	1.03
82.60	55.20	61.84	77.57	9.90	1.09
83.20	53.52	61.43	77.27	10.04	1.11
83.80	52.44	60.93	77.25	10.74	1.06
84.40	51.98	60.37	77.71	10.92	0.92
85.00	51.73	60.29	77.39	9.65	1.05
85.60	51.45	59.55	76.56	8.72	1.13
86.20	51.38	58.65	75.38	8.39	1.13
86.80	51.87	58.06	74.92	8.65	1.14
87.40	52.22	58.11	74.33	8.99	1.12
88.00	52.70	58.71	73.53	9.23	1.09
88.60	54.45	59.52	74.19	8.70	1.10
89.20	55.35	61.08	74.45	7.72	1.10
89.80	55.94	62.89	74.23	6.58	1.08
90.40	56.97	64.57	75.21	4.65	1.09
91.00	57.51	65.32	75.79	5.79	1.07
91.60	58.21	66.00	76.41	8.33	1.03
92.20	60.29	67.51	78.68	7.30	1.06
92.80	60.04	68.59	80.26	7.72	1.06
93.40	58.99	68.22	80.78	7.79	1.07
94.00	57.90	66.20	79.59	4.51	1.12
94.60	56.67	65.54	79.66	5.33	1.13
95.20	56.42	65.92	80.13	6.50	1.12
95.80	56.94	66.78	80.75	6.06	1.11
96.40	54.66	64.11	77.95	5.61	1.12
97.00	54.23	63.57	76.52	5.82	1.11
97.60	55.76	65.18	78.66	7.56	1.09
98.20	57.22	66.75	79.58	4.86	1.12
98.80	57.73	66.43	80.46	6.06	1.10
99.40	57.33	65.07	81.03	10.48	1.06
100.00	56.34	63.61	79.72	11.64	1.22
100.60	53.67	60.76	76.43	10.10	1.20
101.20	52.74	59.51	74.42	7.81	1.13
101.80	56.01	62.20	76.44	5.81	1.15
102.40	59.46	64.88	79.67	8.68	1.08
103.00	61.11	66.15	81.56	11.49	1.07
103.60	60.60	65.94	81.11	11.55	1.22
104.20	58.56	65.12	79.42	11.41	1.10
104.80	56.74	62.96	77.78	13.10	1.01
105.40	55.26	60.88	76.72	15.25	1.00
106.00	53.97	59.83	76.99	11.33	1.09
106.60	54.93	59.93	78.33	11.33	1.12
107.20	55.65	60.02	79.28	13.31	1.10
107.80	54.65	59.64	78.82	15.02	1.07
108.40	53.20	57.65	77.83	13.28	1.11
109.00	52.52	56.15	77.10	11.77	1.14
109.60	52.63	55.50	77.14	13.41	1.14
110.20	51.38	55.25	76.81	8.24	1.23
110.80	52.96	57.26	78.41	7.36	1.25
111.40	54.87	59.64	81.02	9.91	1.20
112.00	55.24	61.31	82.33	10.76	1.17
112.60	55.36	60.35	82.02	9.65	1.19
113.20	54.68	59.43	81.52	8.64	1.22
113.80	53.49	58.94	81.58	8.81	1.23
114.40	53.40	59.13	81.96	7.11	1.26
115.00	52.44	57.26	81.57	4.80	1.32
115.60	51.76	55.94	80.28	3.34	1.37
116.20	52.31	57.17	78.79	7.41	1.25
116.80	52.92	56.82	77.76	9.02	1.20
117.40	52.58	55.59	76.40	8.81	1.20
118.00	51.49	54.51	73.72	8.42	1.21
118.60	52.03	55.94	73.25	4.92	1.22
119.20	52.65	56.86	72.55	6.06	1.16
119.80	53.58	57.96	72.04	9.05	1.08
120.40	55.12	59.90	72.98	7.28	1.09
121.00	55.56	60.61	73.11	7.03	1.09
121.60	55.96	60.98	72.79	7.38	1.07
122.20	56.38	61.24	72.41	7.61	1.05
122.80	56.46	61.22	72.18	4.30	1.10
123.40	57.80	64.08	73.60	5.34	1.07
124.00	59.20	66.78	75.17	7.36	1.02
124.60	60.10	67.73	75.66	6.87	1.02
125.20	59.23	66.18	74.89	6.95	1.02
125.80	59.09	65.56	74.70	8.75	1.00
126.40	59.89	66.25	75.98	13.27	0.94
127.00	60.93	67.79	78.28	12.69	0.96
127.60	61.55	68.65	80.83	13.74	0.98
128.20	61.61	68.30	82.98	16.12	0.97
128.80	60.99	66.23	83.67	16.97	0.93
129.40	60.39	65.06	84.69	14.19	1.04
130.00	59.13	63.38	85.46	12.52	1.14
130.60	56.97	60.58	85.60	15.23	1.13
131.20	53.74	57.69	84.25	16.07	1.16
131.80	50.75	55.13	82.07	15.55	1.20
132.40	48.72	53.02	79.31	16.50	1.17
133.00	47.69	52.03	76.77	12.91	1.22
133.60	47.48	52.04	74.55	3.11	1.38
134.20	48.80	52.62	73.05	3.50	1.32
134.80	49.70	53.62	71.89	6.42	1.22
135.40	49.80	55.01	70.85	7.51	1.16
136.00	50.43	55.56	69.66	9.74	1.08
136.60	50.96	55.81	68.76	9.88	1.05
137.20	50.99	55.86	68.26	5.08	1.12
137.80	52.65	58.55	69.84	4.77	1.11
138.40	54.27	60.31	71.68	6.61	1.07
139.00	55.17	60.17	72.58	8.57	1.05
139.60	54.55	59.85	72.65	10.93	1.02
140.20	54.91	60.53	73.32	11.68	1.01
140.80	55.54	61.03	74.66	10.70	1.04
141.40	55.78	60.53	74.73	9.62	1.08
142.00	58.17	62.66	77.98	8.94	1.11
142.60	59.96	64.08	81.41	9.35	1.13
143.20	60.14	63.62	82.86	11.35	1.14
143.80	59.81	63.06	84.35	11.84	1.05
144.40	57.79	61.05	84.53	11.83	1.03
145.00	54.34	57.91	82.31	12.07	1.18
145.60	53.61	57.46	81.58	10.46	1.23
146.20	53.25	57.29	80.99	8.72	1.25
146.80	52.08	56.27	79.52	7.69	1.27
147.40	49.95	54.46	77.24	8.77	1.24
148.00	47.73	52.64	74.30	11.93	1.17
148.60	49.35	53.71	74.11	9.91	1.20
149.20	50.37	54.75	74.31	8.68	1.21
149.80	50.19	55.29	73.12	13.55	1.07
150.40	50.92	55.91	72.96	13.87	1.05
151.00	54.04	58.73	74.81	12.02	1.08
151.60	58.66	63.06	79.63	8.07	1.14
152.20	60.04	63.79	81.56	13.55	1.07
152.80	59.37	62.35	81.76	14.63	1.07
153.40	58.19	60.61	81.23	11.84	1.14
154.00	57.39	59.80	81.57	11.41	1.16
154.60	56.07	58.28	81.36	8.73	1.24
155.20	55.95	57.92	81.64	6.74	1.29
155.80	57.33	59.03	83.21	7.99	1.29
156.40	58.92	60.48	85.05	7.92	1.15
157.00	60.07	60.71	87.51	8.65	1.13
157.60	59.81	59.26	90.38	10.76	1.29
158.20	55.81	54.86	85.40	13.56	1.29
158.80	53.36	53.05	82.41	14.83	1.27
159.40	51.79	52.51	81.92	14.46	1.27
160.00	50.15	51.72	80.06	14.42	1.26
160.60	48.56	51.47	77.93	9.85	1.32
161.20	47.76	51.70	76.08	6.01	1.35
161.80	48.26	52.39	74.86	7.53	1.29
162.40	48.13	52.38	73.41	8.47	1.24
163.00	48.91	53.12	72.84	8.62	1.22
163.60	50.75	54.73	73.98	7.78	1.21
164.20	51.96	55.43	74.26	9.71	1.16
164.80	53.61	56.94	74.63	8.80	1.15
165.40	54.80	58.16	75.28	6.13	1.19
166.00	54.73	58.18	76.24	6.56	1.19
166.60	54.40	57.65	75.99	6.84	1.19
167.20	54.33	57.41	75.51	8.63	1.16
167.80	54.56	57.58	75.47	13.17	1.07
168.40	54.39	57.82	74.89	7.80	1.15
169.00	56.33	60.15	76.88	6.25	1.18
169.60	57.52	61.81	78.34	8.09	1.14
170.20	56.42	61.13	76.73	11.11	1.07
170.80	56.93	62.05	77.32	10.67	1.07
171.40	57.99	63.04	78.53	7.94	1.12
172.00	58.54	63.70	79.36	4.76	1.16
172.60	58.01	63.97	79.61	5.87	1.15
173.20	56.63	63.42	78.71	6.95	1.12
173.80	55.58	62.64	77.51	7.72	1.10
174.40	55.74	61.91	76.77	8.72	1.09
175.00	55.33	61.28	75.57	7.89	1.10
175.60	55.96	62.00	75.28	7.40	1.09
176.20	58.61	64.69	77.02	8.98	1.05
176.80	58.62	65.12	76.89	9.36	1.03
177.40	57.80	64.89	76.38	9.48	1.02
178.00	57.25	64.69	76.48	10.17	1.01
178.60	58.69	64.96	77.57	10.20	1.03
=======
TIEMPO	VFSCd	VFSCi	PAMn	PCC	RAP
0.40	54.03	61.24	75.81	12.27	1.02
1.00	55.95	62.10	76.56	7.32	1.11
1.60	56.93	62.87	77.35	5.69	1.14
2.20	56.98	63.49	78.28	9.96	1.09
2.80	56.57	64.50	78.91	8.74	1.09
3.40	56.59	65.06	79.14	5.83	1.11
4.00	57.63	64.65	79.01	6.06	1.12
4.60	56.50	63.03	77.68	7.33	1.11
5.20	55.22	61.77	76.03	8.45	1.09
5.80	55.25	61.67	76.13	7.04	1.11
6.40	56.64	63.98	77.31	5.66	1.13
7.00	58.13	65.95	78.95	5.20	1.13
7.60	59.16	65.35	80.38	7.08	1.11
8.20	58.57	64.27	80.13	8.04	1.11
8.80	57.90	63.63	79.75	7.15	1.13
9.40	58.00	64.10	80.75	2.86	1.22
10.00	58.01	64.19	80.96	5.17	1.17
10.60	57.89	63.99	81.23	7.56	1.14
11.20	57.60	63.56	82.32	4.91	1.21
11.80	57.21	63.80	81.73	7.20	1.16
12.40	57.06	64.32	80.92	9.46	1.10
13.00	57.36	65.02	81.08	7.71	1.12
13.60	56.72	64.77	80.12	8.23	1.10
14.20	56.27	64.51	79.23	8.67	1.09
14.80	56.76	64.93	79.80	6.75	1.13
15.40	56.63	64.22	78.98	4.48	1.16
16.00	56.44	63.62	77.92	3.57	1.16
16.60	56.56	64.34	78.12	5.97	1.11
17.20	56.24	64.03	77.75	7.37	1.09
17.80	56.23	63.90	77.64	8.27	1.08
18.40	57.87	65.40	79.41	9.79	1.05
19.00	57.21	65.20	79.16	10.83	1.04
19.60	56.47	64.58	78.43	10.43	1.05
20.20	57.12	64.31	79.01	7.33	1.11
20.80	57.43	63.88	79.40	6.03	1.14
21.40	58.00	64.34	80.18	5.82	1.15
22.00	59.18	66.24	81.94	5.32	1.15
22.60	59.23	65.42	82.88	10.59	1.09
23.20	58.72	64.36	83.45	13.95	1.06
23.80	57.83	63.86	84.25	10.25	1.13
24.40	54.24	59.77	81.40	12.51	1.13
25.00	51.71	56.72	78.90	13.53	1.14
25.60	51.71	56.57	79.34	8.04	1.25
26.20	52.46	57.19	80.64	11.50	1.20
26.80	55.43	59.07	83.56	11.87	1.21
27.40	57.53	60.67	87.51	5.37	1.35
28.00	56.20	60.82	86.71	4.13	1.35
28.60	55.63	61.34	86.53	4.46	1.33
29.20	55.70	61.99	87.02	6.20	1.29
29.80	56.02	62.51	87.83	9.68	1.24
30.40	53.94	60.33	85.88	11.40	1.22
31.00	51.79	57.89	83.28	12.62	1.20
31.60	51.26	57.24	82.07	15.18	1.16
32.20	49.82	54.51	79.83	15.35	1.17
32.80	48.31	51.53	76.44	13.09	1.22
33.40	47.99	50.75	74.16	10.32	1.26
34.00	47.94	50.77	72.19	9.26	1.24
34.60	47.86	51.48	69.90	12.05	1.12
35.20	48.33	51.98	68.48	13.23	1.05
35.80	49.32	53.22	68.03	12.61	1.05
36.40	51.02	56.54	69.42	8.81	1.09
37.00	51.99	57.45	70.19	8.49	1.08
37.60	52.01	56.91	70.10	11.11	1.03
38.20	50.86	55.97	69.43	8.09	1.09
38.80	50.65	55.67	68.93	6.81	1.11
39.40	51.15	56.01	69.22	8.41	1.08
40.00	52.15	56.68	71.06	13.25	1.01
40.60	53.03	58.94	73.57	14.11	1.02
41.20	53.05	59.10	75.83	13.63	1.03
41.80	52.18	57.40	77.40	13.72	1.02
42.40	51.02	55.94	78.44	13.27	1.03
43.00	49.19	53.64	78.39	14.67	1.07
43.60	47.31	51.52	77.60	17.10	1.15
44.20	45.64	50.24	77.12	15.36	1.22
44.80	45.51	50.39	77.38	14.24	1.26
45.40	45.79	50.86	77.92	14.00	1.26
46.00	44.37	49.49	74.95	11.39	1.28
46.60	45.20	50.74	73.64	9.62	1.27
47.20	48.08	54.26	76.12	10.07	1.22
47.80	51.33	57.44	78.50	8.93	1.21
48.40	53.27	58.97	80.32	9.25	1.20
49.00	53.78	58.97	81.38	12.28	1.16
49.60	53.05	57.71	81.29	14.23	1.15
50.20	52.06	56.42	80.50	12.63	1.20
50.80	51.16	55.45	79.18	5.29	1.33
51.40	50.65	54.50	77.60	6.93	1.29
52.00	51.14	54.94	76.54	9.50	1.22
52.60	52.54	56.75	76.70	7.52	1.22
53.20	52.66	57.08	76.36	7.95	1.19
53.80	53.42	57.91	76.47	8.84	1.17
54.40	55.31	59.72	78.06	8.55	1.17
55.00	55.40	60.01	78.61	9.72	1.14
55.60	54.98	59.10	78.64	12.23	1.10
56.20	54.57	57.65	78.26	16.36	1.06
56.80	55.09	58.38	78.99	18.44	1.03
57.40	56.79	60.15	80.91	16.53	1.08
58.00	59.01	62.00	84.46	8.88	1.21
58.60	55.93	58.71	81.77	11.29	1.19
59.20	54.95	57.95	80.36	14.66	1.12
59.80	56.26	59.60	83.75	15.04	1.04
60.40	55.22	58.22	82.78	11.74	1.15
61.00	53.38	57.22	81.25	7.48	1.27
61.60	51.74	57.17	80.43	3.14	1.35
62.20	53.01	58.80	82.25	6.15	1.30
62.80	53.14	58.81	81.89	9.62	1.23
63.40	52.07	57.60	79.31	11.80	1.16
64.00	49.98	55.65	76.20	10.17	1.18
64.60	50.66	55.52	75.03	8.54	1.20
65.20	52.57	56.99	75.52	7.61	1.20
65.80	54.69	59.82	77.17	7.40	1.17
66.40	55.60	61.30	78.47	9.65	1.12
67.00	56.25	61.12	79.61	12.46	1.09
67.60	56.69	60.63	80.69	13.48	1.11
68.20	57.13	61.08	81.58	8.03	1.22
68.80	55.81	60.76	83.03	6.42	1.10
69.40	54.40	58.73	84.38	6.42	1.01
70.00	53.38	56.79	85.67	6.22	1.07
70.60	53.28	56.81	87.92	5.10	1.16
71.20	50.84	54.06	87.54	12.59	1.25
71.80	49.30	51.69	86.21	18.38	1.30
72.40	48.71	50.12	84.91	17.18	1.33
73.00	47.16	48.50	83.08	15.35	1.38
73.60	46.94	48.34	81.42	12.79	1.42
74.20	47.50	49.07	80.09	9.75	1.43
74.80	46.08	48.18	77.25	9.84	1.39
75.40	45.44	48.29	74.62	12.05	1.30
76.00	45.68	49.26	72.86	15.94	1.16
76.60	45.61	49.02	71.03	14.35	1.15
77.20	45.67	49.42	69.37	12.07	1.15
77.80	46.39	50.78	68.11	10.97	1.13
78.40	48.75	53.16	68.90	8.17	1.15
79.00	51.40	56.41	70.63	8.52	1.11
79.60	53.63	59.43	72.66	8.35	1.09
80.20	55.16	61.61	74.81	2.06	1.18
80.80	55.68	62.63	76.26	8.40	1.08
81.40	56.14	63.01	77.08	12.34	1.02
82.00	56.05	62.74	77.46	12.45	1.03
82.60	55.20	61.84	77.57	9.90	1.09
83.20	53.52	61.43	77.27	10.04	1.11
83.80	52.44	60.93	77.25	10.74	1.06
84.40	51.98	60.37	77.71	10.92	0.92
85.00	51.73	60.29	77.39	9.65	1.05
85.60	51.45	59.55	76.56	8.72	1.13
86.20	51.38	58.65	75.38	8.39	1.13
86.80	51.87	58.06	74.92	8.65	1.14
87.40	52.22	58.11	74.33	8.99	1.12
88.00	52.70	58.71	73.53	9.23	1.09
88.60	54.45	59.52	74.19	8.70	1.10
89.20	55.35	61.08	74.45	7.72	1.10
89.80	55.94	62.89	74.23	6.58	1.08
90.40	56.97	64.57	75.21	4.65	1.09
91.00	57.51	65.32	75.79	5.79	1.07
91.60	58.21	66.00	76.41	8.33	1.03
92.20	60.29	67.51	78.68	7.30	1.06
92.80	60.04	68.59	80.26	7.72	1.06
93.40	58.99	68.22	80.78	7.79	1.07
94.00	57.90	66.20	79.59	4.51	1.12
94.60	56.67	65.54	79.66	5.33	1.13
95.20	56.42	65.92	80.13	6.50	1.12
95.80	56.94	66.78	80.75	6.06	1.11
96.40	54.66	64.11	77.95	5.61	1.12
97.00	54.23	63.57	76.52	5.82	1.11
97.60	55.76	65.18	78.66	7.56	1.09
98.20	57.22	66.75	79.58	4.86	1.12
98.80	57.73	66.43	80.46	6.06	1.10
99.40	57.33	65.07	81.03	10.48	1.06
100.00	56.34	63.61	79.72	11.64	1.22
100.60	53.67	60.76	76.43	10.10	1.20
101.20	52.74	59.51	74.42	7.81	1.13
101.80	56.01	62.20	76.44	5.81	1.15
102.40	59.46	64.88	79.67	8.68	1.08
103.00	61.11	66.15	81.56	11.49	1.07
103.60	60.60	65.94	81.11	11.55	1.22
104.20	58.56	65.12	79.42	11.41	1.10
104.80	56.74	62.96	77.78	13.10	1.01
105.40	55.26	60.88	76.72	15.25	1.00
106.00	53.97	59.83	76.99	11.33	1.09
106.60	54.93	59.93	78.33	11.33	1.12
107.20	55.65	60.02	79.28	13.31	1.10
107.80	54.65	59.64	78.82	15.02	1.07
108.40	53.20	57.65	77.83	13.28	1.11
109.00	52.52	56.15	77.10	11.77	1.14
109.60	52.63	55.50	77.14	13.41	1.14
110.20	51.38	55.25	76.81	8.24	1.23
110.80	52.96	57.26	78.41	7.36	1.25
111.40	54.87	59.64	81.02	9.91	1.20
112.00	55.24	61.31	82.33	10.76	1.17
112.60	55.36	60.35	82.02	9.65	1.19
113.20	54.68	59.43	81.52	8.64	1.22
113.80	53.49	58.94	81.58	8.81	1.23
114.40	53.40	59.13	81.96	7.11	1.26
115.00	52.44	57.26	81.57	4.80	1.32
115.60	51.76	55.94	80.28	3.34	1.37
116.20	52.31	57.17	78.79	7.41	1.25
116.80	52.92	56.82	77.76	9.02	1.20
117.40	52.58	55.59	76.40	8.81	1.20
118.00	51.49	54.51	73.72	8.42	1.21
118.60	52.03	55.94	73.25	4.92	1.22
119.20	52.65	56.86	72.55	6.06	1.16
119.80	53.58	57.96	72.04	9.05	1.08
120.40	55.12	59.90	72.98	7.28	1.09
121.00	55.56	60.61	73.11	7.03	1.09
121.60	55.96	60.98	72.79	7.38	1.07
122.20	56.38	61.24	72.41	7.61	1.05
122.80	56.46	61.22	72.18	4.30	1.10
123.40	57.80	64.08	73.60	5.34	1.07
124.00	59.20	66.78	75.17	7.36	1.02
124.60	60.10	67.73	75.66	6.87	1.02
125.20	59.23	66.18	74.89	6.95	1.02
125.80	59.09	65.56	74.70	8.75	1.00
126.40	59.89	66.25	75.98	13.27	0.94
127.00	60.93	67.79	78.28	12.69	0.96
127.60	61.55	68.65	80.83	13.74	0.98
128.20	61.61	68.30	82.98	16.12	0.97
128.80	60.99	66.23	83.67	16.97	0.93
129.40	60.39	65.06	84.69	14.19	1.04
130.00	59.13	63.38	85.46	12.52	1.14
130.60	56.97	60.58	85.60	15.23	1.13
131.20	53.74	57.69	84.25	16.07	1.16
131.80	50.75	55.13	82.07	15.55	1.20
132.40	48.72	53.02	79.31	16.50	1.17
133.00	47.69	52.03	76.77	12.91	1.22
133.60	47.48	52.04	74.55	3.11	1.38
134.20	48.80	52.62	73.05	3.50	1.32
134.80	49.70	53.62	71.89	6.42	1.22
135.40	49.80	55.01	70.85	7.51	1.16
136.00	50.43	55.56	69.66	9.74	1.08
136.60	50.96	55.81	68.76	9.88	1.05
137.20	50.99	55.86	68.26	5.08	1.12
137.80	52.65	58.55	69.84	4.77	1.11
138.40	54.27	60.31	71.68	6.61	1.07
139.00	55.17	60.17	72.58	8.57	1.05
139.60	54.55	59.85	72.65	10.93	1.02
140.20	54.91	60.53	73.32	11.68	1.01
140.80	55.54	61.03	74.66	10.70	1.04
141.40	55.78	60.53	74.73	9.62	1.08
142.00	58.17	62.66	77.98	8.94	1.11
142.60	59.96	64.08	81.41	9.35	1.13
143.20	60.14	63.62	82.86	11.35	1.14
143.80	59.81	63.06	84.35	11.84	1.05
144.40	57.79	61.05	84.53	11.83	1.03
145.00	54.34	57.91	82.31	12.07	1.18
145.60	53.61	57.46	81.58	10.46	1.23
146.20	53.25	57.29	80.99	8.72	1.25
146.80	52.08	56.27	79.52	7.69	1.27
147.40	49.95	54.46	77.24	8.77	1.24
148.00	47.73	52.64	74.30	11.93	1.17
148.60	49.35	53.71	74.11	9.91	1.20
149.20	50.37	54.75	74.31	8.68	1.21
149.80	50.19	55.29	73.12	13.55	1.07
150.40	50.92	55.91	72.96	13.87	1.05
151.00	54.04	58.73	74.81	12.02	1.08
151.60	58.66	63.06	79.63	8.07	1.14
152.20	60.04	63.79	81.56	13.55	1.07
152.80	59.37	62.35	81.76	14.63	1.07
153.40	58.19	60.61	81.23	11.84	1.14
154.00	57.39	59.80	81.57	11.41	1.16
154.60	56.07	58.28	81.36	8.73	1.24
155.20	55.95	57.92	81.64	6.74	1.29
155.80	57.33	59.03	83.21	7.99	1.29
156.40	58.92	60.48	85.05	7.92	1.15
157.00	60.07	60.71	87.51	8.65	1.13
157.60	59.81	59.26	90.38	10.76	1.29
158.20	55.81	54.86	85.40	13.56	1.29
158.80	53.36	53.05	82.41	14.83	1.27
159.40	51.79	52.51	81.92	14.46	1.27
160.00	50.15	51.72	80.06	14.42	1.26
160.60	48.56	51.47	77.93	9.85	1.32
161.20	47.76	51.70	76.08	6.01	1.35
161.80	48.26	52.39	74.86	7.53	1.29
162.40	48.13	52.38	73.41	8.47	1.24
163.00	48.91	53.12	72.84	8.62	1.22
163.60	50.75	54.73	73.98	7.78	1.21
164.20	51.96	55.43	74.26	9.71	1.16
164.80	53.61	56.94	74.63	8.80	1.15
165.40	54.80	58.16	75.28	6.13	1.19
166.00	54.73	58.18	76.24	6.56	1.19
166.60	54.40	57.65	75.99	6.84	1.19
167.20	54.33	57.41	75.51	8.63	1.16
167.80	54.56	57.58	75.47	13.17	1.07
168.40	54.39	57.82	74.89	7.80	1.15
169.00	56.33	60.15	76.88	6.25	1.18
169.60	57.52	61.81	78.34	8.09	1.14
170.20	56.42	61.13	76.73	11.11	1.07
170.80	56.93	62.05	77.32	10.67	1.07
171.40	57.99	63.04	78.53	7.94	1.12
172.00	58.54	63.70	79.36	4.76	1.16
172.60	58.01	63.97	79.61	5.87	1.15
173.20	56.63	63.42	78.71	6.95	1.12
173.80	55.58	62.64	77.51	7.72	1.10
174.40	55.74	61.91	76.77	8.72	1.09
175.00	55.33	61.28	75.57	7.89	1.10
175.60	55.96	62.00	75.28	7.40	1.09
176.20	58.61	64.69	77.02	8.98	1.05
176.80	58.62	65.12	76.89	9.36	1.03
177.40	57.80	64.89	76.38	9.48	1.02
178.00	57.25	64.69	76.48	10.17	1.01
178.60	58.69	64.96	77.57	10.20	1.03
>>>>>>> 4966aae922150d281e7f47d431009d8054258bc0
179.20	62.13	65.70	79.66	9.56	1.06