Time	ABP	LCBFV	RCBFV
-78.0	0.06741172682284972	0.21070283686959224	0.27115705652286826
-77.6	0.15612652045881448	0.24601345664382102	0.3152336897065493
-77.2	0.2975677181095899	0.32178681788537133	0.3978692721553476
-76.8	0.4541929961230602	0.4709874400170886	0.504946208237206
-76.4	0.6022759326594176	0.6503281058702477	0.5977736769341595
-76.0	0.728842978426972	0.7603455686958487	0.6708320916275472
-75.6	0.8286774149961178	0.7898207761342446	0.6958040058644639
-75.2	0.9016965055123313	0.774699705200601	0.6787874270929342
-74.8	0.9508399671791976	0.744887046613492	0.6607922750255733
-74.4	0.9804938551142541	0.7166847106600476	0.6539282112463534
-74.0	0.9954043304929681	0.6940007075894914	0.6459582396263777
-73.6	1.0	0.6761251437210793	0.6324915137889002
-73.2	0.9980295716085953	0.6620154675655363	0.6176299624190764
-72.8	0.9924249549652986	0.6508975546837004	0.6048168872455504
-72.4	0.9853119355764359	0.6422081876043526	0.5938529438428177
-72.0	0.9781062734164401	0.635509255034989	0.5841395134881822
-71.6	0.9716492296567552	0.6304273557755424	0.5760354746921696
-71.2	0.9663511315561246	0.626636303026725	0.5697331465260813
-70.8	0.9623236563673749	0.6238528103838648	0.5649201934509849
-70.4	0.9594907526201965	0.6218360125028877	0.5612149045551962
-70.0	0.9576746622991714	0.6203865064322813	0.5583866140423881
-69.6	0.9566577430203744	0.6193456326120694	0.5562511990878312
-69.2	0.9562231973496089	0.6185902021996106	0.5546125352200297
-68.8	0.9561788834733969	0.6180289020644651	0.5533081611230446
-68.4	0.9563685425469809	0.6175965427801775	0.5522344528223844
-68.0	0.9566743894794315	0.6172490256170855	0.5513232058376647
-67.6	0.9570143460368283	0.6169566318660706	0.5505255354125556
-67.2	0.9573364377578013	0.616701865835473	0.5498107056224208
-66.8	0.9576121506577112	0.6164737028428777	0.5491611530817546
-66.4	0.9578299177351507	0.6162666305470768	0.5485695597132607
-66.0	0.957989407519589	0.6160782522779802	0.5480300710551052
-65.6	0.958096919831518	0.6159066506995154	0.5475415162149195
-65.2	0.9581619444793907	0.6157525448127101	0.5471012606848777
-64.8	0.9581947860024498	0.6156140172814912	0.5467087190187967
-64.4	0.9582050787931264	0.6154910681058596	0.5463609639857578
-64.0	0.9582009902739096	0.6153834576188055	0.5460550683548453
-63.6	0.958188916704134	0.6152892684842572	0.5457881048951392
-63.2	0.9581735020197326	0.6152073023671694	0.5455559754833552
-62.8	0.9581578441679759	0.6151368402665152	0.5453554601654838
-62.4	0.958143788492917	0.6150759648462216	0.5451821680951481
-62.0	0.9581322395178903	0.6150234777712442	0.5450331720414314
-61.6	0.9581234487809865	0.614978180706538	0.5449046666041379
-61.2	0.9581172565393483	0.6149391149840664	0.5447943099985362
-60.8	0.9581132794628786	0.6149053219357934	0.5446988822706147
-60.4	0.9581110457117459	0.6148763222277007	0.5446166270818229
-60.0	0.9581100840793987	0.6148506778577345	0.54454549537052
-59.6	0.9581099762417915	0.6148283888258947	0.544483730798154
-59.2	0.9581103815302958	0.6148087361311547	0.5444301624723575
-58.8	0.9581110428175537	0.6147919594405225	0.5443836195007643
-58.4	0.9581117806622393	0.6147763810849356	0.5443429309910064
-58.0	0.9581124812152524	0.6147631993994391	0.5443072187738092
-57.6	0.9581130818120823	0.6147512160489876	0.5442767755722628
-57.2	0.9581135568127304	0.6147409103675994	0.5442495523247275
-56.8	0.9581139051649005	0.6147313236872383	0.5442261344773849
-56.4	0.9581141403645693	0.6147231750089315	0.5442056438609599
-56.0	0.9581142829423992	0.6147159849986603	0.5441877877523607
-55.6	0.9581143552699152	0.6147097536564257	0.5441722734284968
-55.2	0.9581143783060494	0.6147037619811999	0.5441591008893667
-54.8	0.9581143698449829	0.6146987289740102	0.5441473919656952
-54.4	0.9581143438404887	0.6146944149678477	0.5441368539343912
-54.0	0.9581143104373315	0.6146903406286945	0.5441280722416377
-53.6	0.9581142764141715	0.6146867456235587	0.5441201687181589
-53.2	0.9581142458186219	0.6146836299524416	0.5441137288101401
-52.8	0.9581142206443499	0.6146809936153423	0.5441075816252128
-52.4	0.9581142014573277	0.614678596945252	0.5441026053326525
-52.0	0.9581141879225274	0.6146764399421705	0.5440985072093683
-51.6	0.958114179213424	0.6146742829390894	0.5440944090860826
-51.2	0.958114174307155	0.6146726052700262	0.544091189132073
-50.8	0.958114172179592	0.6146711672679719	0.5440882619011553
-50.4	0.9581141719200008	0.6146699689329269	0.5440859201164208
-50.0	0.9581141727856862	0.6146687705978819	0.5440835783316866
-49.6	0.958114174215348	0.6146678119298459	0.544081821993136
-49.2	0.958114175816698	0.6146668532618094	0.544080358377677
-48.8	0.9581141773403621	0.6146661342607826	0.5440788947622179
-48.4	0.9581141786486354	0.6146654152597555	0.544078016592942
-48.0	0.9581141796846981	0.6146646962587283	0.5440768457005758
-47.6	0.9581141804455386	0.6146642169247101	0.5440756748082083
-47.2	0.9581141809600576	0.6146639772577012	0.5440750893620256
-46.8	0.9581141812726701	0.6146634979236834	0.5440742111927497
-46.4	0.9581141814319384	0.6146630185896651	0.5440736257465661
-46.0	0.9581141814834578	0.6146625392556468	0.5440730403003831
-45.6	0.9581141814660036	0.6146625392556468	0.5440727475772906
-45.2	0.9581141814100037	0.614662059921629	0.5440724548541986
-44.8	0.9581141813376217	0.614662059921629	0.5440718694080151
-44.4	0.9581141812637005	0.6146618202546201	0.5440715766849236
-44.0	0.9581141811970996	0.6146613409206019	0.5440715766849236
-43.6	0.9581141811422268	0.614661101253593	0.5440712839618316
-43.2	0.9581141811003462	0.614661101253593	0.54407099123874
-42.8	0.9581141810707701	0.6146608615865836	0.54407099123874
-42.4	0.9581141810516962	0.6146606219195747	0.5440704057925569
-42.0	0.9581141810409202	0.6146606219195747	0.5440704057925569
-41.6	0.9581141810362146	0.6146606219195747	0.5440704057925569
-41.2	0.9581141810355953	0.6146606219195747	0.5440704057925569
-40.8	0.9581141810374432	0.6146606219195747	0.5440704057925569
-40.4	0.9581141810405337	0.6146603822525658	0.5440704057925569
-40.0	0.9581141810440088	0.6146603822525658	0.5440704057925569
-39.6	0.9581141810473229	0.6146603822525658	0.5440704057925569
-39.2	0.9581141810501724	0.6146603822525658	0.5440704057925569
-38.8	0.958114181052432	0.6146603822525658	0.5440701130694645
-38.4	0.958114181054094	0.6146603822525658	0.5440701130694645
-38.0	0.9581141810552191	0.6146601425855569	0.5440701130694645
-37.6	0.958114181055909	0.6146601425855569	0.5440704057925569
-37.2	0.958114181056257	0.6146601425855569	0.5440701130694645
-36.8	0.9581141810563671	0.6146601425855569	0.5440701130694645
-36.4	0.9581141810563303	0.6146601425855569	0.5440701130694645
-36.0	0.9581141810562113	0.6146601425855569	0.5440701130694645
-35.6	0.9581141810560556	0.6146601425855569	0.5440701130694645
-35.2	0.9581141810558998	0.6146601425855569	0.5440701130694645
-34.8	0.9581141810557531	0.6146601425855569	0.5440701130694645
-34.4	0.9581141810556342	0.6146601425855569	0.5440701130694645
-34.0	0.9581141810555424	0.6146601425855569	0.5440701130694645
-33.6	0.9581141810554785	0.6146599029185476	0.5440701130694645
-33.2	0.9581141810554344	0.6146601425855569	0.5440701130694645
-32.8	0.9581141810554105	0.6146601425855569	0.544069820346373
-32.4	0.9581141810554005	0.6146599029185476	0.5440701130694645
-32.0	0.9581141810553986	0.6146599029185476	0.5440701130694645
-31.6	0.9581141810554022	0.6146599029185476	0.5440701130694645
-31.2	0.9581141810554096	0.6146601425855569	0.5440701130694645
-30.8	0.9581141810554169	0.6146599029185476	0.5440701130694645
-30.4	0.9581141810554241	0.6146601425855569	0.5440701130694645
-30.0	0.9581141810554298	0.6146599029185476	0.544069820346373
-29.6	0.9581141810554351	0.6146599029185476	0.5440701130694645
-29.2	0.9581141810554389	0.6146601425855569	0.544069820346373
-28.8	0.9581141810554417	0.6146601425855569	0.544069820346373
-28.4	0.9581141810554417	0.6146601425855569	0.5440701130694645
-28.0	0.9581141810554417	0.6146601425855569	0.5440701130694645
-27.6	0.9581141810554417	0.6146601425855569	0.5440701130694645
-27.2	0.9581141810554417	0.6146601425855569	0.544069820346373
-26.8	0.9581141810554417	0.6146599029185476	0.5440701130694645
-26.4	0.9581141810554417	0.6146599029185476	0.544069820346373
-26.0	0.9581141810554417	0.6146601425855569	0.5440701130694645
-25.6	0.9581141810554417	0.6146599029185476	0.544069820346373
-25.2	0.9581141810554417	0.6146599029185476	0.544069820346373
-24.8	0.9581141810554417	0.6146601425855569	0.5440701130694645
-24.4	0.9581141810554417	0.6146601425855569	0.5440701130694645
-24.0	0.9581141810554417	0.6146599029185476	0.544069820346373
-23.6	0.9581141810554417	0.6146601425855569	0.5440701130694645
-23.2	0.9581141810554417	0.6146599029185476	0.544069820346373
-22.8	0.9581141810554417	0.6146599029185476	0.5440701130694645
-22.4	0.9581141810554417	0.6146599029185476	0.544069820346373
-22.0	0.9581141810554417	0.6146601425855569	0.5440701130694645
-21.6	0.9581141810554417	0.6146601425855569	0.5440701130694645
-21.2	0.9581141810554417	0.6146601425855569	0.5440701130694645
-20.8	0.9581141810554417	0.6146601425855569	0.544069820346373
-20.4	0.9581141810554417	0.6146601425855569	0.5440701130694645
-20.0	0.9581141810554417	0.6146601425855569	0.5440701130694645
-19.6	0.9581141810554417	0.6146601425855569	0.544069820346373
-19.2	0.9581141810554417	0.6146601425855569	0.544069820346373
-18.8	0.9581141810554417	0.6146599029185476	0.544069820346373
-18.4	0.9581141810554417	0.6146599029185476	0.5440701130694645
-18.0	0.9581141810554417	0.6146601425855569	0.5440701130694645
-17.6	0.9581141810554417	0.6146601425855569	0.544069820346373
-17.2	0.9581141810554417	0.6146601425855569	0.5440701130694645
-16.8	0.9581141810554417	0.6146601425855569	0.5440701130694645
-16.4	0.9581141810554417	0.6146599029185476	0.544069820346373
-16.0	0.9581141810554417	0.6146599029185476	0.544069820346373
-15.6	0.9581141810554417	0.6146599029185476	0.544069820346373
-15.2	0.9581141810554417	0.6146601425855569	0.5440701130694645
-14.8	0.9581141810554417	0.6146599029185476	0.5440701130694645
-14.4	0.9581141810554417	0.6146599029185476	0.544069820346373
-14.0	0.9581141810554417	0.6146599029185476	0.5440701130694645
-13.6	0.9581141810554417	0.6146601425855569	0.5440701130694645
-13.2	0.9581141810554417	0.6146601425855569	0.544069820346373
-12.8	0.9581141810554417	0.6146599029185476	0.544069820346373
-12.4	0.9581141810554417	0.6146601425855569	0.544069820346373
-12.0	0.9581141810554417	0.6146601425855569	0.5440701130694645
-11.6	0.9581141810554417	0.6146599029185476	0.5440701130694645
-11.2	0.9581141810554417	0.6146599029185476	0.544069820346373
-10.8	0.9581141810554417	0.6146599029185476	0.5440701130694645
-10.4	0.9581141810554417	0.6146601425855569	0.5440701130694645
-10.0	0.9581141810554417	0.6146601425855569	0.544069820346373
-9.6	0.9581141810554417	0.6146601425855569	0.544069820346373
-9.2	0.9581141810554417	0.6146601425855569	0.5440701130694645
-8.8	0.9581141810554417	0.6146599029185476	0.5440701130694645
-8.4	0.9581141810554417	0.6146599029185476	0.5440701130694645
-8.0	0.9581141810554417	0.6146599029185476	0.544069820346373
-7.6	0.9581141810554417	0.6146601425855569	0.5440701130694645
-7.2	0.9581141810554417	0.6146601425855569	0.544069820346373
-6.8	0.9581141810554417	0.6146599029185476	0.5440701130694645
-6.4	0.9581141810554417	0.6146599029185476	0.544069820346373
-6.0	0.9581141810554417	0.6146599029185476	0.544069820346373
-5.6	0.9581141810554417	0.6146601425855569	0.5440701130694645
-5.2	0.9581141810554417	0.6146601425855569	0.5440701130694645
-4.8	0.9581141810554417	0.6146601425855569	0.544069820346373
-4.4	0.9581141810554417	0.6146601425855569	0.5440701130694645
-4.0	0.9581141810554417	0.6146599029185476	0.5440701130694645
-3.6	0.9581141810554417	0.6146599029185476	0.544069820346373
-3.2	0.9581141810554417	0.6146599029185476	0.544069820346373
-2.8	0.9581141810554417	0.6146601425855569	0.544069820346373
-2.4	0.9581141810554417	0.6146601425855569	0.5440701130694645
-2.0	0.9581141810554417	0.6146599029185476	0.5440701130694645
-1.6	0.9581141810554417	0.6146599029185476	0.544069820346373
-1.2	0.9581141810554417	0.6146599029185476	0.5440701130694645
-0.8	0.9581141810554417	0.6146601425855569	0.5440701130694645
-0.4	0.9581141810554417	0.6146601425855569	0.544069820346373
0.0	0.9581141810554417	0.6146601425855569	0.544069820346373
0.4	0.9581141810554417	0.6146601425855569	0.544069820346373
0.8	0.9581141810554417	0.6146599029185476	0.5440701130694645
1.2	0.9581141810554417	0.6146599029185476	0.5440701130694645
1.6	0.9325882731771457	0.6041576945829061	0.5253920380289743
2.0	0.843873479541181	0.5664590327307142	0.46517977621848416
2.4	0.7024322818904056	0.5048221903497181	0.37560841283297863
2.8	0.5458070038769351	0.439294114410131	0.2832880868925396
3.2	0.39772406734057786	0.3834869323567509	0.20735103331455784
3.6	0.2711570215730236	0.3431804537793166	0.16212151023388977
4.0	0.17132258500387848	0.32096979305159223	0.14891296616336502
4.4	0.0983034944876641	0.31613307314238215	0.1598974001825222
4.8	0.04916003282079817	0.3254410207720331	0.18507846506851822
5.2	0.01950614488574446	0.34510090552266437	0.21691166221528313
5.6	0.004595669507025765	0.37137583938949925	0.2505405691685909
6.0	0.0	0.4007307339893629	0.2829966810546698
6.4	0.001970428391404537	0.4300985706077145	0.3125437108546092
6.8	0.007575045034696991	0.45713828190036	0.3380352085794409
7.2	0.014688064423555941	0.4803612960742223	0.35885572392869136
7.6	0.02189372658355987	0.4991049338493365	0.37499720701733574
8.0	0.028350770343242414	0.513370633227757	0.3869504081087496
8.4	0.03364886844387128	0.5235929104968529	0.3954522575864954
8.8	0.03767634363262206	0.5304250979232363	0.40127159265114143
9.2	0.04050924737979743	0.5345742131835429	0.405103337922581
9.6	0.04232533770082475	0.5367050925608177	0.4075209379376177
10.0	0.04334225697962158	0.537388622870568	0.40896933179575923
10.4	0.0437768026503866	0.5370878407742365	0.40977256395961215
10.8	0.04382111652659886	0.5361617674513495	0.4101607147793156
11.2	0.0436314574530143	0.5348752349468828	0.4102895129397006
11.6	0.04332561052056362	0.5334173405309608	0.41026082607670666
12.0	0.042985653963167406	0.5319148680513592	0.41014022416289153
12.4	0.042663562242194204	0.5304493042911482	0.40996459030782173
12.8	0.0423878493422843	0.5290678636511066	0.40975617146647236
13.2	0.0421700822648452	0.5277928351630732	0.4095255056701479
13.6	0.04201059248040673	0.526632846839374	0.4092778619344988
14.0	0.04190308016847743	0.5255852623429091	0.4090149965980783
14.4	0.04183805552060373	0.5246426519963987	0.40873895872252586
14.8	0.04180521399754266	0.5237956687864913	0.40845033375402817
15.2	0.04179492120687013	0.5230332880307706	0.4081514634773171
15.6	0.04179900972608181	0.522346162715885	0.4078443969540366
16.0	0.041811083295859995	0.5217256648295097	0.4075320614151048
16.4	0.041826497980267635	0.521163885360346	0.40721679864525395
16.8	0.04184215583202051	0.5206543532991508	0.406901828598496
17.2	0.0418562115070811	0.5201922753057433	0.4065894930595637
17.6	0.04186776048210639	0.5197721390389161	0.4062818410900997
18.0	0.04187655121900773	0.519390828827551	0.4059803363055625
18.4	0.04188274346064996	0.5190447496665134	0.40568644232141304
18.8	0.04188672053711745	0.518730546217677	0.40540045186074103
19.2	0.041888954288249444	0.5184463011449685	0.40512382853900597
19.6	0.04188991592059674	0.5181884194432538	0.4048556941869328
20.0	0.04189002375820357	0.5179552234434688	0.40459663425070413
20.4	0.04188961846969933	0.5177445561425325	0.40434635600723023
20.8	0.041888957182442156	0.5175542605373633	0.4041045667334182
21.2	0.041888219337756126	0.5173821796248808	0.40387097370617475
21.6	0.04188751878474316	0.51722687540303	0.4036455769255025
22.0	0.041886918187912965	0.5170869098697572	0.40342837639139884
22.4	0.041886443187265275	0.5169606053559992	0.40321820121149843
22.8	0.04188609483509504	0.5168465238597015	0.40301592955507637
23.2	0.04188585963542684	0.51674322737881	0.4028209759759491
23.6	0.04188571705760046	0.516650476246316	0.40263334047411625
24.0	0.0418856447300795	0.5165663531261466	0.4024527303264862
24.4	0.04188562169394452	0.5164903786842849	0.4022800237023345
24.8	0.041885630155010865	0.5164218339197024	0.4021137569862012
25.2	0.04188565615950581	0.5163597601643639	0.40195480834736363
25.6	0.041885689562664655	0.5163036780842511	0.40180288506272754
26.0	0.041885723585826894	0.5162531083453463	0.40165798713229517
26.4	0.04188575418137185	0.5162073319466218	0.4015201145560652
26.8	0.04188577935564246	0.5161656298870505	0.40138926733403846
27.2	0.04188579854266422	0.5161280021666332	0.4012645672969386
27.6	0.04188581207746908	0.5160939694513513	0.401147185337134
28.0	0.04188582078657159	0.5160632920741954	0.40103595056225627
28.4	0.04188582569284101	0.5160352510341393	0.4009308629723063
28.8	0.04188582782040343	0.5160100859981909	0.40083221529037516
29.2	0.04188582807999494	0.5159873176323333	0.4007391293471887
29.6	0.04188582721430925	0.5159667062695568	0.4006518978658371
30.0	0.04188582578464762	0.5159477725758435	0.4005702281232293
30.4	0.041885824183297664	0.5159307562182027	0.40049353467318305
30.8	0.04188582265963342	0.5159154175296248	0.40042240296187925
31.2	0.04188582135136015	0.5159012771760918	0.4003556620969526
31.6	0.0418858203152968	0.5158888144916225	0.40029301935531114
32.0	0.041885819554456694	0.5158770708081799	0.4002353529062299
32.4	0.04188581903993779	0.5158667651267916	0.4001811991342499
32.8	0.0418858187273271	0.5158571784464305	0.400131143485555
33.2	0.04188581856805733	0.5158485504341055	0.4000848932370533
33.6	0.04188581851653521	0.5158408810898165	0.40004157021946884
34.0	0.04188581853399386	0.5158336910795458	0.4000014671558949
34.4	0.0418858185899931	0.5158272200703022	0.39996458404632973
34.8	0.04188581866237206	0.5158212283950765	0.399930335444592
35.2	0.041885818736298756	0.5158159557208779	0.39989872135067994
35.6	0.04188581880289552	0.5158111623806971	0.3998694490415011
36.0	0.04188581885776873	0.5158068483745346	0.3998425185170573
36.4	0.04188581889964613	0.515802774035381	0.3998176370542552
36.8	0.04188581892922926	0.5157994186972545	0.3997945119300046
37.2	0.04188581894829994	0.5157958236921192	0.3997734358673961
37.6	0.041885818959075415	0.515792947688011	0.39975382342024623
38.0	0.04188581896378148	0.5157900716839028	0.39973596731164784
38.4	0.04188581896440085	0.5157876750138124	0.3997192820954161
38.8	0.04188581896255263	0.515785278343722	0.39970406049464424
39.2	0.041885818959462105	0.5157833610076499	0.39969030250932924
39.6	0.041885818955986844	0.5157812040045684	0.39967712997019955
40.0	0.041885818952673064	0.5157797660025145	0.399665421046528
40.4	0.041885818949823336	0.5157780883334513	0.3996542975690405
40.8	0.04188581894756354	0.515776650331397	0.39964434498392
41.2	0.04188581894590182	0.515775451996352	0.3996349778449826
41.6	0.041885818944776304	0.5157742536613066	0.39962648887532115
42.0	0.04188581894409092	0.5157732949932705	0.3996188780749348
42.4	0.04188581894374024	0.5157720966582255	0.39961185272073196
42.8	0.04188581894362508	0.5157711379901895	0.39960541281271267
43.2	0.04188581894366099	0.5157704189891623	0.3995989729046938
43.6	0.04188581894378156	0.5157694603211262	0.39959370388904114
44.0	0.04188581894393838	0.515768980987108	0.3995887275964809
44.4	0.041885818944099	0.5157682619860808	0.39958404402701264
44.8	0.04188581894424396	0.515767782652063	0.3995799459037275
45.2	0.041885818944363565	0.5157670636510359	0.39957584778044186
45.6	0.041885818944454964	0.5157665843170176	0.39957204238024957
46.0	0.04188581894451962	0.5157661049829998	0.39956911514933147
46.4	0.04188581894456138	0.5157658653159909	0.3995658951953218
46.8	0.04188581894458505	0.5157653859819726	0.3995632606874957
47.2	0.04188581894459545	0.5157651463149637	0.39956062617967003
47.6	0.04188581894459692	0.5157649066479544	0.39955828439493546
48.0	0.04188581894459297	0.5157646669809455	0.3995562353332933
48.4	0.041885818944586296	0.5157644273139366	0.3995541862716512
48.8	0.041885818944578754	0.5157641876469277	0.39955242993309925
49.2	0.041885818944571544	0.5157639479799183	0.3995506735945491
49.6	0.04188581894456534	0.5157637083129094	0.3995489172559985
50.0	0.04188581894456041	0.5157634686459005	0.399547746363631
50.4	0.04188581894455678	0.5157632289788916	0.3995465754712644
50.8	0.041885818944554315	0.5157632289788916	0.3995454045788973
51.2	0.041885818944552816	0.5157629893118822	0.3995442336865298
51.6	0.041885818944552046	0.5157629893118822	0.39954335551725473
52.0	0.04188581894455179	0.5157627496448733	0.3995424773479792
52.4	0.04188581894455186	0.5157627496448733	0.3995418919017957
52.8	0.04188581894455212	0.5157627496448733	0.3995410137325206
53.2	0.04188581894455246	0.5157625099778644	0.3995404282863362
53.6	0.04188581894455281	0.5157625099778644	0.39953955011706155
54.0	0.04188581894455312	0.5157625099778644	0.399538964670878
54.4	0.041885818944553385	0.5157622703108551	0.39953867194778603
54.8	0.041885818944553586	0.5157622703108551	0.39953808650160294
55.2	0.041885818944553725	0.5157622703108551	0.39953750105541896
55.6	0.041885818944553815	0.5157622703108551	0.3995372083323274
56.0	0.04188581894455387	0.5157622703108551	0.39953691560923543
56.4	0.04188581894455389	0.5157620306438462	0.3995363301630519
56.8	0.04188581894455389	0.5157620306438462	0.3995360374399599
57.2	0.041885818944553885	0.5157620306438462	0.3995360374399599
57.6	0.04188581894455387	0.5157620306438462	0.3995357447168679
58.0	0.04188581894455386	0.5157620306438462	0.39953545199377727
58.4	0.04188581894455384	0.5157620306438462	0.39953515927068484
58.8	0.04188581894455383	0.5157620306438462	0.39953486654759285
59.2	0.041885818944553815	0.5157620306438462	0.39953486654759285
59.6	0.04188581894455381	0.5157617909768373	0.39953486654759285
60.0	0.0418858189445538	0.5157620306438462	0.3995345738245013
60.4	0.0418858189445538	0.5157620306438462	0.3995345738245013
60.8	0.041885818944553795	0.5157617909768373	0.3995342811014093
61.2	0.041885818944553795	0.5157617909768373	0.3995342811014093
61.6	0.041885818944553795	0.5157617909768373	0.3995339883783178
62.0	0.041885818944553795	0.5157617909768373	0.3995339883783178
62.4	0.0418858189445538	0.5157617909768373	0.39953369565522534
62.8	0.0418858189445538	0.5157617909768373	0.39953369565522534
63.2	0.0418858189445538	0.5157617909768373	0.39953369565522534
63.6	0.0418858189445538	0.5157617909768373	0.39953369565522534
64.0	0.0418858189445538	0.5157617909768373	0.39953369565522534
64.4	0.0418858189445538	0.5157617909768373	0.39953369565522534
64.8	0.0418858189445538	0.5157617909768373	0.39953369565522534
65.2	0.0418858189445538	0.5157617909768373	0.3995334029321347
65.6	0.0418858189445538	0.5157617909768373	0.3995334029321347
66.0	0.0418858189445538	0.5157617909768373	0.39953311020904225
66.4	0.0418858189445538	0.5157617909768373	0.3995334029321347
66.8	0.0418858189445538	0.5157617909768373	0.39953311020904225
67.2	0.0418858189445538	0.5157617909768373	0.39953311020904225
67.6	0.0418858189445538	0.5157617909768373	0.39953311020904225
68.0	0.0418858189445538	0.5157617909768373	0.39953311020904225
68.4	0.0418858189445538	0.5157617909768373	0.39953311020904225
68.8	0.0418858189445538	0.5157617909768373	0.39953311020904225
69.2	0.0418858189445538	0.5157617909768373	0.39953311020904225
69.6	0.0418858189445538	0.5157617909768373	0.39953311020904225
70.0	0.0418858189445538	0.5157617909768373	0.39953311020904225
70.4	0.0418858189445538	0.5157617909768373	0.39953311020904225
70.8	0.0418858189445538	0.5157617909768373	0.39953311020904225
71.2	0.0418858189445538	0.5157617909768373	0.39953311020904225
71.6	0.0418858189445538	0.5157617909768373	0.39953311020904225
72.0	0.0418858189445538	0.5157615513098284	0.39953311020904225
72.4	0.0418858189445538	0.5157617909768373	0.39953311020904225
72.8	0.0418858189445538	0.5157615513098284	0.39953311020904225
73.2	0.0418858189445538	0.5157617909768373	0.39953311020904225
73.6	0.0418858189445538	0.5157617909768373	0.39953311020904225
74.0	0.0418858189445538	0.5157617909768373	0.39953311020904225
74.4	0.0418858189445538	0.5157615513098284	0.39953311020904225
74.8	0.0418858189445538	0.5157615513098284	0.39953311020904225
75.2	0.0418858189445538	0.5157615513098284	0.39953311020904225
75.6	0.0418858189445538	0.5157617909768373	0.39953311020904225
76.0	0.0418858189445538	0.5157615513098284	0.39953311020904225
76.4	0.0418858189445538	0.5157615513098284	0.39953311020904225
76.8	0.0418858189445538	0.5157615513098284	0.39953311020904225
77.2	0.0418858189445538	0.5157615513098284	0.39953311020904225
77.6	0.0418858189445538	0.5157615513098284	0.39953311020904225
78.0	0.0418858189445538	0.5157615513098284	0.39953311020904225
78.4	0.0418858189445538	0.5157615513098284	0.39953311020904225
78.8	0.0418858189445538	0.5157615513098284	0.39953311020904225
79.2	0.0418858189445538	0.5157615513098284	0.39953311020904225
79.6	0.0418858189445538	0.5157615513098284	0.39953311020904225
80.0	0.0418858189445538	0.5157615513098284	0.39953311020904225
80.4	0.0418858189445538	0.5157615513098284	0.39953311020904225
80.8	0.0418858189445538	0.5157615513098284	0.39953311020904225
