Time	ABP	LCBFV	RCBFV
-78.0	0.06741172682284972	0.13294086171353436	0.11631024112536004
-77.6	0.15612652045881448	0.15383134322162872	0.1432731225637187
-77.2	0.2975677181095899	0.19053199145198274	0.1896388038921939
-76.8	0.4541929961230602	0.2746409677366186	0.2774839429799276
-76.4	0.6022759326594176	0.4581359202482034	0.4138055880860616
-76.0	0.728842978426972	0.6959718194654094	0.54909311928684
-75.6	0.8286774149961178	0.8331345166348241	0.6280408548766796
-75.2	0.9016965055123313	0.8707404915894634	0.6478870709891713
-74.8	0.9508399671791976	0.8645526072588114	0.6276082843541779
-74.4	0.9804938551142541	0.8389324204447379	0.5847555094964108
-74.0	0.9954043304929681	0.8038814188273475	0.5338843043826929
-73.6	1.0	0.765065924053606	0.485977433383749
-73.2	0.9980295716085953	0.7261281718371255	0.4470957565203433
-72.8	0.9924249549652986	0.6895344470651668	0.41877323299636027
-72.4	0.9853119355764359	0.6569418561268621	0.3997648079031024
-72.0	0.9781062734164401	0.629298412243454	0.38779524202792093
-71.6	0.9716492296567552	0.606878676621093	0.38065704248636356
-71.2	0.9663511315561246	0.5894201065818976	0.37665419331266214
-70.8	0.9623236563673749	0.5763174241763047	0.3746354784796355
-70.4	0.9594907526201965	0.5668188497394695	0.3738627616596437
-70.0	0.9576746622991714	0.5601701170144913	0.37386779154943994
-69.6	0.9566577430203744	0.555697773986279	0.37434468797577347
-69.2	0.9562231973496089	0.5528431663063151	0.37508643953670573
-68.8	0.9561788834733969	0.5511624372926551	0.37595142339765264
-68.4	0.9563685425469809	0.5503138877536418	0.3768437572843686
-68.0	0.9566743894794315	0.5500416059235405	0.37770151067873314
-67.6	0.9570143460368283	0.5501582685341546	0.37848947435217095
-67.2	0.9573364377578013	0.550528977966461	0.3791906724266183
-66.8	0.9576121506577112	0.5510598653703567	0.3798025899571775
-66.4	0.9578299177351507	0.5516856577043789	0.38032962809742
-66.0	0.957989407519589	0.5523622179595389	0.3807826325472208
-65.6	0.958096919831518	0.5530597070311676	0.38117276337456385
-65.2	0.9581619444793907	0.5537586466148285	0.3815113378314927
-64.8	0.9581947860024498	0.5544449460222065	0.3818093588019371
-64.4	0.9582050787931264	0.5551096949651018	0.38207484267276026
-64.0	0.9582009902739096	0.5557466769633743	0.3823147055424325
-63.6	0.958188916704134	0.5563517476969326	0.3825338201166941
-63.2	0.9581735020197326	0.55692242057372	0.38273643036506044
-62.8	0.9581578441679759	0.5574562090016806	0.38292457968026206
-62.4	0.958143788492917	0.5579529057648096	0.38309968271880335
-62.0	0.9581322395178903	0.5584123036471036	0.3832629969531345
-61.6	0.9581234487809865	0.5588341954325569	0.38341546548759187
-61.2	0.9581172565393483	0.5592208604972209	0.3835569311381195
-60.8	0.9581132794628786	0.5595733349211183	0.38368849419311024
-60.4	0.9581110457117459	0.5598928620002783	0.3838103118366192
-60.0	0.9581100840793987	0.5601813066787416	0.3839231699889294
-59.6	0.9581099762417915	0.5604415699805729	0.3840267542819267
-59.2	0.9581103815302958	0.5606753096338108	0.3841226365561732
-58.8	0.9581110428175537	0.5608845977985002	0.38421034525950004
-58.4	0.9581117806622393	0.561071506634689	0.38429145223246897
-58.0	0.9581124812152524	0.5612385227344308	0.38436532873885554
-57.6	0.9581130818120823	0.5613868893937557	0.384433546619221
-57.2	0.9581135568127304	0.561518885988713	0.384496105873565
-56.8	0.9581139051649005	0.5616361702473407	0.38455347805405715
-56.4	0.9581141403645693	0.5617399854656671	0.3846059775288082
-56.0	0.9581142829423992	0.5618321965877335	0.3846545474021559
-55.6	0.9581143552699152	0.5619136324775584	0.3846993448581566
-55.2	0.9581143783060494	0.5619857436471736	0.3847403698968095
-54.8	0.9581143698449829	0.5620495661766034	0.3847782512543394
-54.4	0.9581143438404887	0.5621055144978575	0.3848131461148028
-54.0	0.9581143104373315	0.5621552463389716	0.3848450544781996
-53.6	0.9581142764141715	0.5621987616999466	0.38487491944886676
-53.2	0.9581142458186219	0.5622375110928153	0.38490211229057936
-52.8	0.9581142206443499	0.5622714945175766	0.3849271045555054
-52.4	0.9581142014573277	0.5623011264062407	0.3849505249798706
-52.0	0.9581141879225274	0.5623272356228255	0.3849719020115061
-51.6	0.958114179213424	0.5623502365993405	0.3849913928344675
-51.2	0.958114174307155	0.5623705437677962	0.38500962618498
-50.8	0.958114172179592	0.5623883643441951	0.3850264448789873
-50.4	0.9581141719200008	0.5624039055445436	0.38504169173243286
-50.0	0.9581141727856862	0.5624175818008506	0.38505630984965444
-49.6	0.958114174215348	0.5624296003291192	0.3850693561263139
-49.2	0.958114175816698	0.5624403755613607	0.3850816164826929
-48.8	0.9581141773403621	0.5624492858495609	0.38509309091879107
-48.4	0.9581141786486354	0.5624571600577366	0.3851034650664964
-48.0	0.9581141796846981	0.5624644126178988	0.38511336766203375
-47.6	0.9581141804455386	0.5624706290980388	0.38512216996917736
-47.2	0.9581141809600576	0.5624758094981552	0.385130500724153
-46.8	0.9581141812726701	0.5624805754662612	0.38513788837479135
-46.4	0.9581141814319384	0.5624847197863545	0.3851449616573177
-46.0	0.9581141814834578	0.5624884496744378	0.38515140620361965
-45.6	0.9581141814660036	0.5624915579145076	0.38515737919775317
-45.2	0.9581141814100037	0.5624944589385725	0.38516319500783025
-44.8	0.9581141813376217	0.5624965310986192	0.38516838208168247
-44.4	0.9581141812637005	0.5624988104746702	0.38517294041931116
-44.0	0.9581141811970996	0.5625006754187121	0.38517749875693896
-43.6	0.9581141811422268	0.5625023331467496	0.3851814283583428
-43.2	0.9581141811003462	0.562503576442777	0.38518551514380217
-42.8	0.9581141810707701	0.5625046125228002	0.3851888160089816
-42.4	0.9581141810516962	0.5625058558188281	0.38519227405821654
-42.0	0.9581141810409202	0.5625068918988512	0.3851951033712271
-41.6	0.9581141810362146	0.5625075135468656	0.3851976183161252
-41.2	0.9581141810355953	0.5625085496268882	0.3852002904450793
-40.8	0.9581141810374432	0.5625091712749022	0.38520296257403386
-40.4	0.9581141810405337	0.5625097929229161	0.38520484878270755
-40.0	0.9581141810440088	0.5625100001389209	0.38520673499138125
-39.6	0.9581141810473229	0.5625104145709297	0.3852089355681678
-39.2	0.9581141810501724	0.5625106217869349	0.38521050740872864
-38.8	0.958114181052432	0.5625108290029397	0.38521223643334634
-38.4	0.958114181054094	0.5625114506509532	0.3852134939057956
-38.0	0.9581141810552191	0.562511657866958	0.38521506574635733
-37.6	0.958114181055909	0.562511657866958	0.38521632321880617
-37.2	0.958114181056257	0.5625118650829628	0.385217423507199
-36.8	0.9581141810563671	0.5625118650829628	0.38521868097964784
-36.4	0.9581141810563303	0.5625120722989672	0.38521993845209757
-36.0	0.9581141810562113	0.5625120722989672	0.3852208815564344
-35.6	0.9581141810560556	0.5625122795149724	0.38522182466077126
-35.2	0.9581141810558998	0.5625122795149724	0.3852224533969957
-34.8	0.9581141810557531	0.5625122795149724	0.38522323931727653
-34.4	0.9581141810556342	0.5625124867309763	0.38522386805350095
-34.0	0.9581141810555424	0.5625124867309763	0.3852243396056694
-33.6	0.9581141810554785	0.5625129011629859	0.3852248111578378
-33.2	0.9581141810554344	0.5625129011629859	0.3852252827100062
-32.8	0.9581141810554105	0.5625129011629859	0.38522575426217465
-32.4	0.9581141810554005	0.5625129011629859	0.38522638299839906
-32.0	0.9581141810553986	0.5625131083789903	0.3852268545505675
-31.6	0.9581141810554022	0.5625131083789903	0.3852270117346239
-31.2	0.9581141810554096	0.5625131083789903	0.38522748328679235
-30.8	0.9581141810554169	0.5625131083789903	0.3852279548389608
-30.4	0.9581141810554241	0.5625131083789903	0.38522826920707276
-30.0	0.9581141810554298	0.5625131083789903	0.3852284263911292
-29.6	0.9581141810554351	0.5625131083789903	0.3852287407592412
-29.2	0.9581141810554389	0.5625131083789903	0.3852288979432976
-28.8	0.9581141810554417	0.5625131083789903	0.38522936949546605
-28.4	0.9581141810554417	0.5625131083789903	0.38522968386357803
-28.0	0.9581141810554417	0.5625131083789903	0.38522984104763447
-27.6	0.9581141810554417	0.5625131083789903	0.38522984104763447
-27.2	0.9581141810554417	0.5625133155949951	0.3852301554157469
-26.8	0.9581141810554417	0.5625131083789903	0.3852301554157469
-26.4	0.9581141810554417	0.5625131083789903	0.3852303125998029
-26.0	0.9581141810554417	0.5625131083789903	0.3852306269679149
-25.6	0.9581141810554417	0.5625131083789903	0.3852307841519713
-25.2	0.9581141810554417	0.5625131083789903	0.3852310985200833
-24.8	0.9581141810554417	0.5625131083789903	0.3852310985200833
-24.4	0.9581141810554417	0.5625131083789903	0.38523125570413974
-24.0	0.9581141810554417	0.5625131083789903	0.38523157007225217
-23.6	0.9581141810554417	0.5625131083789903	0.38523157007225217
-23.2	0.9581141810554417	0.5625131083789903	0.38523125570413974
-22.8	0.9581141810554417	0.5625133155949951	0.38523157007225217
-22.4	0.9581141810554417	0.5625131083789903	0.38523172725630817
-22.0	0.9581141810554417	0.5625131083789903	0.38523172725630817
-21.6	0.9581141810554417	0.5625133155949951	0.38523204162442015
-21.2	0.9581141810554417	0.5625133155949951	0.38523172725630817
-20.8	0.9581141810554417	0.5625133155949951	0.38523204162442015
-20.4	0.9581141810554417	0.5625133155949951	0.38523204162442015
-20.0	0.9581141810554417	0.5625133155949951	0.38523204162442015
-19.6	0.9581141810554417	0.5625133155949951	0.38523204162442015
-19.2	0.9581141810554417	0.5625131083789903	0.38523204162442015
-18.8	0.9581141810554417	0.5625131083789903	0.38523204162442015
-18.4	0.9581141810554417	0.5625131083789903	0.38523204162442015
-18.0	0.9581141810554417	0.5625131083789903	0.3852321988084766
-17.6	0.9581141810554417	0.5625133155949951	0.3852321988084766
-17.2	0.9581141810554417	0.5625131083789903	0.3852321988084766
-16.8	0.9581141810554417	0.5625133155949951	0.3852321988084766
-16.4	0.9581141810554417	0.5625131083789903	0.38523204162442015
-16.0	0.9581141810554417	0.5625131083789903	0.3852321988084766
-15.6	0.9581141810554417	0.5625133155949951	0.3852321988084766
-15.2	0.9581141810554417	0.5625133155949951	0.3852321988084766
-14.8	0.9581141810554417	0.5625133155949951	0.3852321988084766
-14.4	0.9581141810554417	0.5625133155949951	0.3852321988084766
-14.0	0.9581141810554417	0.5625133155949951	0.3852321988084766
-13.6	0.9581141810554417	0.5625133155949951	0.3852325131765886
-13.2	0.9581141810554417	0.5625131083789903	0.3852325131765886
-12.8	0.9581141810554417	0.5625131083789903	0.3852325131765886
-12.4	0.9581141810554417	0.5625131083789903	0.3852321988084766
-12.0	0.9581141810554417	0.5625131083789903	0.3852325131765886
-11.6	0.9581141810554417	0.5625133155949951	0.3852325131765886
-11.2	0.9581141810554417	0.5625131083789903	0.3852325131765886
-10.8	0.9581141810554417	0.5625133155949951	0.3852325131765886
-10.4	0.9581141810554417	0.5625131083789903	0.3852325131765886
-10.0	0.9581141810554417	0.5625131083789903	0.3852325131765886
-9.6	0.9581141810554417	0.5625131083789903	0.3852325131765886
-9.2	0.9581141810554417	0.5625133155949951	0.3852325131765886
-8.8	0.9581141810554417	0.5625133155949951	0.3852325131765886
-8.4	0.9581141810554417	0.5625133155949951	0.3852325131765886
-8.0	0.9581141810554417	0.5625133155949951	0.3852325131765886
-7.6	0.9581141810554417	0.5625131083789903	0.3852325131765886
-7.2	0.9581141810554417	0.5625131083789903	0.3852325131765886
-6.8	0.9581141810554417	0.5625133155949951	0.3852325131765886
-6.4	0.9581141810554417	0.5625131083789903	0.38523267036064457
-6.0	0.9581141810554417	0.5625131083789903	0.3852325131765886
-5.6	0.9581141810554417	0.5625133155949951	0.3852325131765886
-5.2	0.9581141810554417	0.5625131083789903	0.3852325131765886
-4.8	0.9581141810554417	0.5625133155949951	0.38523267036064457
-4.4	0.9581141810554417	0.5625131083789903	0.3852325131765886
-4.0	0.9581141810554417	0.5625131083789903	0.3852325131765886
-3.6	0.9581141810554417	0.5625131083789903	0.3852325131765886
-3.2	0.9581141810554417	0.5625133155949951	0.38523267036064457
-2.8	0.9581141810554417	0.5625133155949951	0.38523267036064457
-2.4	0.9581141810554417	0.5625133155949951	0.38523267036064457
-2.0	0.9581141810554417	0.5625133155949951	0.38523267036064457
-1.6	0.9581141810554417	0.5625131083789903	0.38523267036064457
-1.2	0.9581141810554417	0.5625131083789903	0.3852325131765886
-0.8	0.9581141810554417	0.5625133155949951	0.38523267036064457
-0.4	0.9581141810554417	0.5625131083789903	0.38523267036064457
0.0	0.9581141810554417	0.5625131083789903	0.38523267036064457
0.4	0.9581141810554417	0.5625133155949951	0.3852325131765886
0.8	0.9581141810554417	0.5625131083789903	0.38523267036064457
1.2	0.9581141810554417	0.5625133155949951	0.38523267036064457
1.6	0.9325882731771457	0.550297517689275	0.37472805988870306
2.0	0.843873479541181	0.5010406156575717	0.3335634417938964
2.4	0.7024322818904056	0.40697553199784897	0.2569662365795984
2.8	0.5458070038769351	0.2954591308590926	0.16480969601595752
3.2	0.39772406734057786	0.21416725615758025	0.08789089222279367
3.6	0.2711570215730236	0.19767161889196094	0.04979812213716217
4.0	0.17132258500387848	0.24305689709291212	0.05245909102358337
4.4	0.0983034944876641	0.3169977840297107	0.0801726835140737
4.8	0.04916003282079817	0.38510781981185715	0.11619879762955576
5.2	0.01950614488574446	0.43252340042630166	0.15250737149392424
5.6	0.004595669507025765	0.4611832388124846	0.18757812091617754
6.0	0.0	0.4783152364283625	0.22167778723958875
6.4	0.001970428391404537	0.4894773409504727	0.25478200693545494
6.8	0.007575045034696991	0.497306583253903	0.2862816917862281
7.2	0.014688064423555941	0.502743931215738	0.3152430113143705
7.6	0.02189372658355987	0.5062545847664017	0.3407546123623737
8.0	0.028350770343242414	0.508306230428373	0.3621732977725065
8.4	0.03364886844387128	0.5093748433643177	0.37922792504792424
8.8	0.03767634363262206	0.5098475030709086	0.39200258765866325
9.2	0.04050924737979743	0.5099865450100238	0.40085865174979185
9.6	0.04232533770082475	0.5099504894252158	0.40633368679331516
10.0	0.04334225697962158	0.5098342412466113	0.4090443258414771
10.4	0.0437768026503866	0.5096929199314446	0.40960625884218294
10.8	0.04382111652659886	0.5095582295284267	0.4085815759801963
11.2	0.0436314574530143	0.5094430174298452	0.4064441871847828
11.6	0.04332561052056362	0.5093464547716815	0.4035719629269079
12.0	0.042985653963167406	0.5092567302416708	0.40025144974091686
12.4	0.042663562242194204	0.5091570593434378	0.39669154523742245
12.8	0.0423878493422843	0.5090287926365633	0.393042203005983
13.2	0.0421700822648452	0.5088563889207007	0.3894095222844949
13.6	0.04201059248040673	0.5086305234756394	0.385870994812636
14.0	0.04190308016847743	0.5083476736293022	0.3824833640346723
14.4	0.04183805552060373	0.5080121909177846	0.3792887552776514
14.8	0.04180521399754266	0.5076325711972784	0.37631750506440653
15.2	0.04179492120687013	0.5072214546440663	0.3735913047946866
15.6	0.04179900972608181	0.5067900309223994	0.37112241482487107
16.0	0.041811083295859995	0.5063499041285371	0.3689158650447557
16.4	0.041826497980267635	0.50590998455068	0.3669696120616104
16.8	0.04184215583202051	0.5054764886689673	0.36527642540885363
17.2	0.0418562115070811	0.5050539752355001	0.363824359098218
17.6	0.04186776048210639	0.5046451380583385	0.36259800909220097
18.0	0.04187655121900773	0.5042514276495167	0.3615799279605718
18.4	0.04188274346064996	0.503873672873052	0.3607507820644251
18.8	0.04188672053711745	0.5035116665129409	0.36009108058079864
19.2	0.041888954288249444	0.503164994137173	0.3595813326867314
19.6	0.04188991592059674	0.5028332413137395	0.35920251911143053
20.0	0.04189002375820357	0.5025155791786213	0.3589364065043825
20.4	0.04188961846969933	0.5022109716517962	0.35876633335563746
20.8	0.041888957182442156	0.501919625949268	0.3586768956276929
21.2	0.041888219337756126	0.5016402987750088	0.35865410393955255
21.6	0.04188751878474316	0.50137257569701	0.35868506919861254
22.0	0.041886918187912965	0.5011160422832619	0.3587587885209427
22.4	0.041886443187265275	0.5008704913177597	0.35886583086317536
22.8	0.04188609483509504	0.5006355083684948	0.35899739391816565
23.2	0.04188585963542684	0.5004108862194614	0.3591468759555565
23.6	0.04188571705760046	0.5001966248706604	0.35930751806093353
24.0	0.0418856447300795	0.49999251710608705	0.35947523344883603
24.4	0.04188562169394452	0.4997981484937317	0.35964546378163753
24.8	0.041885630155010865	0.499613933465604	0.3598149081941582
25.2	0.04188565615950581	0.49943925037368997	0.3599808945574434
25.6	0.041885689562664655	0.4992738920019848	0.36014185103093244
26.0	0.041885723585826894	0.4991180655664933	0.36029589140595153
26.4	0.04188575418137185	0.4989711494192015	0.36044222976221896
26.8	0.04188577935564246	0.4988329363441042	0.36058023736351164
27.2	0.04188579854266422	0.49870321912519744	0.3607092854736038
27.6	0.04188581207746908	0.49858179054647733	0.3608292169084395
28.0	0.04188582078657159	0.4984682361759325	0.360940503220188
28.4	0.04188582569284101	0.4983621415815551	0.361042830040736
28.8	0.04188582782040343	0.4982635067633452	0.36113698329036525
29.2	0.04188582807999494	0.4981717100732883	0.3612229629690744
29.6	0.04188582721430925	0.49808633707937533	0.3613012406290328
30.0	0.04188582578464762	0.49800718056560145	0.36137260219052125
30.4	0.041885824183297664	0.4979338260999584	0.36143720483759534
30.8	0.04188582265963342	0.49786606646644005	0.36149552012242436
31.2	0.04188582135136015	0.49780328001703245	0.3615481767812314
31.6	0.0418858203152968	0.49774546675173736	0.3615959607342982
32.0	0.041885819554456694	0.4976920050225395	0.3616385576135124
32.4	0.04188581903993779	0.4976428948294389	0.36167691052321116
32.8	0.0418858187273271	0.4975979289564312	0.36171149101556255
33.2	0.04188581856805733	0.4975560713234932	0.36174261345867853
33.6	0.04188581851653521	0.4975181507946438	0.361770435036616
34.0	0.04188581853399386	0.49748292407385497	0.361795427301542
34.4	0.0418858185899931	0.4974510128091394	0.36181759025345794
34.8	0.04188581866237206	0.49742138092047483	0.3618377098126442
35.2	0.041885818736298756	0.4973944428398718	0.3618556287950443
35.6	0.04188581880289552	0.4973699913513241	0.3618718187528267
36.0	0.04188581885776873	0.49734719759081303	0.36188627968599185
36.4	0.04188581889964613	0.49732668320635387	0.3618991687785953
36.8	0.04188581892922926	0.4973080337659357	0.3619106432146939
37.2	0.04188581894829994	0.4972908348375502	0.3619211745464552
37.6	0.041885818959075415	0.49727508642119744	0.3619304484057677
38.0	0.04188581896378148	0.4972605813008726	0.36193893634479934
38.4	0.04188581896440085	0.49724752669258043	0.36194632399543814
38.8	0.04188581896255263	0.49723571538031486	0.3619532400939085
39.2	0.041885818959462105	0.4972247329320689	0.3619592130880416
39.6	0.041885818955986844	0.4972149937798509	0.36196471453000667
40.0	0.041885818952673064	0.4972058762756464	0.3619697444198029
40.4	0.041885818949823336	0.497197794851465	0.36197430275743114
40.8	0.04188581894756354	0.4971901278592936	0.36197838954289097
41.2	0.04188581894590182	0.49718328973114057	0.3619818475921259
41.6	0.041885818944776304	0.4971772804670058	0.3619853056413609
42.0	0.04188581894409092	0.4971714784188759	0.36198829213842787
42.4	0.04188581894374024	0.4971662980187599	0.3619909642673824
42.8	0.04188581894362508	0.4971617392666574	0.3619933220282241
43.2	0.04188581894366099	0.497157594946565	0.3619955226050102
43.6	0.04188581894378156	0.4971534506264721	0.3619974088136839
44.0	0.04188581894393838	0.4971501351703975	0.36199929502235806
44.4	0.041885818944099	0.49714702693032775	0.3620010240469753
44.8	0.04188581894424396	0.4971439186902584	0.36200243870348014
45.2	0.041885818944363565	0.4971412248821978	0.3620036961759294
45.6	0.041885818944454964	0.4971389455061468	0.3620051108324347
46.0	0.04188581894451962	0.49713666613009533	0.362006053936772
46.4	0.04188581894456138	0.49713480118605435	0.3620069970411084
46.8	0.04188581894458505	0.4971329362420125	0.36200794014544524
47.2	0.04188581894459545	0.497131278513975	0.36200856888166966
47.6	0.04188581894459692	0.4971298280019427	0.3620093548019505
48.0	0.04188581894459297	0.49712837748991	0.3620099835381754
48.4	0.041885818944586296	0.4971271341938821	0.3620106122743998
48.8	0.041885818944578754	0.497126098113859	0.3620112410106242
49.2	0.041885818944571544	0.4971250620338359	0.36201171256279263
49.6	0.04188581894456534	0.4971240259538128	0.3620121841149615
50.0	0.04188581894456041	0.497123197089794	0.3620124984830735
50.4	0.04188581894455678	0.49712278265778487	0.3620129700352419
50.8	0.041885818944554315	0.4971219537937661	0.3620131272192979
51.2	0.041885818944552816	0.49712133214575216	0.36201344158741033
51.6	0.041885818944552046	0.4971207104977382	0.36201359877146677
52.0	0.04188581894455179	0.49712029606572905	0.36201391313957876
52.4	0.04188581894455186	0.4971198816337199	0.36201407032363475
52.8	0.04188581894455212	0.49711905276970114	0.3620143846917472
53.2	0.04188581894455246	0.49711884555369634	0.3620145418758032
53.6	0.04188581894455281	0.497118638337692	0.3620145418758032
54.0	0.04188581894455312	0.4971182239056824	0.3620148562439156
54.4	0.041885818944553385	0.49711801668967803	0.3620148562439156
54.8	0.041885818944553586	0.49711760225766843	0.3620150134279716
55.2	0.041885818944553725	0.4971173950416641	0.3620150134279716
55.6	0.041885818944553815	0.4971171878256593	0.3620150134279716
56.0	0.04188581894455387	0.4971169806096545	0.36201532779608403
56.4	0.04188581894455389	0.49711677339365057	0.36201532779608403
56.8	0.04188581894455389	0.49711677339365057	0.36201532779608403
57.2	0.041885818944553885	0.4971165661776453	0.36201532779608403
57.6	0.04188581894455387	0.49711615174563617	0.36201548498014
58.0	0.04188581894455386	0.49711615174563617	0.36201548498014
58.4	0.04188581894455384	0.49711615174563617	0.36201548498014
58.8	0.04188581894455383	0.49711594452963137	0.36201548498014
59.2	0.041885818944553815	0.497115737313627	0.36201548498014
59.6	0.04188581894455381	0.497115737313627	0.362015799348252
60.0	0.0418858189445538	0.497115737313627	0.362015799348252
60.4	0.0418858189445538	0.497115737313627	0.362015799348252
60.8	0.041885818944553795	0.497115737313627	0.362015799348252
61.2	0.041885818944553795	0.4971155300976222	0.362015799348252
61.6	0.041885818944553795	0.4971155300976222	0.362015799348252
62.0	0.041885818944553795	0.4971155300976222	0.362015799348252
62.4	0.0418858189445538	0.4971155300976222	0.362015799348252
62.8	0.0418858189445538	0.4971153228816174	0.362015799348252
63.2	0.0418858189445538	0.4971153228816174	0.362015799348252
63.6	0.0418858189445538	0.4971153228816174	0.362015799348252
64.0	0.0418858189445538	0.4971153228816174	0.362015799348252
64.4	0.0418858189445538	0.4971153228816174	0.36201595653230845
64.8	0.0418858189445538	0.4971153228816174	0.36201595653230845
65.2	0.0418858189445538	0.4971153228816174	0.36201595653230845
65.6	0.0418858189445538	0.49711511566561306	0.36201595653230845
66.0	0.0418858189445538	0.49711511566561306	0.36201595653230845
66.4	0.0418858189445538	0.49711511566561306	0.36201595653230845
66.8	0.0418858189445538	0.49711511566561306	0.36201595653230845
67.2	0.0418858189445538	0.49711511566561306	0.36201595653230845
67.6	0.0418858189445538	0.49711511566561306	0.36201595653230845
68.0	0.0418858189445538	0.49711511566561306	0.36201595653230845
68.4	0.0418858189445538	0.49711511566561306	0.36201595653230845
68.8	0.0418858189445538	0.49711511566561306	0.36201595653230845
69.2	0.0418858189445538	0.49711511566561306	0.36201595653230845
69.6	0.0418858189445538	0.49711511566561306	0.36201595653230845
70.0	0.0418858189445538	0.49711511566561306	0.36201595653230845
70.4	0.0418858189445538	0.49711511566561306	0.36201595653230845
70.8	0.0418858189445538	0.49711511566561306	0.36201595653230845
71.2	0.0418858189445538	0.49711511566561306	0.36201595653230845
71.6	0.0418858189445538	0.49711511566561306	0.36201595653230845
72.0	0.0418858189445538	0.49711511566561306	0.36201595653230845
72.4	0.0418858189445538	0.49711511566561306	0.36201595653230845
72.8	0.0418858189445538	0.49711511566561306	0.36201595653230845
73.2	0.0418858189445538	0.49711511566561306	0.36201595653230845
73.6	0.0418858189445538	0.49711511566561306	0.36201595653230845
74.0	0.0418858189445538	0.49711511566561306	0.36201595653230845
74.4	0.0418858189445538	0.49711511566561306	0.36201595653230845
74.8	0.0418858189445538	0.49711511566561306	0.36201595653230845
75.2	0.0418858189445538	0.49711511566561306	0.36201595653230845
75.6	0.0418858189445538	0.49711511566561306	0.36201595653230845
76.0	0.0418858189445538	0.49711511566561306	0.36201595653230845
76.4	0.0418858189445538	0.49711511566561306	0.36201595653230845
76.8	0.0418858189445538	0.49711511566561306	0.36201595653230845
77.2	0.0418858189445538	0.49711511566561306	0.36201595653230845
77.6	0.0418858189445538	0.49711511566561306	0.36201595653230845
78.0	0.0418858189445538	0.49711511566561306	0.36201595653230845
78.4	0.0418858189445538	0.49711511566561306	0.36201595653230845
78.8	0.0418858189445538	0.49711511566561306	0.36201595653230845
79.2	0.0418858189445538	0.49711511566561306	0.36201595653230845
79.6	0.0418858189445538	0.49711511566561306	0.36201595653230845
80.0	0.0418858189445538	0.49711511566561306	0.36201595653230845
80.4	0.0418858189445538	0.49711511566561306	0.36201595653230845
80.8	0.0418858189445538	0.49711511566561306	0.36201595653230845
