<<<<<<< HEAD
<<<<<<< HEAD
TIEMPO	VFSCd	VFSCi	PAMn	PCC	RAP
0.40	63.02	57.39	91.53	15.73	1.25
1.00	62.64	57.35	91.24	6.62	1.44
1.60	63.18	58.71	91.68	3.16	1.49
2.20	64.36	57.91	92.54	3.85	1.50
2.80	65.42	57.87	92.42	1.39	1.51
3.40	65.47	59.88	92.57	4.77	1.44
4.00	66.03	58.90	92.96	0.75	1.52
4.60	67.98	60.88	93.62	-0.97	1.54
5.20	70.22	62.52	94.58	1.90	1.47
5.80	68.83	61.25	94.57	-0.43	1.50
6.40	66.15	60.17	93.10	10.73	1.33
7.00	64.87	60.25	91.41	9.81	1.31
7.60	65.75	60.25	91.01	3.08	1.41
8.20	68.03	61.10	91.63	10.77	1.29
8.80	67.90	60.37	91.46	-0.71	1.48
9.40	68.09	58.20	91.24	7.26	1.36
10.00	65.03	56.28	89.87	12.12	1.32
10.60	65.63	56.71	89.19	10.41	1.37
11.20	65.34	56.52	88.83	7.72	1.40
11.80	67.32	57.47	89.54	9.02	1.35
12.40	69.35	59.35	91.25	8.70	1.36
13.00	70.94	59.48	92.58	1.44	1.47
13.60	69.83	58.43	93.17	-1.65	1.55
14.20	67.77	58.23	93.45	4.40	1.50
14.80	66.45	58.60	93.67	7.87	1.43
15.40	65.43	57.89	94.20	-0.70	1.61
16.00	64.27	56.60	94.13	12.78	1.40
16.60	62.72	54.91	93.52	14.25	1.39
17.20	59.68	52.40	92.13	15.30	1.42
17.80	56.95	49.99	90.35	15.45	1.45
18.40	55.47	48.59	88.56	12.53	1.51
19.00	55.37	48.52	87.16	5.45	1.64
19.60	55.92	47.99	86.24	6.98	1.62
20.20	57.99	49.56	86.37	3.18	1.66
20.80	58.56	50.12	86.37	4.53	1.61
21.40	58.61	50.12	86.16	8.29	1.52
22.00	58.82	49.72	85.92	9.35	1.50
22.60	59.07	48.66	85.26	7.63	1.57
23.20	59.19	49.53	85.30	13.77	1.45
23.80	59.71	49.91	85.07	-9.32	1.85
24.40	61.44	55.27	86.99	1.44	1.57
25.00	63.06	59.26	89.56	14.84	1.24
25.60	64.77	60.56	91.04	4.91	1.38
26.20	66.80	61.02	91.17	11.79	1.28
26.80	68.20	61.83	92.09	4.39	1.38
27.40	68.75	62.84	94.04	5.75	1.38
28.00	70.57	63.09	96.17	9.56	1.34
28.60	69.93	62.01	96.33	15.07	1.27
29.20	68.12	60.38	95.56	18.84	1.24
29.80	66.10	58.70	94.63	19.35	1.25
30.40	64.43	57.47	93.57	16.54	1.30
31.00	64.41	58.86	93.01	10.03	1.39
31.60	64.77	59.09	92.39	15.15	1.29
32.20	64.57	57.95	91.63	17.41	1.25
32.80	64.14	56.67	90.63	12.68	1.34
33.40	63.96	55.98	88.97	12.86	1.32
34.00	64.40	56.19	88.20	7.26	1.41
34.60	65.37	59.05	88.00	14.39	1.25
35.20	67.10	60.95	88.58	6.41	1.33
35.80	70.79	63.13	91.22	-2.86	1.47
36.40	72.87	65.56	94.01	7.31	1.31
37.00	72.16	65.11	95.92	13.14	1.24
37.60	71.14	64.30	97.36	10.98	1.31
38.20	70.43	63.98	98.67	19.78	1.20
38.80	68.78	61.86	98.93	24.32	1.18
39.40	66.22	59.47	98.08	23.04	1.24
40.00	63.59	56.88	96.54	20.25	1.31
40.60	61.59	54.82	94.55	17.33	1.36
41.20	60.60	53.80	91.78	13.10	1.43
41.80	60.86	54.18	89.55	6.47	1.51
42.40	62.20	54.83	88.30	1.78	1.54
43.00	64.20	55.94	88.21	3.39	1.49
43.60	65.66	59.16	89.00	-2.10	1.51
44.20	67.99	60.76	89.31	10.51	1.29
44.80	69.32	62.39	89.71	15.33	1.18
45.40	69.85	63.20	90.11	14.88	1.17
46.00	71.17	64.26	90.90	13.40	1.19
46.60	73.16	65.73	93.15	7.01	1.29
47.20	73.80	66.09	95.94	6.40	1.32
47.80	71.80	64.23	97.18	16.80	1.23
48.40	69.79	61.46	96.69	23.08	1.18
49.00	67.01	59.18	95.65	18.46	1.28
49.60	65.28	57.95	94.58	10.71	1.41
50.20	65.61	57.76	93.54	16.00	1.32
50.80	63.93	55.66	93.59	22.49	1.26
51.40	63.39	55.48	93.52	15.91	1.38
52.00	62.80	54.21	92.73	10.04	1.49
52.60	62.01	52.72	91.21	12.36	1.46
53.20	62.30	52.85	89.40	19.77	1.30
53.80	60.83	52.18	90.71	24.50	1.26
54.40	61.51	54.58	90.04	14.34	1.39
55.00	65.28	58.87	88.63	-0.82	1.52
55.60	69.78	63.07	90.32	-2.42	1.47
56.20	72.27	66.08	91.17	7.60	1.25
56.80	75.91	69.09	94.68	0.29	1.35
57.40	79.60	72.76	101.25	5.33	1.29
58.00	81.14	73.36	107.34	9.62	1.27
58.60	68.66	62.49	100.64	24.80	1.14
59.20	64.53	58.72	97.56	27.04	1.19
59.80	64.58	58.33	99.92	14.36	1.44
60.40	65.51	56.76	100.38	12.74	1.50
61.00	66.10	55.40	99.38	19.22	1.40
61.60	65.00	54.91	98.18	4.51	1.67
62.20	65.33	58.45	98.41	2.56	1.63
62.80	65.62	60.80	99.16	10.14	1.43
63.40	64.50	59.02	98.52	12.75	1.42
64.00	60.45	54.56	96.20	23.48	1.28
64.60	56.27	50.60	94.88	21.96	1.37
65.20	52.73	46.78	93.67	21.12	1.47
65.80	50.11	43.73	92.04	27.13	1.45
66.40	48.55	42.62	91.19	20.26	1.63
67.00	47.50	41.82	90.24	17.61	1.70
67.60	48.01	41.37	89.36	16.96	1.72
68.20	49.11	41.29	88.76	15.05	1.76
68.80	50.25	41.90	88.55	10.66	1.85
69.40	51.74	43.90	88.91	-11.61	2.28
70.00	52.78	46.23	90.17	2.83	1.83
70.60	53.73	45.83	89.86	9.53	1.69
71.20	52.03	43.93	88.40	15.38	1.63
71.80	50.66	43.30	87.81	19.80	1.52
72.40	50.21	43.44	86.97	15.16	1.61
73.00	49.60	43.46	85.80	12.47	1.65
73.60	49.74	43.57	84.79	15.28	1.54
74.20	51.27	44.29	84.13	12.21	1.59
74.80	53.80	46.34	83.96	-3.41	1.89
75.40	56.07	50.18	84.88	-4.26	1.74
76.00	59.53	51.97	85.97	6.95	1.50
76.60	59.08	52.12	85.79	7.15	1.46
77.20	59.05	51.82	85.30	15.29	1.32
77.80	59.87	51.67	84.96	8.02	1.47
78.40	60.84	52.02	84.87	-1.46	1.63
79.00	62.22	52.91	85.11	0.82	1.57
79.60	64.27	53.81	85.79	2.12	1.52
80.20	65.26	53.84	86.40	11.23	1.36
80.80	64.24	53.96	85.73	13.29	1.31
81.40	62.61	51.85	85.17	9.69	1.38
82.00	61.11	50.30	84.04	5.83	1.50
82.60	60.75	51.19	83.32	5.93	1.49
83.20	60.92	52.38	83.26	9.49	1.36
83.80	61.22	52.75	82.75	12.70	1.30
84.40	62.39	54.20	82.99	10.57	1.33
85.00	62.83	55.73	83.04	5.13	1.38
85.60	63.88	56.04	84.13	3.45	1.38
86.20	64.89	56.49	84.97	10.52	1.28
86.80	65.61	56.86	85.49	17.22	1.17
87.40	66.12	57.01	85.83	17.20	1.18
88.00	66.59	57.07	85.34	12.56	1.27
88.60	65.60	57.33	85.30	5.01	1.38
89.20	69.53	59.66	86.58	12.87	1.22
89.80	72.58	60.70	89.24	16.87	1.18
90.40	73.82	60.99	91.01	18.04	1.18
91.00	72.59	60.67	92.29	18.39	1.19
91.60	71.10	60.32	93.67	15.58	1.28
92.20	70.67	60.27	94.71	8.67	1.41
92.80	70.06	59.80	96.41	14.82	1.33
93.40	69.08	59.17	96.78	19.71	1.26
94.00	67.67	58.26	96.28	23.39	1.22
94.60	65.92	56.62	95.20	24.32	1.23
95.20	63.48	53.51	93.11	12.96	1.47
95.80	62.73	53.14	91.38	13.28	1.45
96.40	63.06	54.01	90.52	15.49	1.37
97.00	64.61	55.50	90.74	13.45	1.37
97.60	67.26	57.30	92.30	7.48	1.45
98.20	69.63	58.35	94.11	14.05	1.34
98.80	69.18	57.64	94.17	16.47	1.33
99.40	68.36	57.22	95.67	24.17	1.22
100.00	66.55	56.89	96.09	16.80	1.35
100.60	64.97	56.34	95.74	5.50	1.55
101.20	64.47	55.83	95.67	-0.03	1.68
101.80	65.21	55.75	97.59	2.33	1.67
102.40	66.90	55.42	99.45	14.80	1.48
103.00	60.61	49.85	93.62	25.17	1.30
103.60	57.28	47.29	91.68	18.91	1.50
104.20	56.09	46.61	91.07	11.87	1.67
104.80	56.29	47.17	88.77	16.95	1.48
105.40	56.70	47.50	87.39	15.79	1.47
106.00	57.57	46.98	86.54	5.75	1.68
106.60	58.91	46.58	85.94	-6.28	1.95
107.20	60.51	48.22	86.42	13.14	1.50
107.80	61.87	49.21	87.38	8.17	1.58
108.40	61.76	47.68	88.36	-11.05	2.01
109.00	60.80	47.90	88.90	4.19	1.69
109.60	59.01	45.49	89.31	14.22	1.59
110.20	55.83	42.62	89.34	13.89	1.73
110.80	52.36	40.40	88.82	15.80	1.76
111.40	51.20	38.16	88.40	24.25	1.63
112.00	50.16	37.33	87.75	13.15	1.97
112.60	49.66	36.63	86.67	1.42	2.28
113.20	49.47	36.12	85.30	-1.79	2.35
113.80	49.37	35.92	84.10	2.38	2.23
114.40	51.13	36.96	83.20	2.41	2.17
115.00	51.17	37.32	82.39	5.30	2.04
115.60	51.30	37.66	81.73	9.83	1.88
116.20	52.81	38.61	81.53	9.33	1.85
116.80	54.72	40.62	81.67	-2.50	2.06
117.40	58.49	43.51	82.90	-2.97	1.96
118.00	61.17	45.27	84.02	-0.45	1.82
118.60	62.49	46.53	84.56	0.60	1.76
119.20	63.23	47.67	85.28	10.06	1.55
119.80	64.02	47.49	85.78	2.15	1.71
120.40	65.22	48.39	85.39	6.66	1.60
121.00	65.86	48.33	84.93	7.72	1.44
121.60	67.75	51.80	85.48	3.11	1.77
122.20	71.56	58.81	87.82	3.14	2.84
122.80	75.27	63.94	91.57	-1.65	1.54
123.40	75.46	65.11	93.62	-0.03	1.40
124.00	74.56	63.73	93.21	12.40	1.25
124.60	74.28	63.58	93.53	6.62	1.34
125.20	73.99	63.93	94.14	1.43	1.42
125.80	73.59	63.51	94.45	6.01	1.36
126.40	73.21	61.32	94.09	8.02	1.38
127.00	70.06	60.50	92.41	9.85	1.34
127.60	67.46	57.30	90.47	9.19	1.38
128.20	65.86	54.90	88.56	7.38	1.46
128.80	65.19	55.64	86.86	13.28	1.29
129.40	64.98	55.13	85.59	10.43	1.32
130.00	65.79	57.38	85.71	8.76	1.33
130.60	68.08	59.07	87.26	11.27	1.27
131.20	70.32	58.77	89.36	11.66	1.30
131.80	69.27	58.71	90.92	9.13	1.35
132.40	67.43	57.65	91.30	12.51	1.34
133.00	66.40	56.52	91.11	14.44	1.34
133.60	65.88	56.48	90.82	12.82	1.36
134.20	65.51	57.76	90.80	9.34	1.38
134.80	64.50	56.20	91.11	14.86	1.31
135.40	64.27	54.89	91.59	20.54	1.27
136.00	63.44	53.70	91.67	22.45	1.28
136.60	61.80	52.48	91.02	18.55	1.34
137.20	61.40	51.67	89.80	18.41	1.35
137.80	61.68	50.80	88.77	18.31	1.36
138.40	62.01	50.12	88.00	17.58	1.37
139.00	61.47	49.70	86.70	19.67	1.34
139.60	63.53	50.55	86.93	9.05	1.52
140.20	63.93	50.66	86.67	7.89	1.53
140.80	63.60	50.72	85.46	17.22	1.34
141.40	63.64	51.39	84.42	18.95	1.28
142.00	64.02	51.39	84.37	12.40	1.37
142.60	65.26	53.30	83.83	6.23	1.43
143.20	67.06	56.77	84.57	5.43	1.38
143.80	70.11	60.67	87.61	9.37	1.27
144.40	73.97	63.10	91.54	9.45	1.29
145.00	72.64	60.99	93.70	17.50	1.31
145.60	70.94	59.47	93.11	26.16	0.91
146.20	69.43	57.37	100.21	31.98	1.81
146.80	68.80	56.14	108.60	29.85	3.05
147.40	69.42	56.71	100.55	9.17	1.92
148.00	71.24	59.42	99.33	1.87	1.93
148.60	72.35	62.50	100.12	8.78	1.66
149.20	72.06	62.93	99.56	16.04	1.30
149.80	70.85	61.42	101.33	13.37	1.40
150.40	69.97	61.15	120.10	-7.95	2.10
151.00	70.12	60.87	112.52	-9.35	1.97
151.60	65.38	57.67	102.82	5.74	1.63
152.20	62.32	55.15	97.09	16.21	1.44
152.80	60.99	53.75	95.12	16.43	1.44
153.40	60.59	53.24	93.62	13.00	1.49
154.00	60.99	54.35	92.58	9.92	1.50
154.60	61.28	54.73	91.83	8.86	1.48
155.20	60.88	52.54	90.67	10.10	1.49
155.80	58.97	51.16	88.86	13.24	1.45
156.40	57.56	51.00	87.03	16.93	1.35
157.00	56.42	51.06	85.44	19.92	1.25
157.60	55.06	50.66	84.06	20.35	1.22
158.20	54.20	49.75	83.25	18.72	1.27
158.80	54.59	49.26	83.59	14.38	1.38
159.40	54.88	49.01	84.39	10.46	1.47
160.00	54.25	48.57	83.43	16.01	1.36
160.60	53.16	47.16	82.17	16.90	1.34
161.20	52.04	45.51	81.25	17.56	1.35
161.80	51.97	44.75	80.79	15.43	1.42
162.40	52.14	44.98	80.66	10.22	1.53
163.00	51.74	46.06	80.30	7.11	1.55
163.60	52.33	46.70	81.21	10.25	1.49
164.20	52.20	47.25	81.12	12.69	1.41
164.80	51.46	47.26	80.71	11.97	1.42
165.40	51.21	46.97	80.50	9.25	1.48
166.00	51.99	46.81	80.32	8.57	1.49
166.60	53.19	48.48	80.25	9.19	1.44
167.20	54.90	50.22	80.52	13.27	1.33
167.80	57.09	51.36	82.17	13.12	1.30
168.40	58.32	52.63	83.94	12.85	1.31
169.00	58.71	52.58	84.77	14.95	1.30
169.60	58.64	51.21	84.64	15.16	1.31
170.20	57.75	50.25	84.70	1.77	1.60
170.80	56.87	51.88	84.45	9.18	1.43
171.40	57.47	51.63	84.36	10.48	1.39
172.00	58.53	51.19	84.46	6.20	1.49
172.60	58.97	51.07	84.52	5.81	1.49
173.20	58.13	50.16	84.05	12.30	1.39
173.80	57.32	49.88	83.48	12.10	1.39
174.40	56.91	49.34	82.23	12.23	1.38
175.00	56.35	49.25	80.93	11.82	1.38
175.60	56.33	50.19	80.07	9.53	1.39
176.20	58.35	52.36	80.17	5.46	1.41
176.80	60.54	55.85	80.41	13.29	1.19
177.40	62.73	58.01	81.72	12.22	1.18
178.00	64.24	59.17	82.86	8.47	1.24
=======
TIEMPO	VFSCd	VFSCi	PAMn	PCC	RAP
0.40	63.02	57.39	91.53	15.73	1.25
1.00	62.64	57.35	91.24	6.62	1.44
1.60	63.18	58.71	91.68	3.16	1.49
2.20	64.36	57.91	92.54	3.85	1.50
2.80	65.42	57.87	92.42	1.39	1.51
3.40	65.47	59.88	92.57	4.77	1.44
4.00	66.03	58.90	92.96	0.75	1.52
4.60	67.98	60.88	93.62	-0.97	1.54
5.20	70.22	62.52	94.58	1.90	1.47
5.80	68.83	61.25	94.57	-0.43	1.50
6.40	66.15	60.17	93.10	10.73	1.33
7.00	64.87	60.25	91.41	9.81	1.31
7.60	65.75	60.25	91.01	3.08	1.41
8.20	68.03	61.10	91.63	10.77	1.29
8.80	67.90	60.37	91.46	-0.71	1.48
9.40	68.09	58.20	91.24	7.26	1.36
10.00	65.03	56.28	89.87	12.12	1.32
10.60	65.63	56.71	89.19	10.41	1.37
11.20	65.34	56.52	88.83	7.72	1.40
11.80	67.32	57.47	89.54	9.02	1.35
12.40	69.35	59.35	91.25	8.70	1.36
13.00	70.94	59.48	92.58	1.44	1.47
13.60	69.83	58.43	93.17	-1.65	1.55
14.20	67.77	58.23	93.45	4.40	1.50
14.80	66.45	58.60	93.67	7.87	1.43
15.40	65.43	57.89	94.20	-0.70	1.61
16.00	64.27	56.60	94.13	12.78	1.40
16.60	62.72	54.91	93.52	14.25	1.39
17.20	59.68	52.40	92.13	15.30	1.42
17.80	56.95	49.99	90.35	15.45	1.45
18.40	55.47	48.59	88.56	12.53	1.51
19.00	55.37	48.52	87.16	5.45	1.64
19.60	55.92	47.99	86.24	6.98	1.62
20.20	57.99	49.56	86.37	3.18	1.66
20.80	58.56	50.12	86.37	4.53	1.61
21.40	58.61	50.12	86.16	8.29	1.52
22.00	58.82	49.72	85.92	9.35	1.50
22.60	59.07	48.66	85.26	7.63	1.57
23.20	59.19	49.53	85.30	13.77	1.45
23.80	59.71	49.91	85.07	-9.32	1.85
24.40	61.44	55.27	86.99	1.44	1.57
25.00	63.06	59.26	89.56	14.84	1.24
25.60	64.77	60.56	91.04	4.91	1.38
26.20	66.80	61.02	91.17	11.79	1.28
26.80	68.20	61.83	92.09	4.39	1.38
27.40	68.75	62.84	94.04	5.75	1.38
28.00	70.57	63.09	96.17	9.56	1.34
28.60	69.93	62.01	96.33	15.07	1.27
29.20	68.12	60.38	95.56	18.84	1.24
29.80	66.10	58.70	94.63	19.35	1.25
30.40	64.43	57.47	93.57	16.54	1.30
31.00	64.41	58.86	93.01	10.03	1.39
31.60	64.77	59.09	92.39	15.15	1.29
32.20	64.57	57.95	91.63	17.41	1.25
32.80	64.14	56.67	90.63	12.68	1.34
33.40	63.96	55.98	88.97	12.86	1.32
34.00	64.40	56.19	88.20	7.26	1.41
34.60	65.37	59.05	88.00	14.39	1.25
35.20	67.10	60.95	88.58	6.41	1.33
35.80	70.79	63.13	91.22	-2.86	1.47
36.40	72.87	65.56	94.01	7.31	1.31
37.00	72.16	65.11	95.92	13.14	1.24
37.60	71.14	64.30	97.36	10.98	1.31
38.20	70.43	63.98	98.67	19.78	1.20
38.80	68.78	61.86	98.93	24.32	1.18
39.40	66.22	59.47	98.08	23.04	1.24
40.00	63.59	56.88	96.54	20.25	1.31
40.60	61.59	54.82	94.55	17.33	1.36
41.20	60.60	53.80	91.78	13.10	1.43
41.80	60.86	54.18	89.55	6.47	1.51
42.40	62.20	54.83	88.30	1.78	1.54
43.00	64.20	55.94	88.21	3.39	1.49
43.60	65.66	59.16	89.00	-2.10	1.51
44.20	67.99	60.76	89.31	10.51	1.29
44.80	69.32	62.39	89.71	15.33	1.18
45.40	69.85	63.20	90.11	14.88	1.17
46.00	71.17	64.26	90.90	13.40	1.19
46.60	73.16	65.73	93.15	7.01	1.29
47.20	73.80	66.09	95.94	6.40	1.32
47.80	71.80	64.23	97.18	16.80	1.23
48.40	69.79	61.46	96.69	23.08	1.18
49.00	67.01	59.18	95.65	18.46	1.28
49.60	65.28	57.95	94.58	10.71	1.41
50.20	65.61	57.76	93.54	16.00	1.32
50.80	63.93	55.66	93.59	22.49	1.26
51.40	63.39	55.48	93.52	15.91	1.38
52.00	62.80	54.21	92.73	10.04	1.49
52.60	62.01	52.72	91.21	12.36	1.46
53.20	62.30	52.85	89.40	19.77	1.30
53.80	60.83	52.18	90.71	24.50	1.26
54.40	61.51	54.58	90.04	14.34	1.39
55.00	65.28	58.87	88.63	-0.82	1.52
55.60	69.78	63.07	90.32	-2.42	1.47
56.20	72.27	66.08	91.17	7.60	1.25
56.80	75.91	69.09	94.68	0.29	1.35
57.40	79.60	72.76	101.25	5.33	1.29
58.00	81.14	73.36	107.34	9.62	1.27
58.60	68.66	62.49	100.64	24.80	1.14
59.20	64.53	58.72	97.56	27.04	1.19
59.80	64.58	58.33	99.92	14.36	1.44
60.40	65.51	56.76	100.38	12.74	1.50
61.00	66.10	55.40	99.38	19.22	1.40
61.60	65.00	54.91	98.18	4.51	1.67
62.20	65.33	58.45	98.41	2.56	1.63
62.80	65.62	60.80	99.16	10.14	1.43
63.40	64.50	59.02	98.52	12.75	1.42
64.00	60.45	54.56	96.20	23.48	1.28
64.60	56.27	50.60	94.88	21.96	1.37
65.20	52.73	46.78	93.67	21.12	1.47
65.80	50.11	43.73	92.04	27.13	1.45
66.40	48.55	42.62	91.19	20.26	1.63
67.00	47.50	41.82	90.24	17.61	1.70
67.60	48.01	41.37	89.36	16.96	1.72
68.20	49.11	41.29	88.76	15.05	1.76
68.80	50.25	41.90	88.55	10.66	1.85
69.40	51.74	43.90	88.91	-11.61	2.28
70.00	52.78	46.23	90.17	2.83	1.83
70.60	53.73	45.83	89.86	9.53	1.69
71.20	52.03	43.93	88.40	15.38	1.63
71.80	50.66	43.30	87.81	19.80	1.52
72.40	50.21	43.44	86.97	15.16	1.61
73.00	49.60	43.46	85.80	12.47	1.65
73.60	49.74	43.57	84.79	15.28	1.54
74.20	51.27	44.29	84.13	12.21	1.59
74.80	53.80	46.34	83.96	-3.41	1.89
75.40	56.07	50.18	84.88	-4.26	1.74
76.00	59.53	51.97	85.97	6.95	1.50
76.60	59.08	52.12	85.79	7.15	1.46
77.20	59.05	51.82	85.30	15.29	1.32
77.80	59.87	51.67	84.96	8.02	1.47
78.40	60.84	52.02	84.87	-1.46	1.63
79.00	62.22	52.91	85.11	0.82	1.57
79.60	64.27	53.81	85.79	2.12	1.52
80.20	65.26	53.84	86.40	11.23	1.36
80.80	64.24	53.96	85.73	13.29	1.31
81.40	62.61	51.85	85.17	9.69	1.38
82.00	61.11	50.30	84.04	5.83	1.50
82.60	60.75	51.19	83.32	5.93	1.49
83.20	60.92	52.38	83.26	9.49	1.36
83.80	61.22	52.75	82.75	12.70	1.30
84.40	62.39	54.20	82.99	10.57	1.33
85.00	62.83	55.73	83.04	5.13	1.38
85.60	63.88	56.04	84.13	3.45	1.38
86.20	64.89	56.49	84.97	10.52	1.28
86.80	65.61	56.86	85.49	17.22	1.17
87.40	66.12	57.01	85.83	17.20	1.18
88.00	66.59	57.07	85.34	12.56	1.27
88.60	65.60	57.33	85.30	5.01	1.38
89.20	69.53	59.66	86.58	12.87	1.22
89.80	72.58	60.70	89.24	16.87	1.18
90.40	73.82	60.99	91.01	18.04	1.18
91.00	72.59	60.67	92.29	18.39	1.19
91.60	71.10	60.32	93.67	15.58	1.28
92.20	70.67	60.27	94.71	8.67	1.41
92.80	70.06	59.80	96.41	14.82	1.33
93.40	69.08	59.17	96.78	19.71	1.26
94.00	67.67	58.26	96.28	23.39	1.22
94.60	65.92	56.62	95.20	24.32	1.23
95.20	63.48	53.51	93.11	12.96	1.47
95.80	62.73	53.14	91.38	13.28	1.45
96.40	63.06	54.01	90.52	15.49	1.37
97.00	64.61	55.50	90.74	13.45	1.37
97.60	67.26	57.30	92.30	7.48	1.45
98.20	69.63	58.35	94.11	14.05	1.34
98.80	69.18	57.64	94.17	16.47	1.33
99.40	68.36	57.22	95.67	24.17	1.22
100.00	66.55	56.89	96.09	16.80	1.35
100.60	64.97	56.34	95.74	5.50	1.55
101.20	64.47	55.83	95.67	-0.03	1.68
101.80	65.21	55.75	97.59	2.33	1.67
102.40	66.90	55.42	99.45	14.80	1.48
103.00	60.61	49.85	93.62	25.17	1.30
103.60	57.28	47.29	91.68	18.91	1.50
104.20	56.09	46.61	91.07	11.87	1.67
104.80	56.29	47.17	88.77	16.95	1.48
105.40	56.70	47.50	87.39	15.79	1.47
106.00	57.57	46.98	86.54	5.75	1.68
106.60	58.91	46.58	85.94	-6.28	1.95
107.20	60.51	48.22	86.42	13.14	1.50
107.80	61.87	49.21	87.38	8.17	1.58
108.40	61.76	47.68	88.36	-11.05	2.01
109.00	60.80	47.90	88.90	4.19	1.69
109.60	59.01	45.49	89.31	14.22	1.59
110.20	55.83	42.62	89.34	13.89	1.73
110.80	52.36	40.40	88.82	15.80	1.76
111.40	51.20	38.16	88.40	24.25	1.63
112.00	50.16	37.33	87.75	13.15	1.97
112.60	49.66	36.63	86.67	1.42	2.28
113.20	49.47	36.12	85.30	-1.79	2.35
113.80	49.37	35.92	84.10	2.38	2.23
114.40	51.13	36.96	83.20	2.41	2.17
115.00	51.17	37.32	82.39	5.30	2.04
115.60	51.30	37.66	81.73	9.83	1.88
116.20	52.81	38.61	81.53	9.33	1.85
116.80	54.72	40.62	81.67	-2.50	2.06
117.40	58.49	43.51	82.90	-2.97	1.96
118.00	61.17	45.27	84.02	-0.45	1.82
118.60	62.49	46.53	84.56	0.60	1.76
119.20	63.23	47.67	85.28	10.06	1.55
119.80	64.02	47.49	85.78	2.15	1.71
120.40	65.22	48.39	85.39	6.66	1.60
121.00	65.86	48.33	84.93	7.72	1.44
121.60	67.75	51.80	85.48	3.11	1.77
122.20	71.56	58.81	87.82	3.14	2.84
122.80	75.27	63.94	91.57	-1.65	1.54
123.40	75.46	65.11	93.62	-0.03	1.40
124.00	74.56	63.73	93.21	12.40	1.25
124.60	74.28	63.58	93.53	6.62	1.34
125.20	73.99	63.93	94.14	1.43	1.42
125.80	73.59	63.51	94.45	6.01	1.36
126.40	73.21	61.32	94.09	8.02	1.38
127.00	70.06	60.50	92.41	9.85	1.34
127.60	67.46	57.30	90.47	9.19	1.38
128.20	65.86	54.90	88.56	7.38	1.46
128.80	65.19	55.64	86.86	13.28	1.29
129.40	64.98	55.13	85.59	10.43	1.32
130.00	65.79	57.38	85.71	8.76	1.33
130.60	68.08	59.07	87.26	11.27	1.27
131.20	70.32	58.77	89.36	11.66	1.30
131.80	69.27	58.71	90.92	9.13	1.35
132.40	67.43	57.65	91.30	12.51	1.34
133.00	66.40	56.52	91.11	14.44	1.34
133.60	65.88	56.48	90.82	12.82	1.36
134.20	65.51	57.76	90.80	9.34	1.38
134.80	64.50	56.20	91.11	14.86	1.31
135.40	64.27	54.89	91.59	20.54	1.27
136.00	63.44	53.70	91.67	22.45	1.28
136.60	61.80	52.48	91.02	18.55	1.34
137.20	61.40	51.67	89.80	18.41	1.35
137.80	61.68	50.80	88.77	18.31	1.36
138.40	62.01	50.12	88.00	17.58	1.37
139.00	61.47	49.70	86.70	19.67	1.34
139.60	63.53	50.55	86.93	9.05	1.52
140.20	63.93	50.66	86.67	7.89	1.53
140.80	63.60	50.72	85.46	17.22	1.34
141.40	63.64	51.39	84.42	18.95	1.28
142.00	64.02	51.39	84.37	12.40	1.37
142.60	65.26	53.30	83.83	6.23	1.43
143.20	67.06	56.77	84.57	5.43	1.38
143.80	70.11	60.67	87.61	9.37	1.27
144.40	73.97	63.10	91.54	9.45	1.29
145.00	72.64	60.99	93.70	17.50	1.31
145.60	70.94	59.47	93.11	26.16	0.91
146.20	69.43	57.37	100.21	31.98	1.81
146.80	68.80	56.14	108.60	29.85	3.05
147.40	69.42	56.71	100.55	9.17	1.92
148.00	71.24	59.42	99.33	1.87	1.93
148.60	72.35	62.50	100.12	8.78	1.66
149.20	72.06	62.93	99.56	16.04	1.30
149.80	70.85	61.42	101.33	13.37	1.40
150.40	69.97	61.15	120.10	-7.95	2.10
151.00	70.12	60.87	112.52	-9.35	1.97
151.60	65.38	57.67	102.82	5.74	1.63
152.20	62.32	55.15	97.09	16.21	1.44
152.80	60.99	53.75	95.12	16.43	1.44
153.40	60.59	53.24	93.62	13.00	1.49
154.00	60.99	54.35	92.58	9.92	1.50
154.60	61.28	54.73	91.83	8.86	1.48
155.20	60.88	52.54	90.67	10.10	1.49
155.80	58.97	51.16	88.86	13.24	1.45
156.40	57.56	51.00	87.03	16.93	1.35
157.00	56.42	51.06	85.44	19.92	1.25
157.60	55.06	50.66	84.06	20.35	1.22
158.20	54.20	49.75	83.25	18.72	1.27
158.80	54.59	49.26	83.59	14.38	1.38
159.40	54.88	49.01	84.39	10.46	1.47
160.00	54.25	48.57	83.43	16.01	1.36
160.60	53.16	47.16	82.17	16.90	1.34
161.20	52.04	45.51	81.25	17.56	1.35
161.80	51.97	44.75	80.79	15.43	1.42
162.40	52.14	44.98	80.66	10.22	1.53
163.00	51.74	46.06	80.30	7.11	1.55
163.60	52.33	46.70	81.21	10.25	1.49
164.20	52.20	47.25	81.12	12.69	1.41
164.80	51.46	47.26	80.71	11.97	1.42
165.40	51.21	46.97	80.50	9.25	1.48
166.00	51.99	46.81	80.32	8.57	1.49
166.60	53.19	48.48	80.25	9.19	1.44
167.20	54.90	50.22	80.52	13.27	1.33
167.80	57.09	51.36	82.17	13.12	1.30
168.40	58.32	52.63	83.94	12.85	1.31
169.00	58.71	52.58	84.77	14.95	1.30
169.60	58.64	51.21	84.64	15.16	1.31
170.20	57.75	50.25	84.70	1.77	1.60
170.80	56.87	51.88	84.45	9.18	1.43
171.40	57.47	51.63	84.36	10.48	1.39
172.00	58.53	51.19	84.46	6.20	1.49
172.60	58.97	51.07	84.52	5.81	1.49
173.20	58.13	50.16	84.05	12.30	1.39
173.80	57.32	49.88	83.48	12.10	1.39
174.40	56.91	49.34	82.23	12.23	1.38
175.00	56.35	49.25	80.93	11.82	1.38
175.60	56.33	50.19	80.07	9.53	1.39
176.20	58.35	52.36	80.17	5.46	1.41
176.80	60.54	55.85	80.41	13.29	1.19
177.40	62.73	58.01	81.72	12.22	1.18
178.00	64.24	59.17	82.86	8.47	1.24
>>>>>>> 4966aae922150d281e7f47d431009d8054258bc0
=======
TIEMPO	VFSCd	VFSCi	PAMn	PCC	RAP
0.40	63.02	57.39	91.53	15.73	1.25
1.00	62.64	57.35	91.24	6.62	1.44
1.60	63.18	58.71	91.68	3.16	1.49
2.20	64.36	57.91	92.54	3.85	1.50
2.80	65.42	57.87	92.42	1.39	1.51
3.40	65.47	59.88	92.57	4.77	1.44
4.00	66.03	58.90	92.96	0.75	1.52
4.60	67.98	60.88	93.62	-0.97	1.54
5.20	70.22	62.52	94.58	1.90	1.47
5.80	68.83	61.25	94.57	-0.43	1.50
6.40	66.15	60.17	93.10	10.73	1.33
7.00	64.87	60.25	91.41	9.81	1.31
7.60	65.75	60.25	91.01	3.08	1.41
8.20	68.03	61.10	91.63	10.77	1.29
8.80	67.90	60.37	91.46	-0.71	1.48
9.40	68.09	58.20	91.24	7.26	1.36
10.00	65.03	56.28	89.87	12.12	1.32
10.60	65.63	56.71	89.19	10.41	1.37
11.20	65.34	56.52	88.83	7.72	1.40
11.80	67.32	57.47	89.54	9.02	1.35
12.40	69.35	59.35	91.25	8.70	1.36
13.00	70.94	59.48	92.58	1.44	1.47
13.60	69.83	58.43	93.17	-1.65	1.55
14.20	67.77	58.23	93.45	4.40	1.50
14.80	66.45	58.60	93.67	7.87	1.43
15.40	65.43	57.89	94.20	-0.70	1.61
16.00	64.27	56.60	94.13	12.78	1.40
16.60	62.72	54.91	93.52	14.25	1.39
17.20	59.68	52.40	92.13	15.30	1.42
17.80	56.95	49.99	90.35	15.45	1.45
18.40	55.47	48.59	88.56	12.53	1.51
19.00	55.37	48.52	87.16	5.45	1.64
19.60	55.92	47.99	86.24	6.98	1.62
20.20	57.99	49.56	86.37	3.18	1.66
20.80	58.56	50.12	86.37	4.53	1.61
21.40	58.61	50.12	86.16	8.29	1.52
22.00	58.82	49.72	85.92	9.35	1.50
22.60	59.07	48.66	85.26	7.63	1.57
23.20	59.19	49.53	85.30	13.77	1.45
23.80	59.71	49.91	85.07	-9.32	1.85
24.40	61.44	55.27	86.99	1.44	1.57
25.00	63.06	59.26	89.56	14.84	1.24
25.60	64.77	60.56	91.04	4.91	1.38
26.20	66.80	61.02	91.17	11.79	1.28
26.80	68.20	61.83	92.09	4.39	1.38
27.40	68.75	62.84	94.04	5.75	1.38
28.00	70.57	63.09	96.17	9.56	1.34
28.60	69.93	62.01	96.33	15.07	1.27
29.20	68.12	60.38	95.56	18.84	1.24
29.80	66.10	58.70	94.63	19.35	1.25
30.40	64.43	57.47	93.57	16.54	1.30
31.00	64.41	58.86	93.01	10.03	1.39
31.60	64.77	59.09	92.39	15.15	1.29
32.20	64.57	57.95	91.63	17.41	1.25
32.80	64.14	56.67	90.63	12.68	1.34
33.40	63.96	55.98	88.97	12.86	1.32
34.00	64.40	56.19	88.20	7.26	1.41
34.60	65.37	59.05	88.00	14.39	1.25
35.20	67.10	60.95	88.58	6.41	1.33
35.80	70.79	63.13	91.22	-2.86	1.47
36.40	72.87	65.56	94.01	7.31	1.31
37.00	72.16	65.11	95.92	13.14	1.24
37.60	71.14	64.30	97.36	10.98	1.31
38.20	70.43	63.98	98.67	19.78	1.20
38.80	68.78	61.86	98.93	24.32	1.18
39.40	66.22	59.47	98.08	23.04	1.24
40.00	63.59	56.88	96.54	20.25	1.31
40.60	61.59	54.82	94.55	17.33	1.36
41.20	60.60	53.80	91.78	13.10	1.43
41.80	60.86	54.18	89.55	6.47	1.51
42.40	62.20	54.83	88.30	1.78	1.54
43.00	64.20	55.94	88.21	3.39	1.49
43.60	65.66	59.16	89.00	-2.10	1.51
44.20	67.99	60.76	89.31	10.51	1.29
44.80	69.32	62.39	89.71	15.33	1.18
45.40	69.85	63.20	90.11	14.88	1.17
46.00	71.17	64.26	90.90	13.40	1.19
46.60	73.16	65.73	93.15	7.01	1.29
47.20	73.80	66.09	95.94	6.40	1.32
47.80	71.80	64.23	97.18	16.80	1.23
48.40	69.79	61.46	96.69	23.08	1.18
49.00	67.01	59.18	95.65	18.46	1.28
49.60	65.28	57.95	94.58	10.71	1.41
50.20	65.61	57.76	93.54	16.00	1.32
50.80	63.93	55.66	93.59	22.49	1.26
51.40	63.39	55.48	93.52	15.91	1.38
52.00	62.80	54.21	92.73	10.04	1.49
52.60	62.01	52.72	91.21	12.36	1.46
53.20	62.30	52.85	89.40	19.77	1.30
53.80	60.83	52.18	90.71	24.50	1.26
54.40	61.51	54.58	90.04	14.34	1.39
55.00	65.28	58.87	88.63	-0.82	1.52
55.60	69.78	63.07	90.32	-2.42	1.47
56.20	72.27	66.08	91.17	7.60	1.25
56.80	75.91	69.09	94.68	0.29	1.35
57.40	79.60	72.76	101.25	5.33	1.29
58.00	81.14	73.36	107.34	9.62	1.27
58.60	68.66	62.49	100.64	24.80	1.14
59.20	64.53	58.72	97.56	27.04	1.19
59.80	64.58	58.33	99.92	14.36	1.44
60.40	65.51	56.76	100.38	12.74	1.50
61.00	66.10	55.40	99.38	19.22	1.40
61.60	65.00	54.91	98.18	4.51	1.67
62.20	65.33	58.45	98.41	2.56	1.63
62.80	65.62	60.80	99.16	10.14	1.43
63.40	64.50	59.02	98.52	12.75	1.42
64.00	60.45	54.56	96.20	23.48	1.28
64.60	56.27	50.60	94.88	21.96	1.37
65.20	52.73	46.78	93.67	21.12	1.47
65.80	50.11	43.73	92.04	27.13	1.45
66.40	48.55	42.62	91.19	20.26	1.63
67.00	47.50	41.82	90.24	17.61	1.70
67.60	48.01	41.37	89.36	16.96	1.72
68.20	49.11	41.29	88.76	15.05	1.76
68.80	50.25	41.90	88.55	10.66	1.85
69.40	51.74	43.90	88.91	-11.61	2.28
70.00	52.78	46.23	90.17	2.83	1.83
70.60	53.73	45.83	89.86	9.53	1.69
71.20	52.03	43.93	88.40	15.38	1.63
71.80	50.66	43.30	87.81	19.80	1.52
72.40	50.21	43.44	86.97	15.16	1.61
73.00	49.60	43.46	85.80	12.47	1.65
73.60	49.74	43.57	84.79	15.28	1.54
74.20	51.27	44.29	84.13	12.21	1.59
74.80	53.80	46.34	83.96	-3.41	1.89
75.40	56.07	50.18	84.88	-4.26	1.74
76.00	59.53	51.97	85.97	6.95	1.50
76.60	59.08	52.12	85.79	7.15	1.46
77.20	59.05	51.82	85.30	15.29	1.32
77.80	59.87	51.67	84.96	8.02	1.47
78.40	60.84	52.02	84.87	-1.46	1.63
79.00	62.22	52.91	85.11	0.82	1.57
79.60	64.27	53.81	85.79	2.12	1.52
80.20	65.26	53.84	86.40	11.23	1.36
80.80	64.24	53.96	85.73	13.29	1.31
81.40	62.61	51.85	85.17	9.69	1.38
82.00	61.11	50.30	84.04	5.83	1.50
82.60	60.75	51.19	83.32	5.93	1.49
83.20	60.92	52.38	83.26	9.49	1.36
83.80	61.22	52.75	82.75	12.70	1.30
84.40	62.39	54.20	82.99	10.57	1.33
85.00	62.83	55.73	83.04	5.13	1.38
85.60	63.88	56.04	84.13	3.45	1.38
86.20	64.89	56.49	84.97	10.52	1.28
86.80	65.61	56.86	85.49	17.22	1.17
87.40	66.12	57.01	85.83	17.20	1.18
88.00	66.59	57.07	85.34	12.56	1.27
88.60	65.60	57.33	85.30	5.01	1.38
89.20	69.53	59.66	86.58	12.87	1.22
89.80	72.58	60.70	89.24	16.87	1.18
90.40	73.82	60.99	91.01	18.04	1.18
91.00	72.59	60.67	92.29	18.39	1.19
91.60	71.10	60.32	93.67	15.58	1.28
92.20	70.67	60.27	94.71	8.67	1.41
92.80	70.06	59.80	96.41	14.82	1.33
93.40	69.08	59.17	96.78	19.71	1.26
94.00	67.67	58.26	96.28	23.39	1.22
94.60	65.92	56.62	95.20	24.32	1.23
95.20	63.48	53.51	93.11	12.96	1.47
95.80	62.73	53.14	91.38	13.28	1.45
96.40	63.06	54.01	90.52	15.49	1.37
97.00	64.61	55.50	90.74	13.45	1.37
97.60	67.26	57.30	92.30	7.48	1.45
98.20	69.63	58.35	94.11	14.05	1.34
98.80	69.18	57.64	94.17	16.47	1.33
99.40	68.36	57.22	95.67	24.17	1.22
100.00	66.55	56.89	96.09	16.80	1.35
100.60	64.97	56.34	95.74	5.50	1.55
101.20	64.47	55.83	95.67	-0.03	1.68
101.80	65.21	55.75	97.59	2.33	1.67
102.40	66.90	55.42	99.45	14.80	1.48
103.00	60.61	49.85	93.62	25.17	1.30
103.60	57.28	47.29	91.68	18.91	1.50
104.20	56.09	46.61	91.07	11.87	1.67
104.80	56.29	47.17	88.77	16.95	1.48
105.40	56.70	47.50	87.39	15.79	1.47
106.00	57.57	46.98	86.54	5.75	1.68
106.60	58.91	46.58	85.94	-6.28	1.95
107.20	60.51	48.22	86.42	13.14	1.50
107.80	61.87	49.21	87.38	8.17	1.58
108.40	61.76	47.68	88.36	-11.05	2.01
109.00	60.80	47.90	88.90	4.19	1.69
109.60	59.01	45.49	89.31	14.22	1.59
110.20	55.83	42.62	89.34	13.89	1.73
110.80	52.36	40.40	88.82	15.80	1.76
111.40	51.20	38.16	88.40	24.25	1.63
112.00	50.16	37.33	87.75	13.15	1.97
112.60	49.66	36.63	86.67	1.42	2.28
113.20	49.47	36.12	85.30	-1.79	2.35
113.80	49.37	35.92	84.10	2.38	2.23
114.40	51.13	36.96	83.20	2.41	2.17
115.00	51.17	37.32	82.39	5.30	2.04
115.60	51.30	37.66	81.73	9.83	1.88
116.20	52.81	38.61	81.53	9.33	1.85
116.80	54.72	40.62	81.67	-2.50	2.06
117.40	58.49	43.51	82.90	-2.97	1.96
118.00	61.17	45.27	84.02	-0.45	1.82
118.60	62.49	46.53	84.56	0.60	1.76
119.20	63.23	47.67	85.28	10.06	1.55
119.80	64.02	47.49	85.78	2.15	1.71
120.40	65.22	48.39	85.39	6.66	1.60
121.00	65.86	48.33	84.93	7.72	1.44
121.60	67.75	51.80	85.48	3.11	1.77
122.20	71.56	58.81	87.82	3.14	2.84
122.80	75.27	63.94	91.57	-1.65	1.54
123.40	75.46	65.11	93.62	-0.03	1.40
124.00	74.56	63.73	93.21	12.40	1.25
124.60	74.28	63.58	93.53	6.62	1.34
125.20	73.99	63.93	94.14	1.43	1.42
125.80	73.59	63.51	94.45	6.01	1.36
126.40	73.21	61.32	94.09	8.02	1.38
127.00	70.06	60.50	92.41	9.85	1.34
127.60	67.46	57.30	90.47	9.19	1.38
128.20	65.86	54.90	88.56	7.38	1.46
128.80	65.19	55.64	86.86	13.28	1.29
129.40	64.98	55.13	85.59	10.43	1.32
130.00	65.79	57.38	85.71	8.76	1.33
130.60	68.08	59.07	87.26	11.27	1.27
131.20	70.32	58.77	89.36	11.66	1.30
131.80	69.27	58.71	90.92	9.13	1.35
132.40	67.43	57.65	91.30	12.51	1.34
133.00	66.40	56.52	91.11	14.44	1.34
133.60	65.88	56.48	90.82	12.82	1.36
134.20	65.51	57.76	90.80	9.34	1.38
134.80	64.50	56.20	91.11	14.86	1.31
135.40	64.27	54.89	91.59	20.54	1.27
136.00	63.44	53.70	91.67	22.45	1.28
136.60	61.80	52.48	91.02	18.55	1.34
137.20	61.40	51.67	89.80	18.41	1.35
137.80	61.68	50.80	88.77	18.31	1.36
138.40	62.01	50.12	88.00	17.58	1.37
139.00	61.47	49.70	86.70	19.67	1.34
139.60	63.53	50.55	86.93	9.05	1.52
140.20	63.93	50.66	86.67	7.89	1.53
140.80	63.60	50.72	85.46	17.22	1.34
141.40	63.64	51.39	84.42	18.95	1.28
142.00	64.02	51.39	84.37	12.40	1.37
142.60	65.26	53.30	83.83	6.23	1.43
143.20	67.06	56.77	84.57	5.43	1.38
143.80	70.11	60.67	87.61	9.37	1.27
144.40	73.97	63.10	91.54	9.45	1.29
145.00	72.64	60.99	93.70	17.50	1.31
145.60	70.94	59.47	93.11	26.16	0.91
146.20	69.43	57.37	100.21	31.98	1.81
146.80	68.80	56.14	108.60	29.85	3.05
147.40	69.42	56.71	100.55	9.17	1.92
148.00	71.24	59.42	99.33	1.87	1.93
148.60	72.35	62.50	100.12	8.78	1.66
149.20	72.06	62.93	99.56	16.04	1.30
149.80	70.85	61.42	101.33	13.37	1.40
150.40	69.97	61.15	120.10	-7.95	2.10
151.00	70.12	60.87	112.52	-9.35	1.97
151.60	65.38	57.67	102.82	5.74	1.63
152.20	62.32	55.15	97.09	16.21	1.44
152.80	60.99	53.75	95.12	16.43	1.44
153.40	60.59	53.24	93.62	13.00	1.49
154.00	60.99	54.35	92.58	9.92	1.50
154.60	61.28	54.73	91.83	8.86	1.48
155.20	60.88	52.54	90.67	10.10	1.49
155.80	58.97	51.16	88.86	13.24	1.45
156.40	57.56	51.00	87.03	16.93	1.35
157.00	56.42	51.06	85.44	19.92	1.25
157.60	55.06	50.66	84.06	20.35	1.22
158.20	54.20	49.75	83.25	18.72	1.27
158.80	54.59	49.26	83.59	14.38	1.38
159.40	54.88	49.01	84.39	10.46	1.47
160.00	54.25	48.57	83.43	16.01	1.36
160.60	53.16	47.16	82.17	16.90	1.34
161.20	52.04	45.51	81.25	17.56	1.35
161.80	51.97	44.75	80.79	15.43	1.42
162.40	52.14	44.98	80.66	10.22	1.53
163.00	51.74	46.06	80.30	7.11	1.55
163.60	52.33	46.70	81.21	10.25	1.49
164.20	52.20	47.25	81.12	12.69	1.41
164.80	51.46	47.26	80.71	11.97	1.42
165.40	51.21	46.97	80.50	9.25	1.48
166.00	51.99	46.81	80.32	8.57	1.49
166.60	53.19	48.48	80.25	9.19	1.44
167.20	54.90	50.22	80.52	13.27	1.33
167.80	57.09	51.36	82.17	13.12	1.30
168.40	58.32	52.63	83.94	12.85	1.31
169.00	58.71	52.58	84.77	14.95	1.30
169.60	58.64	51.21	84.64	15.16	1.31
170.20	57.75	50.25	84.70	1.77	1.60
170.80	56.87	51.88	84.45	9.18	1.43
171.40	57.47	51.63	84.36	10.48	1.39
172.00	58.53	51.19	84.46	6.20	1.49
172.60	58.97	51.07	84.52	5.81	1.49
173.20	58.13	50.16	84.05	12.30	1.39
173.80	57.32	49.88	83.48	12.10	1.39
174.40	56.91	49.34	82.23	12.23	1.38
175.00	56.35	49.25	80.93	11.82	1.38
175.60	56.33	50.19	80.07	9.53	1.39
176.20	58.35	52.36	80.17	5.46	1.41
176.80	60.54	55.85	80.41	13.29	1.19
177.40	62.73	58.01	81.72	12.22	1.18
178.00	64.24	59.17	82.86	8.47	1.24
>>>>>>> 4966aae922150d281e7f47d431009d8054258bc0
178.60	64.72	59.66	82.95	10.22	1.20