TIEMPO	VFSCd	VFSCi	PAMn	PCC	RAP
0.40	52.70	47.04	87.39	17.47	1.49
1.00	54.35	47.42	87.55	7.91	1.66
1.60	52.71	45.95	85.18	14.59	1.50
2.20	52.82	45.34	84.30	13.99	1.53
2.80	53.80	46.48	84.85	12.90	1.53
3.40	55.45	48.77	86.20	7.76	1.59
4.00	57.92	50.35	87.67	-3.71	1.78
4.60	58.77	51.31	88.34	-6.16	1.80
5.20	58.24	50.57	88.69	4.61	1.62
5.80	58.72	50.77	89.40	13.69	1.47
6.40	59.79	51.72	90.44	10.25	1.52
7.00	59.66	50.83	90.83	3.16	1.68
7.60	59.02	50.03	91.13	4.92	1.69
8.20	55.67	48.14	89.41	10.69	1.60
8.80	53.95	45.23	87.95	17.01	1.52
9.40	52.44	43.64	86.86	12.00	1.67
10.00	52.81	43.24	86.23	17.00	1.57
10.60	53.05	43.35	85.99	15.71	1.59
11.20	52.45	43.00	85.69	-6.56	2.10
11.80	52.14	42.00	84.44	9.85	1.74
12.40	52.36	42.72	84.09	14.68	1.61
13.00	51.62	43.79	84.38	3.37	1.82
13.60	53.49	43.91	85.67	6.76	1.76
14.20	55.02	45.64	88.43	19.96	1.48
14.80	56.30	47.03	90.41	13.52	1.59
15.40	55.98	45.91	90.53	14.14	1.61
16.00	54.89	45.29	90.54	15.25	1.64
16.60	53.93	45.51	91.02	10.17	1.75
17.20	53.25	45.63	91.20	8.24	1.78
17.80	52.85	45.14	90.80	10.33	1.76
18.40	52.53	44.29	89.96	13.50	1.70
19.00	50.87	42.82	87.89	12.05	1.74
19.60	50.28	41.38	85.99	10.56	1.78
20.20	50.58	40.62	84.94	10.43	1.81
20.80	50.09	40.96	84.23	7.81	1.85
21.40	50.82	42.01	84.08	15.03	1.63
22.00	52.31	43.04	84.86	4.75	1.84
22.60	52.75	43.62	84.91	1.70	1.86
23.20	53.34	44.14	85.08	11.18	1.65
23.80	55.94	46.19	87.03	5.66	1.76
24.40	58.89	49.39	91.18	3.55	1.75
25.00	60.44	52.57	95.31	2.35	1.74
25.60	59.09	51.43	96.89	5.09	1.74
26.20	56.61	48.97	96.14	11.97	1.68
26.80	54.03	47.08	94.52	13.96	1.67
27.40	51.00	44.81	93.50	15.51	1.71
28.00	50.90	44.58	92.97	15.43	1.72
28.60	50.57	44.33	92.52	16.48	1.69
29.20	50.34	43.86	91.80	12.85	1.77
29.80	50.26	43.15	90.66	3.02	2.00
30.40	48.81	41.37	88.78	13.47	1.79
31.00	48.49	41.49	87.30	13.30	1.76
31.60	48.45	41.45	86.99	5.42	1.95
32.20	49.47	42.59	87.91	7.08	1.89
32.80	51.58	43.96	89.22	6.93	1.84
33.40	52.87	44.93	89.97	5.86	1.84
34.00	52.69	44.97	89.65	14.21	1.63
34.60	51.89	43.93	88.88	12.93	1.70
35.20	51.64	43.18	89.35	-15.09	2.36
35.80	52.87	44.33	90.31	-3.37	2.13
36.40	56.27	49.91	92.01	-6.76	1.95
37.00	57.77	51.47	93.15	-6.54	1.91
37.60	57.07	50.06	93.07	12.85	1.55
38.20	56.13	48.17	92.44	11.24	1.65
38.80	55.10	45.64	92.15	8.39	1.77
39.40	54.14	45.04	92.20	13.33	1.70
40.00	53.48	44.84	92.25	15.94	1.65
40.60	53.14	43.79	92.12	15.53	1.71
41.20	52.78	42.70	91.20	-1.49	2.12
41.80	51.41	42.43	89.50	1.00	2.05
42.40	50.56	41.42	87.90	2.83	2.03
43.00	50.91	41.40	87.27	6.99	1.93
43.60	51.66	42.78	87.67	2.42	1.97
44.20	53.79	44.02	88.84	15.75	1.64
44.80	56.30	44.88	90.27	9.34	1.77
45.40	55.99	45.51	90.59	8.29	1.77
46.00	56.00	45.34	90.54	11.06	1.71
46.60	56.98	47.21	90.85	7.41	1.76
47.20	58.26	49.09	91.26	3.81	1.75
47.80	59.56	49.99	91.48	0.31	1.76
48.40	59.92	50.35	91.97	-7.63	1.93
49.00	58.35	48.46	89.50	11.98	1.56
49.60	56.93	46.50	87.75	4.64	1.73
50.20	56.61	45.78	87.47	13.28	1.57
50.80	56.94	46.03	87.22	-2.25	1.90
51.40	58.68	47.17	88.02	-5.70	1.95
52.00	58.09	47.01	86.91	0.91	1.78
52.60	57.43	45.83	85.47	18.44	1.43
53.20	57.09	44.62	85.79	10.12	1.65
53.80	58.39	45.81	86.94	8.58	1.67
54.40	60.58	47.24	88.11	-5.85	1.94
55.00	60.86	47.62	88.93	4.78	1.71
55.60	59.60	47.25	88.05	7.89	1.66
56.20	58.60	46.96	87.65	10.54	1.60
56.80	58.77	46.92	88.30	9.64	1.63
57.40	59.24	47.38	89.44	4.81	1.75
58.00	59.55	47.16	90.46	12.38	1.62
58.60	57.49	45.26	89.42	17.95	1.52
59.20	55.16	44.07	87.26	20.42	1.48
59.80	53.91	43.69	86.44	13.79	1.63
60.40	53.51	43.05	86.28	11.75	1.69
61.00	53.56	42.86	86.92	14.06	1.65
61.60	51.83	42.04	85.59	19.49	1.55
62.20	50.33	41.29	83.45	8.51	1.78
62.80	50.70	41.38	84.10	9.18	1.79
63.40	52.85	42.89	86.16	-1.60	2.01
64.00	55.29	45.24	88.87	-6.59	2.10
64.60	55.96	45.77	89.99	20.32	1.48
65.20	55.10	43.66	90.91	19.65	1.59
65.80	54.40	42.02	91.96	14.54	1.82
66.40	53.66	41.09	91.58	22.35	1.66
67.00	53.75	41.05	90.46	2.62	2.10
67.60	52.97	40.29	89.20	3.46	2.11
68.20	50.80	39.92	87.98	3.03	2.10
68.80	49.82	38.95	86.39	14.50	1.83
69.40	50.77	39.30	87.22	-0.63	2.19
70.00	51.90	40.11	86.76	-0.54	2.16
70.60	53.66	41.98	89.21	8.39	1.85
71.20	55.27	42.07	92.62	0.05	2.14
71.80	55.30	41.27	91.36	15.02	1.82
72.40	54.41	41.33	89.81	3.79	2.16
73.00	54.93	40.93	90.34	-10.81	2.19
73.60	54.76	41.54	94.93	-15.27	3.68
74.20	53.73	42.37	95.33	-7.12	4.32
74.80	53.01	41.86	86.36	11.84	1.74
75.40	52.05	40.38	83.97	9.34	1.82
76.00	50.16	39.35	81.85	5.48	1.91
76.60	50.64	39.62	81.33	14.07	1.50
77.20	51.75	41.76	81.36	16.01	3.08
77.80	53.28	44.93	81.81	13.47	1.88
78.40	54.61	44.61	82.19	16.40	1.45
79.00	54.05	42.39	83.05	21.67	1.40
79.60	53.31	40.69	81.99	10.91	1.70
80.20	53.42	40.08	83.17	4.33	1.94
80.80	55.08	39.91	83.67	-1.49	2.12
81.40	57.33	40.81	87.22	-2.91	2.19
82.00	59.61	42.98	91.80	6.50	1.98
82.60	58.58	44.58	91.86	19.36	1.61
83.20	55.94	45.39	86.33	21.34	1.40
83.80	55.06	45.05	86.91	13.51	1.58
84.40	53.56	42.84	82.88	5.65	1.75
85.00	57.89	44.15	86.67	-16.35	2.30
85.60	64.27	51.80	95.12	-11.58	2.08
86.20	63.99	54.65	97.17	10.29	1.51
86.80	61.37	51.87	96.30	19.13	1.45
87.40	58.43	47.69	95.46	9.99	1.74
88.00	54.67	45.07	92.62	15.36	1.67
88.60	52.07	43.43	90.02	8.96	1.84
89.20	51.02	42.01	87.64	0.23	2.05
89.80	50.84	41.10	85.32	-3.61	2.16
90.40	49.86	41.78	83.79	-21.24	2.49
91.00	49.79	41.80	81.58	-2.04	1.97
91.60	49.50	41.87	79.60	17.04	1.48
92.20	49.33	41.63	78.55	15.13	1.48
92.80	50.25	40.97	78.87	-3.67	1.98
93.40	51.56	41.95	79.76	7.26	1.72
94.00	53.50	42.57	80.62	16.71	1.48
94.60	53.39	42.38	81.58	12.10	1.60
95.20	53.37	41.82	82.28	2.28	1.89
95.80	53.40	42.63	81.42	1.62	1.86
96.40	55.02	44.28	82.67	6.38	1.71
97.00	56.57	44.62	85.52	-3.38	1.95
97.60	57.73	44.97	87.85	11.46	1.66
98.20	58.26	45.47	89.66	-2.39	2.01
98.80	57.31	44.78	88.21	15.78	1.57
99.40	54.37	43.05	87.72	11.32	1.75
100.00	52.16	41.95	87.24	2.93	2.00
100.60	51.97	42.32	85.44	16.73	1.61
101.20	53.60	44.29	86.74	0.13	1.90
101.80	52.71	42.25	82.62	8.02	1.74
102.40	52.77	43.27	84.36	-4.45	2.01
103.00	52.74	45.08	80.74	16.91	1.41
103.60	55.78	48.16	86.23	-3.46	1.85
104.20	57.92	49.50	89.65	-5.42	1.88
104.80	57.98	49.54	91.07	13.39	1.54
105.40	55.81	46.17	91.37	13.49	1.64
106.00	53.18	44.38	89.55	11.34	1.73
106.60	51.00	42.00	87.83	11.86	1.77
107.20	49.03	40.28	86.20	10.62	1.84
107.80	47.63	39.64	84.45	5.42	1.96
108.40	48.41	39.46	82.39	-10.58	2.32
109.00	47.86	40.57	80.56	0.03	1.98
109.60	47.91	41.45	79.43	9.78	1.67
110.20	49.44	41.64	79.35	5.80	1.75
110.80	51.85	41.87	80.77	1.23	1.84
111.40	53.22	44.64	83.08	6.02	1.69
112.00	54.89	45.47	84.37	17.11	1.45
112.60	54.90	44.69	85.42	21.59	1.43
113.20	55.37	44.51	86.06	6.40	1.77
113.80	55.00	43.53	85.27	10.63	1.68
114.40	54.36	42.75	85.80	6.75	1.82
115.00	54.50	41.84	86.47	4.57	1.92
115.60	55.07	41.49	86.61	11.95	1.78
116.20	55.10	41.66	86.64	14.37	1.73
116.80	54.12	41.63	85.50	-1.26	2.06
117.40	54.34	41.70	84.03	14.12	1.73
118.00	55.28	41.65	85.21	12.01	1.55
118.60	56.18	43.42	85.71	9.86	2.84
119.20	57.13	46.58	87.21	12.24	2.13
119.80	57.80	46.82	85.97	15.78	1.46
120.40	57.70	46.99	84.98	6.92	1.63
121.00	58.80	46.83	86.22	0.47	1.79
121.60	60.41	48.45	88.01	-2.58	1.86
122.20	61.51	48.11	89.28	-15.51	2.14
122.80	60.49	45.88	89.43	-5.01	2.00
123.40	58.14	44.16	87.03	14.54	1.63
124.00	57.44	44.14	84.38	5.72	1.75
124.60	56.98	45.61	84.30	-0.42	1.94
125.20	56.68	45.45	84.34	1.13	1.65
125.80	58.39	47.45	84.48	0.46	2.96
126.40	57.89	48.35	87.58	16.65	1.73
127.00	58.57	48.06	84.96	9.71	1.40
127.60	59.01	50.48	88.36	11.31	2.20
128.20	63.20	53.47	96.05	-9.32	1.99
128.80	66.01	54.73	101.04	-8.47	2.15
129.40	61.98	49.70	101.25	13.20	1.72
130.00	55.58	45.77	96.46	10.07	1.86
130.60	53.75	43.30	97.96	7.55	2.04
131.20	51.29	40.11	94.99	10.69	2.04
131.80	49.28	37.98	91.63	13.12	2.04
132.40	48.06	36.82	89.99	10.31	2.13
133.00	47.53	35.60	86.93	1.13	2.42
133.60	48.43	42.36	84.67	-10.85	2.23
134.20	50.72	44.92	84.25	3.58	1.77
134.80	51.84	45.40	84.01	13.07	1.55
135.40	49.34	42.05	81.70	11.52	1.60
136.00	45.19	37.21	76.18	17.44	1.55
136.60	46.58	38.61	76.78	-14.83	2.37
137.20	53.46	42.40	83.41	16.30	1.59
137.80	56.22	45.88	87.96	5.89	1.75
138.40	57.53	45.71	91.47	20.75	1.51
139.00	57.62	44.62	94.43	17.33	1.71
139.60	55.47	42.39	95.45	9.04	1.99
140.20	53.50	40.55	95.35	14.25	1.98
140.80	52.63	39.94	95.69	10.32	2.13
141.40	51.26	39.13	94.52	3.74	2.31
142.00	49.98	38.75	93.63	6.08	2.20
142.60	48.96	37.68	92.62	6.40	2.19
143.20	48.20	35.92	91.07	-6.62	2.66
143.80	46.96	35.33	89.22	3.71	2.37
144.40	46.36	36.15	87.26	9.42	2.12
145.00	46.35	37.95	85.29	1.10	2.19
145.60	46.28	39.78	83.90	5.76	1.97
146.20	46.33	41.22	82.41	7.92	1.80
146.80	46.53	42.29	80.57	2.24	1.81
147.40	46.70	43.13	79.23	0.93	1.78
148.00	47.10	43.66	77.78	3.39	1.68
148.60	48.07	44.25	76.35	8.25	1.50
149.20	50.16	45.53	77.72	6.55	1.54
149.80	52.65	47.36	79.20	7.88	1.50
150.40	56.08	50.41	81.47	6.48	1.48
151.00	57.80	50.95	83.74	6.37	1.47
151.60	58.03	50.66	84.97	9.90	1.43
152.20	57.83	50.75	84.39	14.32	1.34
152.80	57.75	49.64	85.12	8.42	1.49
153.40	58.77	50.67	86.46	10.24	1.47
154.00	58.82	50.22	87.72	8.93	1.54
154.60	58.60	49.19	88.62	7.65	1.62
155.20	58.11	48.42	88.78	9.10	1.63
155.80	57.14	48.00	87.71	8.56	1.61
156.40	55.53	47.46	86.54	10.80	1.56
157.00	56.26	48.47	86.63	4.64	1.65
157.60	57.71	49.30	87.00	-2.18	1.76
158.20	58.78	49.60	87.14	-4.50	1.83
158.80	58.81	49.46	88.47	-6.98	1.86
159.40	56.58	47.64	86.46	-6.35	1.91
160.00	57.12	47.49	86.23	12.54	1.54
160.60	58.16	47.01	86.79	-1.20	1.85
161.20	59.37	48.11	87.75	-9.98	2.01
161.80	59.20	48.40	87.82	1.86	1.73
162.40	57.79	47.29	85.41	11.40	1.54
163.00	57.29	47.36	85.21	-1.27	1.79
163.60	57.35	48.28	85.33	7.11	1.59
164.20	59.02	48.23	85.66	-1.94	1.80
164.80	59.89	49.05	86.91	1.62	1.72
165.40	59.13	47.66	85.51	10.74	1.52
166.00	58.15	47.39	84.19	11.83	1.50
166.60	58.32	48.20	84.52	4.06	1.65
167.20	59.25	49.21	85.45	-0.74	1.72
167.80	59.97	50.24	87.05	15.84	1.42
168.40	60.22	50.32	88.58	15.98	2.19
169.00	58.64	48.20	87.67	15.15	1.56
169.60	55.95	45.72	85.87	4.91	1.73
170.20	55.70	44.73	86.48	14.59	1.57
170.80	55.08	43.85	86.21	7.48	1.78
171.40	54.90	43.81	86.87	2.91	1.89
172.00	54.26	43.60	87.00	6.68	1.79
172.60	53.18	42.85	85.74	7.10	1.79
173.20	52.19	41.94	84.15	-7.14	2.14
173.80	51.81	41.42	84.30	7.07	1.83
174.40	52.31	43.19	83.95	-4.10	2.03
175.00	55.32	44.58	85.72	-1.01	1.92
175.60	54.60	44.85	86.71	4.07	1.81
176.20	54.91	44.30	86.65	17.29	1.54
176.80	55.95	44.88	87.56	13.10	1.64
177.40	56.49	45.11	89.19	8.15	1.75
178.00	58.34	46.99	90.77	5.36	1.80
178.60	59.77	48.38	92.18	-3.76	1.96
179.20	59.12	47.26	93.62	4.93	1.83