<<<<<<< HEAD
TIEMPO	VFSCd	VFSCi	PAMn	PCC	RAP
0.40	45.77	74.93	64.30	2.43	0.83
1.00	45.11	73.33	64.89	3.32	0.82
1.60	45.99	74.11	65.47	3.33	0.83
2.20	46.99	74.65	65.76	2.69	0.84
2.80	47.21	73.74	64.80	3.11	0.82
3.40	46.92	74.12	64.20	-2.36	0.89
4.00	45.90	74.78	63.63	1.41	0.82
4.60	46.28	73.91	63.11	5.08	0.77
5.20	46.64	73.18	62.74	3.90	0.79
5.80	46.42	74.25	62.28	0.73	0.83
6.40	48.11	77.62	64.02	-0.64	0.82
7.00	50.57	79.21	65.81	-0.38	0.83
7.60	51.28	80.85	67.05	-1.85	0.85
8.20	51.65	81.21	67.46	-2.57	0.86
8.80	51.74	80.30	67.07	-0.43	0.83
9.40	51.17	79.08	66.49	3.31	0.78
10.00	50.97	76.71	65.10	4.84	0.77
10.60	49.50	75.69	64.09	0.59	0.83
11.20	49.87	76.73	64.38	-1.46	0.85
11.80	50.79	78.19	65.46	-0.17	0.83
12.40	50.92	78.67	65.71	-1.92	0.85
13.00	50.05	77.30	64.94	0.41	0.82
13.60	49.09	73.95	63.81	-1.60	0.87
14.20	47.49	71.41	62.37	1.22	0.84
14.80	46.20	69.59	60.75	4.07	0.80
15.40	45.65	68.34	59.10	1.23	0.84
16.00	45.53	67.98	58.61	3.74	0.80
16.60	47.02	70.53	59.79	-2.63	0.89
17.20	47.65	72.81	60.74	-2.85	0.87
17.80	48.18	73.87	61.08	0.34	0.81
18.40	48.14	73.27	61.05	1.63	0.79
19.00	46.95	71.08	60.70	2.15	0.81
19.60	45.64	70.58	60.04	0.84	0.84
20.20	45.64	70.78	60.11	0.70	0.83
20.80	47.16	72.51	61.12	2.46	0.80
21.40	48.10	73.89	62.55	4.52	0.77
22.00	47.82	74.04	63.36	3.03	0.80
22.60	47.93	73.96	63.43	4.08	0.79
23.20	47.49	72.32	63.33	3.60	0.81
23.80	46.54	71.61	62.67	2.32	0.83
24.40	45.80	70.95	61.79	-0.01	0.87
25.00	45.62	70.79	61.19	-3.33	0.91
25.60	46.05	74.16	62.57	-1.15	0.86
26.20	46.50	74.78	63.51	-2.57	0.87
26.80	46.74	76.07	64.07	-2.02	0.86
27.40	46.73	77.01	64.63	0.43	0.83
28.00	46.49	77.14	65.28	3.18	0.79
28.60	46.06	76.76	65.85	5.96	0.76
29.20	45.77	76.56	65.80	1.18	0.83
29.80	44.92	75.96	65.75	1.58	0.82
30.40	46.00	77.84	66.60	3.04	0.81
31.00	47.10	79.66	68.03	2.67	0.82
31.60	47.03	79.37	68.16	3.40	0.80
32.20	47.43	77.70	67.43	-1.80	0.89
32.80	46.94	77.59	66.59	1.29	0.83
33.40	45.67	77.88	65.61	3.13	0.79
34.00	45.07	78.07	64.50	0.64	0.81
34.60	45.82	78.33	63.63	1.17	0.77
35.20	45.94	79.98	64.06	2.04	0.86
35.80	47.87	81.98	65.95	-0.73	0.85
36.40	49.54	84.15	67.76	-2.76	0.82
37.00	50.37	85.05	68.70	-2.57	0.82
37.60	50.27	84.31	68.73	-1.60	0.82
38.20	49.01	82.86	68.01	-1.17	0.82
38.80	48.12	80.13	66.61	-0.38	0.83
39.40	46.96	78.67	65.60	-0.89	0.84
40.00	47.24	79.18	65.33	-0.63	0.83
40.60	48.79	80.72	65.69	2.13	0.78
41.20	49.07	80.08	67.19	4.49	0.76
41.80	50.34	81.23	66.65	5.43	0.85
42.40	49.29	82.02	66.47	4.18	0.82
43.00	48.02	81.49	66.45	0.54	0.79
43.60	45.92	79.90	65.37	-1.48	0.81
44.20	43.98	77.90	63.05	2.83	0.76
44.80	44.12	76.46	62.70	2.43	0.77
45.40	44.45	77.59	63.40	2.20	0.77
46.00	43.81	78.12	62.62	-0.44	0.79
46.60	43.38	76.97	61.06	3.64	0.73
47.20	42.73	74.86	58.86	2.42	0.74
47.80	41.44	72.04	56.27	1.37	0.75
48.40	41.23	70.93	54.72	3.17	0.72
49.00	42.71	72.56	55.80	2.48	0.72
49.60	44.83	76.16	57.08	-3.41	0.79
50.20	45.36	78.75	58.24	0.49	0.72
50.80	45.47	78.91	58.80	2.66	0.70
51.40	46.40	78.65	58.45	1.55	0.71
52.00	45.72	76.75	57.67	0.37	0.73
52.60	46.26	78.40	58.21	0.03	0.74
53.20	48.31	82.87	61.41	0.35	0.73
53.80	49.94	84.91	63.80	2.87	0.71
54.40	50.82	84.01	65.49	1.37	0.74
55.00	50.15	82.86	65.58	6.28	0.68
55.60	49.87	79.93	64.45	6.11	0.72
56.20	48.10	75.47	62.61	4.00	0.74
56.80	46.59	72.07	60.66	4.20	0.69
57.40	46.87	71.26	60.11	6.35	0.73
58.00	47.27	71.32	60.46	4.48	0.77
58.60	47.84	70.40	60.64	5.62	0.77
59.20	48.09	69.59	60.41	6.13	0.77
59.80	47.64	68.80	59.79	4.14	0.80
60.40	46.38	67.62	59.00	4.55	0.80
61.00	46.35	67.22	58.11	5.00	0.78
61.60	46.52	67.54	57.84	2.07	0.82
62.20	47.75	69.37	58.75	2.25	0.82
62.80	49.90	72.15	60.80	7.32	0.73
63.40	51.89	74.46	62.82	4.48	0.77
64.00	51.61	75.14	63.83	6.38	0.75
64.60	50.30	73.03	63.76	6.50	0.77
65.20	49.63	71.66	62.99	4.51	0.81
65.80	50.02	71.79	62.52	2.54	0.83
66.40	51.33	72.77	64.48	4.45	0.82
67.00	52.46	73.08	65.51	5.21	0.81
67.60	52.19	73.65	65.53	6.56	0.79
68.20	51.69	73.11	64.94	3.48	0.84
68.80	50.52	71.35	63.89	-1.31	0.90
69.40	49.15	69.69	62.22	0.19	0.90
70.00	49.46	71.40	62.47	0.30	0.76
70.60	50.58	73.39	63.50	0.60	0.79
71.20	51.26	74.12	64.26	1.11	0.84
71.80	51.92	74.03	64.41	2.13	0.83
72.40	52.26	73.57	63.99	4.64	0.80
73.00	51.20	73.06	63.65	0.97	0.86
73.60	51.61	71.87	62.74	4.84	0.80
74.20	51.17	71.29	62.06	3.77	0.81
74.80	51.11	72.83	62.41	-0.24	0.86
75.40	51.64	75.56	64.21	3.26	0.80
76.00	51.70	76.37	64.91	3.28	0.79
76.60	50.81	76.17	65.18	2.00	0.82
77.20	50.10	74.85	64.96	0.61	0.85
77.80	48.64	73.39	64.28	0.93	0.86
78.40	47.16	72.65	63.57	2.51	0.84
79.00	46.68	73.02	63.56	2.14	0.83
79.60	48.11	74.62	65.36	0.26	0.87
80.20	48.59	76.97	66.71	0.68	0.86
80.80	49.00	77.02	67.02	3.78	0.81
81.40	48.41	75.87	66.34	5.07	0.79
82.00	47.48	74.01	64.87	3.15	0.82
82.60	47.73	71.11	63.16	4.80	0.81
83.20	47.88	74.30	63.62	0.28	0.84
83.80	48.83	75.55	64.24	1.09	0.83
84.40	49.51	75.11	64.30	3.20	0.81
85.00	49.39	74.28	63.73	4.44	0.79
85.60	48.46	73.39	62.87	7.39	0.74
86.20	46.94	71.81	61.77	2.23	0.83
86.80	46.97	71.28	61.22	2.62	0.81
87.40	47.73	72.07	61.74	1.42	0.83
88.00	48.44	73.50	62.85	-0.38	0.85
88.60	48.69	74.60	63.52	4.46	0.78
89.20	48.11	74.10	63.86	2.45	0.81
89.80	48.28	73.22	63.40	2.35	0.82
90.40	46.31	70.59	61.99	4.03	0.81
91.00	45.68	71.02	61.77	2.27	0.84
91.60	46.15	73.66	63.28	-1.95	0.88
92.20	46.56	76.25	64.99	4.72	0.78
92.80	46.54	77.04	65.32	3.47	0.79
93.40	45.65	76.45	64.98	2.24	0.82
94.00	44.33	75.04	64.41	0.95	0.84
94.60	43.23	73.70	63.69	1.72	0.83
95.20	42.97	72.94	62.82	5.29	0.78
95.80	44.13	72.90	61.96	6.80	0.69
96.40	45.81	73.31	63.14	0.91	0.84
97.00	47.28	76.40	65.07	-0.19	0.86
97.60	48.66	78.38	66.43	1.25	0.83
98.20	48.86	77.77	66.79	2.90	0.81
98.80	47.91	75.72	66.41	5.41	0.79
99.40	47.70	75.00	65.75	2.85	0.83
100.00	47.53	73.25	64.71	1.96	0.84
100.60	47.22	71.34	63.89	4.93	0.80
101.20	47.70	71.66	63.80	4.92	0.81
101.80	48.72	73.48	64.54	-1.41	0.89
102.40	49.14	73.31	65.01	1.54	0.86
103.00	49.17	73.25	64.84	1.35	0.87
103.60	49.05	72.73	64.62	1.43	0.86
104.20	48.34	72.04	64.21	2.15	0.85
104.80	47.25	71.39	63.42	3.17	0.84
105.40	46.43	70.67	62.55	7.58	0.77
106.00	45.61	71.43	63.56	2.23	0.84
106.60	47.32	73.32	65.14	1.37	0.86
107.20	47.43	74.39	66.39	3.97	0.83
107.80	46.73	74.42	66.99	4.94	0.83
108.40	46.85	73.81	66.61	1.59	0.87
109.00	47.20	72.55	65.96	3.76	0.84
109.60	46.62	71.44	64.66	3.16	0.87
110.20	46.13	70.37	63.47	2.11	0.84
110.80	46.56	70.57	63.17	1.75	0.77
111.40	48.03	72.76	64.57	-1.12	0.89
112.00	48.62	73.58	65.01	0.59	0.87
112.60	49.20	73.54	64.87	3.19	0.84
113.20	49.04	73.06	64.28	4.98	0.80
113.80	48.12	72.51	63.40	4.44	0.80
114.40	46.83	72.01	62.66	-0.55	0.86
115.00	46.73	71.42	61.84	1.46	0.84
115.60	45.79	72.02	61.78	-0.50	0.85
116.20	47.07	75.28	63.12	-1.50	0.85
116.80	48.60	78.59	65.32	-0.03	0.83
117.40	48.84	80.16	66.81	-0.41	0.83
118.00	48.05	79.57	67.28	1.64	0.81
118.60	47.97	79.16	67.28	4.70	0.78
119.20	46.76	77.94	66.96	5.57	0.78
119.80	45.17	75.95	65.98	5.46	0.79
120.40	44.01	74.19	64.60	5.73	0.79
121.00	43.76	74.00	64.65	7.14	0.76
121.60	43.74	75.91	65.79	3.02	0.82
122.20	45.00	75.33	66.01	5.09	0.79
122.80	44.29	74.70	65.60	3.54	0.82
123.40	42.85	73.51	64.98	-2.00	0.90
124.00	42.26	70.87	64.24	4.96	0.83
124.60	42.23	70.58	63.55	7.14	0.78
125.20	42.02	69.26	62.30	4.81	0.82
125.80	42.12	68.38	61.23	3.20	0.84
126.40	42.75	69.51	61.19	3.84	0.81
127.00	43.89	72.81	62.96	1.82	0.83
127.60	45.10	74.46	63.85	-1.29	0.87
128.20	45.55	75.47	64.28	-0.26	0.85
128.80	45.36	74.87	64.37	2.71	0.82
129.40	44.88	74.04	64.22	4.31	0.80
130.00	44.19	73.16	63.90	2.62	0.82
130.60	43.17	70.55	62.59	4.59	0.80
131.20	42.20	70.90	61.74	1.79	0.83
131.80	43.04	71.46	62.17	-1.25	0.88
132.40	44.62	74.17	63.79	-1.85	0.89
133.00	45.70	77.27	65.84	-1.06	0.86
133.60	45.40	78.01	67.22	-3.25	0.89
134.20	42.76	73.70	64.76	1.58	0.80
134.80	41.96	71.23	62.90	4.24	0.88
135.40	41.52	69.85	61.27	2.52	0.96
136.00	41.07	69.30	59.45	-2.56	0.90
136.60	41.18	70.22	58.66	-1.67	0.85
137.20	42.25	70.61	58.10	-0.02	0.80
137.80	42.54	71.56	58.11	0.29	0.86
138.40	42.87	72.23	58.21	0.68	0.83
139.00	43.03	72.72	58.38	1.59	0.77
139.60	43.04	73.29	58.78	2.55	0.76
140.20	43.09	73.44	59.50	2.93	0.75
140.80	43.17	71.95	60.17	3.30	0.77
141.40	41.60	70.22	59.84	6.02	0.75
142.00	40.50	68.78	59.75	0.95	0.85
142.60	41.05	68.53	60.82	3.57	0.83
143.20	42.14	69.17	61.86	6.85	0.78
143.80	43.14	69.65	62.03	4.14	0.82
144.40	43.84	68.89	61.57	4.64	0.81
145.00	42.88	67.53	60.14	2.07	0.84
145.60	42.76	66.44	58.67	2.08	0.84
146.20	43.05	65.94	57.26	3.10	0.81
146.80	43.22	66.01	55.94	3.36	0.79
147.40	42.97	66.55	55.14	2.03	0.79
148.00	42.85	67.69	54.94	-2.44	0.85
148.60	44.56	68.86	55.11	-3.30	0.85
149.20	45.69	69.68	55.33	-1.15	0.80
149.80	46.16	70.25	55.49	1.71	0.76
150.40	47.42	70.90	55.92	3.81	0.72
151.00	47.43	71.93	56.32	-1.04	0.79
151.60	47.24	72.87	56.62	-0.67	0.79
152.20	46.90	72.54	56.45	2.01	0.74
152.80	47.16	73.41	56.50	2.33	0.73
153.40	48.40	76.27	58.16	-2.51	0.79
154.00	50.48	79.77	60.70	-4.18	0.81
154.60	51.35	81.51	62.30	-0.07	0.75
155.20	52.08	82.76	62.85	2.27	0.72
155.80	51.28	80.77	62.71	1.74	0.74
156.40	49.86	78.62	61.97	0.42	0.77
157.00	48.87	77.66	60.62	1.19	0.75
157.60	49.48	76.95	60.77	-0.68	0.79
158.20	50.53	80.81	62.13	-1.59	0.77
158.80	52.01	82.56	63.28	-2.84	0.83
159.40	52.48	82.73	63.98	-0.79	0.83
160.00	52.29	81.97	64.28	4.62	0.72
160.60	51.97	80.21	63.84	4.42	0.73
161.20	50.40	78.76	62.95	1.10	0.78
161.80	50.60	77.46	63.53	2.76	0.77
162.40	50.55	77.95	64.62	4.10	0.76
163.00	49.90	78.14	65.38	3.23	0.78
163.60	48.89	76.85	65.42	2.82	0.74
164.20	47.48	75.35	65.58	6.30	0.76
164.80	46.48	73.88	64.92	6.10	0.78
165.40	44.57	71.06	63.85	4.61	0.81
166.00	43.21	69.45	63.08	3.69	0.84
166.60	43.51	70.63	63.44	3.48	0.83
167.20	45.32	72.02	64.30	3.01	0.85
167.80	45.62	73.66	64.69	4.09	0.81
168.40	45.78	74.51	64.62	2.22	0.82
169.00	45.76	74.48	64.17	-3.35	0.90
169.60	44.33	73.80	63.29	-0.47	0.86
170.20	44.34	74.21	62.18	0.10	0.83
170.80	45.05	75.71	62.35	-0.32	0.82
171.40	46.40	78.29	63.72	-1.25	0.82
172.00	47.86	81.12	65.41	-3.78	0.84
172.60	48.36	82.26	66.35	-2.91	0.83
173.20	48.77	83.50	66.45	-3.46	0.84
173.80	48.31	82.57	65.94	-2.03	0.81
174.40	48.09	82.18	65.53	0.37	0.77
175.00	48.81	83.41	66.08	-0.25	0.78
175.60	50.34	84.63	66.89	-0.67	0.87
176.20	50.92	86.29	67.98	1.51	0.80
176.80	51.18	86.22	68.34	0.98	0.76
177.40	50.63	85.07	67.76	-0.39	0.79
178.00	49.77	83.98	66.51	3.61	0.73
178.60	50.26	84.28	67.05	-2.41	0.81
179.20	50.71	85.58	68.31	-5.09	0.86
179.80	51.03	86.24	69.19	-2.89	0.83
=======
TIEMPO	VFSCd	VFSCi	PAMn	PCC	RAP
0.40	45.77	74.93	64.30	2.43	0.83
1.00	45.11	73.33	64.89	3.32	0.82
1.60	45.99	74.11	65.47	3.33	0.83
2.20	46.99	74.65	65.76	2.69	0.84
2.80	47.21	73.74	64.80	3.11	0.82
3.40	46.92	74.12	64.20	-2.36	0.89
4.00	45.90	74.78	63.63	1.41	0.82
4.60	46.28	73.91	63.11	5.08	0.77
5.20	46.64	73.18	62.74	3.90	0.79
5.80	46.42	74.25	62.28	0.73	0.83
6.40	48.11	77.62	64.02	-0.64	0.82
7.00	50.57	79.21	65.81	-0.38	0.83
7.60	51.28	80.85	67.05	-1.85	0.85
8.20	51.65	81.21	67.46	-2.57	0.86
8.80	51.74	80.30	67.07	-0.43	0.83
9.40	51.17	79.08	66.49	3.31	0.78
10.00	50.97	76.71	65.10	4.84	0.77
10.60	49.50	75.69	64.09	0.59	0.83
11.20	49.87	76.73	64.38	-1.46	0.85
11.80	50.79	78.19	65.46	-0.17	0.83
12.40	50.92	78.67	65.71	-1.92	0.85
13.00	50.05	77.30	64.94	0.41	0.82
13.60	49.09	73.95	63.81	-1.60	0.87
14.20	47.49	71.41	62.37	1.22	0.84
14.80	46.20	69.59	60.75	4.07	0.80
15.40	45.65	68.34	59.10	1.23	0.84
16.00	45.53	67.98	58.61	3.74	0.80
16.60	47.02	70.53	59.79	-2.63	0.89
17.20	47.65	72.81	60.74	-2.85	0.87
17.80	48.18	73.87	61.08	0.34	0.81
18.40	48.14	73.27	61.05	1.63	0.79
19.00	46.95	71.08	60.70	2.15	0.81
19.60	45.64	70.58	60.04	0.84	0.84
20.20	45.64	70.78	60.11	0.70	0.83
20.80	47.16	72.51	61.12	2.46	0.80
21.40	48.10	73.89	62.55	4.52	0.77
22.00	47.82	74.04	63.36	3.03	0.80
22.60	47.93	73.96	63.43	4.08	0.79
23.20	47.49	72.32	63.33	3.60	0.81
23.80	46.54	71.61	62.67	2.32	0.83
24.40	45.80	70.95	61.79	-0.01	0.87
25.00	45.62	70.79	61.19	-3.33	0.91
25.60	46.05	74.16	62.57	-1.15	0.86
26.20	46.50	74.78	63.51	-2.57	0.87
26.80	46.74	76.07	64.07	-2.02	0.86
27.40	46.73	77.01	64.63	0.43	0.83
28.00	46.49	77.14	65.28	3.18	0.79
28.60	46.06	76.76	65.85	5.96	0.76
29.20	45.77	76.56	65.80	1.18	0.83
29.80	44.92	75.96	65.75	1.58	0.82
30.40	46.00	77.84	66.60	3.04	0.81
31.00	47.10	79.66	68.03	2.67	0.82
31.60	47.03	79.37	68.16	3.40	0.80
32.20	47.43	77.70	67.43	-1.80	0.89
32.80	46.94	77.59	66.59	1.29	0.83
33.40	45.67	77.88	65.61	3.13	0.79
34.00	45.07	78.07	64.50	0.64	0.81
34.60	45.82	78.33	63.63	1.17	0.77
35.20	45.94	79.98	64.06	2.04	0.86
35.80	47.87	81.98	65.95	-0.73	0.85
36.40	49.54	84.15	67.76	-2.76	0.82
37.00	50.37	85.05	68.70	-2.57	0.82
37.60	50.27	84.31	68.73	-1.60	0.82
38.20	49.01	82.86	68.01	-1.17	0.82
38.80	48.12	80.13	66.61	-0.38	0.83
39.40	46.96	78.67	65.60	-0.89	0.84
40.00	47.24	79.18	65.33	-0.63	0.83
40.60	48.79	80.72	65.69	2.13	0.78
41.20	49.07	80.08	67.19	4.49	0.76
41.80	50.34	81.23	66.65	5.43	0.85
42.40	49.29	82.02	66.47	4.18	0.82
43.00	48.02	81.49	66.45	0.54	0.79
43.60	45.92	79.90	65.37	-1.48	0.81
44.20	43.98	77.90	63.05	2.83	0.76
44.80	44.12	76.46	62.70	2.43	0.77
45.40	44.45	77.59	63.40	2.20	0.77
46.00	43.81	78.12	62.62	-0.44	0.79
46.60	43.38	76.97	61.06	3.64	0.73
47.20	42.73	74.86	58.86	2.42	0.74
47.80	41.44	72.04	56.27	1.37	0.75
48.40	41.23	70.93	54.72	3.17	0.72
49.00	42.71	72.56	55.80	2.48	0.72
49.60	44.83	76.16	57.08	-3.41	0.79
50.20	45.36	78.75	58.24	0.49	0.72
50.80	45.47	78.91	58.80	2.66	0.70
51.40	46.40	78.65	58.45	1.55	0.71
52.00	45.72	76.75	57.67	0.37	0.73
52.60	46.26	78.40	58.21	0.03	0.74
53.20	48.31	82.87	61.41	0.35	0.73
53.80	49.94	84.91	63.80	2.87	0.71
54.40	50.82	84.01	65.49	1.37	0.74
55.00	50.15	82.86	65.58	6.28	0.68
55.60	49.87	79.93	64.45	6.11	0.72
56.20	48.10	75.47	62.61	4.00	0.74
56.80	46.59	72.07	60.66	4.20	0.69
57.40	46.87	71.26	60.11	6.35	0.73
58.00	47.27	71.32	60.46	4.48	0.77
58.60	47.84	70.40	60.64	5.62	0.77
59.20	48.09	69.59	60.41	6.13	0.77
59.80	47.64	68.80	59.79	4.14	0.80
60.40	46.38	67.62	59.00	4.55	0.80
61.00	46.35	67.22	58.11	5.00	0.78
61.60	46.52	67.54	57.84	2.07	0.82
62.20	47.75	69.37	58.75	2.25	0.82
62.80	49.90	72.15	60.80	7.32	0.73
63.40	51.89	74.46	62.82	4.48	0.77
64.00	51.61	75.14	63.83	6.38	0.75
64.60	50.30	73.03	63.76	6.50	0.77
65.20	49.63	71.66	62.99	4.51	0.81
65.80	50.02	71.79	62.52	2.54	0.83
66.40	51.33	72.77	64.48	4.45	0.82
67.00	52.46	73.08	65.51	5.21	0.81
67.60	52.19	73.65	65.53	6.56	0.79
68.20	51.69	73.11	64.94	3.48	0.84
68.80	50.52	71.35	63.89	-1.31	0.90
69.40	49.15	69.69	62.22	0.19	0.90
70.00	49.46	71.40	62.47	0.30	0.76
70.60	50.58	73.39	63.50	0.60	0.79
71.20	51.26	74.12	64.26	1.11	0.84
71.80	51.92	74.03	64.41	2.13	0.83
72.40	52.26	73.57	63.99	4.64	0.80
73.00	51.20	73.06	63.65	0.97	0.86
73.60	51.61	71.87	62.74	4.84	0.80
74.20	51.17	71.29	62.06	3.77	0.81
74.80	51.11	72.83	62.41	-0.24	0.86
75.40	51.64	75.56	64.21	3.26	0.80
76.00	51.70	76.37	64.91	3.28	0.79
76.60	50.81	76.17	65.18	2.00	0.82
77.20	50.10	74.85	64.96	0.61	0.85
77.80	48.64	73.39	64.28	0.93	0.86
78.40	47.16	72.65	63.57	2.51	0.84
79.00	46.68	73.02	63.56	2.14	0.83
79.60	48.11	74.62	65.36	0.26	0.87
80.20	48.59	76.97	66.71	0.68	0.86
80.80	49.00	77.02	67.02	3.78	0.81
81.40	48.41	75.87	66.34	5.07	0.79
82.00	47.48	74.01	64.87	3.15	0.82
82.60	47.73	71.11	63.16	4.80	0.81
83.20	47.88	74.30	63.62	0.28	0.84
83.80	48.83	75.55	64.24	1.09	0.83
84.40	49.51	75.11	64.30	3.20	0.81
85.00	49.39	74.28	63.73	4.44	0.79
85.60	48.46	73.39	62.87	7.39	0.74
86.20	46.94	71.81	61.77	2.23	0.83
86.80	46.97	71.28	61.22	2.62	0.81
87.40	47.73	72.07	61.74	1.42	0.83
88.00	48.44	73.50	62.85	-0.38	0.85
88.60	48.69	74.60	63.52	4.46	0.78
89.20	48.11	74.10	63.86	2.45	0.81
89.80	48.28	73.22	63.40	2.35	0.82
90.40	46.31	70.59	61.99	4.03	0.81
91.00	45.68	71.02	61.77	2.27	0.84
91.60	46.15	73.66	63.28	-1.95	0.88
92.20	46.56	76.25	64.99	4.72	0.78
92.80	46.54	77.04	65.32	3.47	0.79
93.40	45.65	76.45	64.98	2.24	0.82
94.00	44.33	75.04	64.41	0.95	0.84
94.60	43.23	73.70	63.69	1.72	0.83
95.20	42.97	72.94	62.82	5.29	0.78
95.80	44.13	72.90	61.96	6.80	0.69
96.40	45.81	73.31	63.14	0.91	0.84
97.00	47.28	76.40	65.07	-0.19	0.86
97.60	48.66	78.38	66.43	1.25	0.83
98.20	48.86	77.77	66.79	2.90	0.81
98.80	47.91	75.72	66.41	5.41	0.79
99.40	47.70	75.00	65.75	2.85	0.83
100.00	47.53	73.25	64.71	1.96	0.84
100.60	47.22	71.34	63.89	4.93	0.80
101.20	47.70	71.66	63.80	4.92	0.81
101.80	48.72	73.48	64.54	-1.41	0.89
102.40	49.14	73.31	65.01	1.54	0.86
103.00	49.17	73.25	64.84	1.35	0.87
103.60	49.05	72.73	64.62	1.43	0.86
104.20	48.34	72.04	64.21	2.15	0.85
104.80	47.25	71.39	63.42	3.17	0.84
105.40	46.43	70.67	62.55	7.58	0.77
106.00	45.61	71.43	63.56	2.23	0.84
106.60	47.32	73.32	65.14	1.37	0.86
107.20	47.43	74.39	66.39	3.97	0.83
107.80	46.73	74.42	66.99	4.94	0.83
108.40	46.85	73.81	66.61	1.59	0.87
109.00	47.20	72.55	65.96	3.76	0.84
109.60	46.62	71.44	64.66	3.16	0.87
110.20	46.13	70.37	63.47	2.11	0.84
110.80	46.56	70.57	63.17	1.75	0.77
111.40	48.03	72.76	64.57	-1.12	0.89
112.00	48.62	73.58	65.01	0.59	0.87
112.60	49.20	73.54	64.87	3.19	0.84
113.20	49.04	73.06	64.28	4.98	0.80
113.80	48.12	72.51	63.40	4.44	0.80
114.40	46.83	72.01	62.66	-0.55	0.86
115.00	46.73	71.42	61.84	1.46	0.84
115.60	45.79	72.02	61.78	-0.50	0.85
116.20	47.07	75.28	63.12	-1.50	0.85
116.80	48.60	78.59	65.32	-0.03	0.83
117.40	48.84	80.16	66.81	-0.41	0.83
118.00	48.05	79.57	67.28	1.64	0.81
118.60	47.97	79.16	67.28	4.70	0.78
119.20	46.76	77.94	66.96	5.57	0.78
119.80	45.17	75.95	65.98	5.46	0.79
120.40	44.01	74.19	64.60	5.73	0.79
121.00	43.76	74.00	64.65	7.14	0.76
121.60	43.74	75.91	65.79	3.02	0.82
122.20	45.00	75.33	66.01	5.09	0.79
122.80	44.29	74.70	65.60	3.54	0.82
123.40	42.85	73.51	64.98	-2.00	0.90
124.00	42.26	70.87	64.24	4.96	0.83
124.60	42.23	70.58	63.55	7.14	0.78
125.20	42.02	69.26	62.30	4.81	0.82
125.80	42.12	68.38	61.23	3.20	0.84
126.40	42.75	69.51	61.19	3.84	0.81
127.00	43.89	72.81	62.96	1.82	0.83
127.60	45.10	74.46	63.85	-1.29	0.87
128.20	45.55	75.47	64.28	-0.26	0.85
128.80	45.36	74.87	64.37	2.71	0.82
129.40	44.88	74.04	64.22	4.31	0.80
130.00	44.19	73.16	63.90	2.62	0.82
130.60	43.17	70.55	62.59	4.59	0.80
131.20	42.20	70.90	61.74	1.79	0.83
131.80	43.04	71.46	62.17	-1.25	0.88
132.40	44.62	74.17	63.79	-1.85	0.89
133.00	45.70	77.27	65.84	-1.06	0.86
133.60	45.40	78.01	67.22	-3.25	0.89
134.20	42.76	73.70	64.76	1.58	0.80
134.80	41.96	71.23	62.90	4.24	0.88
135.40	41.52	69.85	61.27	2.52	0.96
136.00	41.07	69.30	59.45	-2.56	0.90
136.60	41.18	70.22	58.66	-1.67	0.85
137.20	42.25	70.61	58.10	-0.02	0.80
137.80	42.54	71.56	58.11	0.29	0.86
138.40	42.87	72.23	58.21	0.68	0.83
139.00	43.03	72.72	58.38	1.59	0.77
139.60	43.04	73.29	58.78	2.55	0.76
140.20	43.09	73.44	59.50	2.93	0.75
140.80	43.17	71.95	60.17	3.30	0.77
141.40	41.60	70.22	59.84	6.02	0.75
142.00	40.50	68.78	59.75	0.95	0.85
142.60	41.05	68.53	60.82	3.57	0.83
143.20	42.14	69.17	61.86	6.85	0.78
143.80	43.14	69.65	62.03	4.14	0.82
144.40	43.84	68.89	61.57	4.64	0.81
145.00	42.88	67.53	60.14	2.07	0.84
145.60	42.76	66.44	58.67	2.08	0.84
146.20	43.05	65.94	57.26	3.10	0.81
146.80	43.22	66.01	55.94	3.36	0.79
147.40	42.97	66.55	55.14	2.03	0.79
148.00	42.85	67.69	54.94	-2.44	0.85
148.60	44.56	68.86	55.11	-3.30	0.85
149.20	45.69	69.68	55.33	-1.15	0.80
149.80	46.16	70.25	55.49	1.71	0.76
150.40	47.42	70.90	55.92	3.81	0.72
151.00	47.43	71.93	56.32	-1.04	0.79
151.60	47.24	72.87	56.62	-0.67	0.79
152.20	46.90	72.54	56.45	2.01	0.74
152.80	47.16	73.41	56.50	2.33	0.73
153.40	48.40	76.27	58.16	-2.51	0.79
154.00	50.48	79.77	60.70	-4.18	0.81
154.60	51.35	81.51	62.30	-0.07	0.75
155.20	52.08	82.76	62.85	2.27	0.72
155.80	51.28	80.77	62.71	1.74	0.74
156.40	49.86	78.62	61.97	0.42	0.77
157.00	48.87	77.66	60.62	1.19	0.75
157.60	49.48	76.95	60.77	-0.68	0.79
158.20	50.53	80.81	62.13	-1.59	0.77
158.80	52.01	82.56	63.28	-2.84	0.83
159.40	52.48	82.73	63.98	-0.79	0.83
160.00	52.29	81.97	64.28	4.62	0.72
160.60	51.97	80.21	63.84	4.42	0.73
161.20	50.40	78.76	62.95	1.10	0.78
161.80	50.60	77.46	63.53	2.76	0.77
162.40	50.55	77.95	64.62	4.10	0.76
163.00	49.90	78.14	65.38	3.23	0.78
163.60	48.89	76.85	65.42	2.82	0.74
164.20	47.48	75.35	65.58	6.30	0.76
164.80	46.48	73.88	64.92	6.10	0.78
165.40	44.57	71.06	63.85	4.61	0.81
166.00	43.21	69.45	63.08	3.69	0.84
166.60	43.51	70.63	63.44	3.48	0.83
167.20	45.32	72.02	64.30	3.01	0.85
167.80	45.62	73.66	64.69	4.09	0.81
168.40	45.78	74.51	64.62	2.22	0.82
169.00	45.76	74.48	64.17	-3.35	0.90
169.60	44.33	73.80	63.29	-0.47	0.86
170.20	44.34	74.21	62.18	0.10	0.83
170.80	45.05	75.71	62.35	-0.32	0.82
171.40	46.40	78.29	63.72	-1.25	0.82
172.00	47.86	81.12	65.41	-3.78	0.84
172.60	48.36	82.26	66.35	-2.91	0.83
173.20	48.77	83.50	66.45	-3.46	0.84
173.80	48.31	82.57	65.94	-2.03	0.81
174.40	48.09	82.18	65.53	0.37	0.77
175.00	48.81	83.41	66.08	-0.25	0.78
175.60	50.34	84.63	66.89	-0.67	0.87
176.20	50.92	86.29	67.98	1.51	0.80
176.80	51.18	86.22	68.34	0.98	0.76
177.40	50.63	85.07	67.76	-0.39	0.79
178.00	49.77	83.98	66.51	3.61	0.73
178.60	50.26	84.28	67.05	-2.41	0.81
179.20	50.71	85.58	68.31	-5.09	0.86
179.80	51.03	86.24	69.19	-2.89	0.83
>>>>>>> 4966aae922150d281e7f47d431009d8054258bc0
180.40	51.24	86.01	69.27	4.01	0.74