<<<<<<< HEAD
TIEMPO	VFSCd	VFSCi	PAMn	PCC	RAP
0.40	51.75	76.44	94.74	51.78	0.55
1.00	51.92	73.53	91.90	63.81	0.38
1.60	58.46	77.19	94.53	55.85	0.49
2.20	61.45	78.62	94.80	54.16	0.51
2.80	62.40	78.87	95.53	53.09	0.53
3.40	59.06	77.86	94.89	50.36	0.56
4.00	57.34	76.17	94.34	58.80	0.45
4.60	58.93	76.31	95.23	55.21	0.53
5.20	60.45	78.01	94.25	54.75	0.73
5.80	59.53	77.34	94.23	54.77	0.83
6.40	56.35	76.09	94.68	54.66	0.82
7.00	51.27	74.55	90.79	56.32	0.48
7.60	49.54	73.69	93.31	60.57	0.43
8.20	48.68	72.78	96.12	55.53	0.54
8.80	48.92	74.09	99.49	57.48	0.56
9.40	50.36	72.53	100.89	55.73	0.61
10.00	51.25	67.64	99.68	60.90	0.56
10.60	47.49	62.17	96.74	63.70	0.51
11.20	44.21	58.02	94.61	59.38	0.59
11.80	41.05	56.02	93.51	57.22	0.64
12.40	42.65	57.93	93.34	56.77	0.63
13.00	46.62	62.04	94.13	51.31	0.69
13.60	47.53	64.18	94.05	53.73	0.62
14.20	48.59	64.16	93.35	53.98	0.60
14.80	49.47	64.56	92.28	56.28	0.55
15.40	51.26	67.06	92.80	55.33	0.55
16.00	51.91	68.92	93.11	54.52	0.55
16.60	52.61	70.96	93.72	57.30	0.50
17.20	53.53	71.85	93.29	53.05	0.56
17.80	52.93	68.69	93.06	58.96	0.49
18.40	52.30	67.81	93.01	61.63	0.45
19.00	55.86	71.79	95.28	48.60	0.65
19.60	60.02	74.73	98.37	50.23	0.63
20.20	56.88	73.90	96.47	56.83	0.52
20.80	55.60	76.82	98.04	51.65	0.60
21.40	62.05	78.45	97.94	55.20	0.53
22.00	62.16	77.71	96.57	57.69	0.49
22.60	59.25	73.72	95.50	59.83	0.47
23.20	55.94	69.19	94.04	61.32	0.46
23.80	56.02	67.89	93.01	55.46	0.54
24.40	56.00	66.84	92.61	56.23	0.53
25.00	55.91	66.88	92.48	55.26	0.55
25.60	55.30	66.95	92.24	55.90	0.54
26.20	55.62	67.98	92.25	50.27	0.61
26.80	55.97	67.59	91.93	58.54	0.48
27.40	53.62	65.44	90.67	54.41	0.56
28.00	51.37	63.53	90.04	58.96	0.47
28.60	48.25	61.22	89.12	58.61	0.49
29.20	47.82	60.03	88.67	60.99	0.46
29.80	46.49	59.79	88.07	57.72	0.50
30.40	45.26	59.46	87.62	57.66	0.51
31.00	46.64	60.55	87.51	55.73	0.52
31.60	48.97	63.01	88.46	60.06	0.45
32.20	49.52	66.36	89.19	55.72	0.50
32.80	50.79	67.24	89.89	56.78	0.49
33.40	52.46	68.06	89.74	59.88	0.44
34.00	53.07	68.52	89.96	60.16	0.43
34.60	50.97	70.47	91.10	59.45	0.45
35.20	48.62	68.27	91.20	65.39	0.38
35.80	50.31	70.83	92.62	58.93	0.47
36.40	51.27	76.36	94.44	58.12	0.47
37.00	51.62	79.63	95.66	56.96	0.47
37.60	58.71	78.96	96.69	61.00	0.44
38.20	55.73	78.11	97.59	61.36	0.45
38.80	50.94	75.05	97.96	61.36	0.47
39.40	48.31	75.59	98.76	64.22	0.45
40.00	44.97	76.51	100.42	61.46	0.49
40.60	44.44	74.87	99.72	59.57	0.52
41.20	49.00	75.98	98.88	55.84	0.55
41.80	51.03	75.67	97.21	57.34	0.52
42.40	46.41	70.27	95.90	55.15	0.57
43.00	46.05	67.15	94.21	60.85	0.48
43.60	41.46	64.18	92.00	60.39	0.49
44.20	40.33	63.35	90.51	55.90	0.54
44.80	47.07	67.39	89.62	56.65	0.49
45.40	53.83	73.90	89.78	53.95	0.48
46.00	49.91	75.55	90.06	51.01	0.50
46.60	47.59	75.71	90.51	55.08	0.46
47.20	54.63	73.58	89.09	53.59	0.47
47.80	50.60	69.97	86.85	59.26	0.39
48.40	45.84	68.29	85.79	62.00	0.35
49.00	45.88	70.07	86.29	54.71	0.44
49.60	50.60	75.52	87.70	48.78	0.52
50.20	54.79	82.22	89.19	52.22	0.45
50.80	57.46	83.99	91.29	53.90	0.43
51.40	55.27	81.84	92.53	54.45	0.45
52.00	54.84	82.40	94.93	57.18	0.45
52.60	54.52	83.29	97.65	59.45	0.45
53.20	57.30	83.76	100.97	58.10	0.49
53.80	55.53	83.09	104.00	62.07	0.49
54.40	55.43	82.41	106.91	59.61	0.56
55.00	52.68	76.78	107.86	57.51	0.49
55.60	51.54	73.69	108.14	64.32	0.54
56.20	47.68	68.47	106.80	66.36	0.57
56.80	46.22	64.63	105.40	65.78	0.60
57.40	44.76	61.94	103.94	65.68	0.60
58.00	43.39	59.14	102.09	66.06	0.59
58.60	43.53	56.64	100.12	65.00	0.60
59.20	43.44	57.01	98.02	62.60	0.60
59.80	42.45	56.90	97.83	62.53	0.61
60.40	48.71	62.68	98.40	56.67	0.66
61.00	47.28	61.83	97.73	57.63	0.63
61.60	44.53	60.37	96.74	62.14	0.55
62.20	42.89	57.83	95.37	62.73	0.54
62.80	42.27	56.66	93.47	61.38	0.56
63.40	42.14	56.81	92.98	61.60	0.54
64.00	42.48	56.83	92.99	61.45	0.54
64.60	45.25	60.27	93.97	60.91	0.55
65.20	48.08	63.91	94.61	51.59	0.67
65.80	49.33	66.47	95.19	53.95	0.61
66.40	50.95	69.11	96.45	59.94	0.52
67.00	50.71	67.05	97.52	62.24	0.51
67.60	48.29	65.62	96.72	60.48	0.54
68.20	46.82	63.17	95.75	61.85	0.53
68.80	44.38	59.67	94.43	61.50	0.54
69.40	45.42	57.38	93.91	60.38	0.57
70.00	45.53	60.84	92.36	58.84	0.54
70.60	47.04	62.77	92.04	58.60	0.53
71.20	46.89	66.10	94.01	62.80	0.47
71.80	48.39	65.56	95.21	59.72	0.53
72.40	49.48	66.29	95.46	59.19	0.53
73.00	48.36	66.22	95.29	58.91	0.54
73.60	49.02	65.10	94.80	59.58	0.54
74.20	48.45	65.79	95.29	58.25	0.56
74.80	49.96	68.38	95.95	58.60	0.54
75.40	51.27	69.52	96.66	56.32	0.58
76.00	51.70	68.21	96.64	56.40	0.58
76.60	51.11	67.37	96.23	61.46	0.51
77.20	50.89	67.67	95.68	60.34	0.51
77.80	52.13	69.27	95.88	54.38	0.59
78.40	54.09	72.84	97.19	56.76	0.55
79.00	55.18	75.90	97.85	56.86	0.53
79.60	55.08	73.51	97.48	66.90	0.40
80.20	53.82	72.30	97.11	61.17	0.49
80.80	53.67	72.13	97.19	59.95	0.51
81.40	54.45	71.95	97.12	62.41	0.48
82.00	54.42	73.77	97.97	61.84	0.48
82.60	54.26	75.00	98.24	60.72	0.49
83.20	55.51	74.43	98.35	61.81	0.48
83.80	56.92	74.37	98.92	54.32	0.59
84.40	57.86	78.47	100.67	59.02	0.53
85.00	58.27	79.92	102.20	56.80	0.56
85.60	59.73	79.29	103.49	60.99	0.52
86.20	60.60	76.54	103.34	65.94	0.48
86.80	58.01	74.49	103.31	64.24	0.51
87.40	54.46	72.01	102.56	64.07	0.45
88.00	52.76	69.44	101.24	65.18	0.49
88.60	51.74	65.05	100.29	62.33	0.57
89.20	51.02	67.87	100.29	58.31	0.61
89.80	51.60	69.89	100.16	58.59	0.59
90.40	50.79	70.24	100.00	59.50	0.56
91.00	52.92	69.06	98.79	63.16	0.51
91.60	50.73	67.90	97.19	60.15	0.54
92.20	49.85	69.00	96.52	56.39	0.58
92.80	49.78	70.20	96.38	54.13	0.59
93.40	50.73	71.93	96.43	57.95	0.52
94.00	50.86	72.99	96.67	60.10	0.49
94.60	49.75	71.40	95.73	59.51	0.50
95.20	49.05	69.31	94.57	63.28	0.44
95.80	46.73	67.61	93.45	61.29	0.48
96.40	50.03	70.66	94.37	52.26	0.60
97.00	52.95	76.46	96.10	57.33	0.50
97.60	56.46	81.86	98.73	55.67	0.51
98.20	55.09	85.48	101.25	56.78	0.51
98.80	54.96	83.96	102.65	59.67	0.50
99.40	54.57	78.88	102.77	63.85	0.47
100.00	50.67	75.39	102.28	64.45	0.49
100.60	52.56	75.61	102.99	59.77	0.56
101.20	48.59	72.72	102.27	63.08	0.53
101.80	47.98	69.14	101.07	61.01	0.57
102.40	47.19	66.41	99.48	63.24	0.53
103.00	45.65	62.62	96.94	64.44	0.51
103.60	43.20	57.26	93.60	64.18	0.49
104.20	41.83	56.03	90.94	61.60	0.52
104.80	44.13	59.02	90.37	54.98	0.59
105.40	47.38	61.94	90.54	54.19	0.58
106.00	48.18	65.22	90.60	57.13	0.51
106.60	49.91	67.86	90.91	54.52	0.52
107.20	50.13	69.26	90.52	56.03	0.49
107.80	48.92	68.48	89.94	56.74	0.47
108.40	46.74	66.53	89.24	57.68	0.47
109.00	52.05	66.67	89.15	56.23	0.49
109.60	48.33	69.17	89.77	56.01	0.48
110.20	44.67	71.90	90.35	55.50	0.48
110.80	42.35	72.15	91.21	54.97	0.49
111.40	43.35	72.11	91.50	55.06	0.50
112.00	44.83	70.74	91.03	58.14	0.45
112.60	45.78	69.71	90.41	58.53	0.45
113.20	45.62	71.19	90.32	54.59	0.50
113.80	45.48	72.46	90.62	58.78	0.43
114.40	46.34	72.86	91.48	55.81	0.48
115.00	46.47	73.29	91.53	55.01	0.49
115.60	43.91	71.40	91.07	56.15	0.48
116.20	43.23	69.58	91.00	56.75	0.48
116.80	45.06	71.28	91.82	58.53	0.46
117.40	45.79	73.03	92.77	54.91	0.51
118.00	46.25	73.19	93.61	55.62	0.51
118.60	46.33	72.25	93.81	59.03	0.47
119.20	45.19	69.67	93.45	61.89	0.44
119.80	43.83	66.96	92.81	61.79	0.45
120.40	45.50	67.20	93.06	59.51	0.50
121.00	48.60	66.99	93.97	59.54	0.50
121.60	51.12	69.03	95.45	64.23	0.44
122.20	52.97	68.78	96.80	62.82	0.50
122.80	51.63	67.03	97.79	62.18	0.44
123.40	48.09	63.49	96.75	62.50	0.48
124.00	50.49	63.61	95.90	53.13	0.66
124.60	48.93	64.35	95.27	60.90	0.54
125.20	51.69	68.49	96.42	53.81	0.61
125.80	51.16	68.10	97.19	61.73	0.52
126.40	50.49	66.59	96.75	63.23	0.50
127.00	49.05	64.12	95.56	65.77	0.45
127.60	48.06	62.92	94.24	55.83	0.61
128.20	47.76	64.22	94.25	59.00	0.55
128.80	51.19	65.74	96.84	62.76	0.44
129.40	48.74	68.70	99.22	62.41	0.79
130.00	49.58	69.96	98.26	65.32	0.50
130.60	47.86	69.79	98.68	65.35	0.48
131.20	46.31	65.66	97.60	65.04	0.48
131.80	46.40	65.24	97.06	61.11	0.56
132.40	47.60	68.27	97.89	55.68	0.62
133.00	53.95	74.58	102.19	50.25	0.69
133.60	52.45	77.77	104.57	56.05	0.62
134.20	52.71	76.00	105.73	61.75	0.56
134.80	52.01	72.35	105.28	62.80	0.57
135.40	48.17	68.51	103.71	65.27	0.54
136.00	44.59	63.09	101.82	64.48	0.57
136.60	43.96	59.83	99.78	60.82	0.65
137.20	43.79	59.83	97.52	59.95	0.62
137.80	40.35	60.51	94.64	58.22	0.59
138.40	43.07	61.39	92.84	57.01	0.57
139.00	42.04	60.18	91.05	58.47	0.53
139.60	41.14	59.23	88.91	51.47	0.63
140.20	40.15	56.90	86.46	56.27	0.52
140.80	40.04	55.20	83.88	54.42	0.53
141.40	37.67	54.38	81.79	54.58	0.50
142.00	34.32	53.53	80.61	54.13	0.49
142.60	32.30	54.62	79.37	55.42	0.44
143.20	38.02	55.87	78.60	52.61	0.46
143.80	36.00	58.08	78.28	53.25	0.43
144.40	35.94	60.93	78.62	52.37	0.43
145.00	43.36	65.48	80.31	46.76	0.51
145.60	45.45	68.66	81.84	54.90	0.38
146.20	43.36	69.48	82.90	55.03	0.39
146.80	42.32	69.66	83.25	55.71	0.39
147.40	43.59	68.61	83.91	52.67	0.45
148.00	41.70	68.07	84.05	52.63	0.46
148.60	43.04	67.00	84.15	50.56	0.50
149.20	39.20	68.87	85.02	55.00	0.43
149.80	43.62	70.48	86.48	53.80	0.46
150.40	43.68	72.47	87.82	52.55	0.49
151.00	42.31	70.96	88.63	59.17	0.41
151.60	45.47	70.94	89.11	60.05	0.40
152.20	40.70	69.62	89.18	60.41	0.40
152.80	38.06	69.20	90.26	59.65	0.43
153.40	44.15	71.02	91.60	51.52	0.56
154.00	51.31	71.85	92.52	58.75	0.46
154.60	52.26	69.64	92.54	60.06	0.45
155.20	50.73	67.19	92.04	56.96	0.52
155.80	51.62	66.57	92.21	47.96	0.66
156.40	49.86	68.80	92.78	55.85	0.53
157.00	48.49	70.66	94.13	52.38	0.58
157.60	48.56	69.86	94.64	56.21	0.54
158.20	47.83	67.48	93.69	59.01	0.50
158.80	47.22	66.74	93.29	53.82	0.58
159.40	47.60	68.61	93.86	55.88	0.55
160.00	49.14	71.45	95.38	53.65	0.58
160.60	49.08	74.52	97.41	55.72	0.55
161.20	51.25	72.54	97.92	57.20	0.54
161.80	51.14	70.08	97.02	55.82	0.58
162.40	52.12	69.58	96.45	58.83	0.53
163.00	55.21	69.05	96.08	58.52	0.53
163.60	55.86	69.68	96.24	53.68	0.61
164.20	55.98	70.91	96.57	52.36	0.62
164.80	54.03	68.40	94.98	55.51	0.57
165.40	52.25	65.28	93.66	53.20	0.62
166.00	50.91	66.00	93.57	51.90	0.62
166.60	45.05	67.75	93.48	48.02	0.67
167.20	51.68	68.83	94.37	55.88	0.55
167.80	53.32	67.66	94.99	56.04	0.56
168.40	50.15	64.68	93.43	55.64	0.57
169.00	42.00	63.21	91.23	55.56	0.56
169.60	40.82	63.59	91.26	55.22	0.70
170.20	45.94	64.98	91.05	51.73	0.61
170.80	50.51	67.91	92.20	51.23	0.59
171.40	51.19	67.27	92.57	54.42	0.55
172.00	50.93	65.88	91.68	54.46	0.55
172.60	52.91	67.31	91.49	54.35	0.55
173.20	54.42	67.52	91.62	49.59	0.62
173.80	56.22	70.98	92.64	51.91	0.57
174.40	57.97	72.15	93.83	49.97	0.59
175.00	56.72	69.97	94.07	50.60	0.61
175.60	56.02	70.54	94.47	50.87	0.61
176.20	56.81	70.24	94.92	51.25	0.61
176.80	57.29	72.24	95.57	52.51	0.59
177.40	58.35	73.15	96.33	54.19	0.57
178.00	55.06	70.15	95.34	52.59	0.60
=======
TIEMPO	VFSCd	VFSCi	PAMn	PCC	RAP
0.40	51.75	76.44	94.74	51.78	0.55
1.00	51.92	73.53	91.90	63.81	0.38
1.60	58.46	77.19	94.53	55.85	0.49
2.20	61.45	78.62	94.80	54.16	0.51
2.80	62.40	78.87	95.53	53.09	0.53
3.40	59.06	77.86	94.89	50.36	0.56
4.00	57.34	76.17	94.34	58.80	0.45
4.60	58.93	76.31	95.23	55.21	0.53
5.20	60.45	78.01	94.25	54.75	0.73
5.80	59.53	77.34	94.23	54.77	0.83
6.40	56.35	76.09	94.68	54.66	0.82
7.00	51.27	74.55	90.79	56.32	0.48
7.60	49.54	73.69	93.31	60.57	0.43
8.20	48.68	72.78	96.12	55.53	0.54
8.80	48.92	74.09	99.49	57.48	0.56
9.40	50.36	72.53	100.89	55.73	0.61
10.00	51.25	67.64	99.68	60.90	0.56
10.60	47.49	62.17	96.74	63.70	0.51
11.20	44.21	58.02	94.61	59.38	0.59
11.80	41.05	56.02	93.51	57.22	0.64
12.40	42.65	57.93	93.34	56.77	0.63
13.00	46.62	62.04	94.13	51.31	0.69
13.60	47.53	64.18	94.05	53.73	0.62
14.20	48.59	64.16	93.35	53.98	0.60
14.80	49.47	64.56	92.28	56.28	0.55
15.40	51.26	67.06	92.80	55.33	0.55
16.00	51.91	68.92	93.11	54.52	0.55
16.60	52.61	70.96	93.72	57.30	0.50
17.20	53.53	71.85	93.29	53.05	0.56
17.80	52.93	68.69	93.06	58.96	0.49
18.40	52.30	67.81	93.01	61.63	0.45
19.00	55.86	71.79	95.28	48.60	0.65
19.60	60.02	74.73	98.37	50.23	0.63
20.20	56.88	73.90	96.47	56.83	0.52
20.80	55.60	76.82	98.04	51.65	0.60
21.40	62.05	78.45	97.94	55.20	0.53
22.00	62.16	77.71	96.57	57.69	0.49
22.60	59.25	73.72	95.50	59.83	0.47
23.20	55.94	69.19	94.04	61.32	0.46
23.80	56.02	67.89	93.01	55.46	0.54
24.40	56.00	66.84	92.61	56.23	0.53
25.00	55.91	66.88	92.48	55.26	0.55
25.60	55.30	66.95	92.24	55.90	0.54
26.20	55.62	67.98	92.25	50.27	0.61
26.80	55.97	67.59	91.93	58.54	0.48
27.40	53.62	65.44	90.67	54.41	0.56
28.00	51.37	63.53	90.04	58.96	0.47
28.60	48.25	61.22	89.12	58.61	0.49
29.20	47.82	60.03	88.67	60.99	0.46
29.80	46.49	59.79	88.07	57.72	0.50
30.40	45.26	59.46	87.62	57.66	0.51
31.00	46.64	60.55	87.51	55.73	0.52
31.60	48.97	63.01	88.46	60.06	0.45
32.20	49.52	66.36	89.19	55.72	0.50
32.80	50.79	67.24	89.89	56.78	0.49
33.40	52.46	68.06	89.74	59.88	0.44
34.00	53.07	68.52	89.96	60.16	0.43
34.60	50.97	70.47	91.10	59.45	0.45
35.20	48.62	68.27	91.20	65.39	0.38
35.80	50.31	70.83	92.62	58.93	0.47
36.40	51.27	76.36	94.44	58.12	0.47
37.00	51.62	79.63	95.66	56.96	0.47
37.60	58.71	78.96	96.69	61.00	0.44
38.20	55.73	78.11	97.59	61.36	0.45
38.80	50.94	75.05	97.96	61.36	0.47
39.40	48.31	75.59	98.76	64.22	0.45
40.00	44.97	76.51	100.42	61.46	0.49
40.60	44.44	74.87	99.72	59.57	0.52
41.20	49.00	75.98	98.88	55.84	0.55
41.80	51.03	75.67	97.21	57.34	0.52
42.40	46.41	70.27	95.90	55.15	0.57
43.00	46.05	67.15	94.21	60.85	0.48
43.60	41.46	64.18	92.00	60.39	0.49
44.20	40.33	63.35	90.51	55.90	0.54
44.80	47.07	67.39	89.62	56.65	0.49
45.40	53.83	73.90	89.78	53.95	0.48
46.00	49.91	75.55	90.06	51.01	0.50
46.60	47.59	75.71	90.51	55.08	0.46
47.20	54.63	73.58	89.09	53.59	0.47
47.80	50.60	69.97	86.85	59.26	0.39
48.40	45.84	68.29	85.79	62.00	0.35
49.00	45.88	70.07	86.29	54.71	0.44
49.60	50.60	75.52	87.70	48.78	0.52
50.20	54.79	82.22	89.19	52.22	0.45
50.80	57.46	83.99	91.29	53.90	0.43
51.40	55.27	81.84	92.53	54.45	0.45
52.00	54.84	82.40	94.93	57.18	0.45
52.60	54.52	83.29	97.65	59.45	0.45
53.20	57.30	83.76	100.97	58.10	0.49
53.80	55.53	83.09	104.00	62.07	0.49
54.40	55.43	82.41	106.91	59.61	0.56
55.00	52.68	76.78	107.86	57.51	0.49
55.60	51.54	73.69	108.14	64.32	0.54
56.20	47.68	68.47	106.80	66.36	0.57
56.80	46.22	64.63	105.40	65.78	0.60
57.40	44.76	61.94	103.94	65.68	0.60
58.00	43.39	59.14	102.09	66.06	0.59
58.60	43.53	56.64	100.12	65.00	0.60
59.20	43.44	57.01	98.02	62.60	0.60
59.80	42.45	56.90	97.83	62.53	0.61
60.40	48.71	62.68	98.40	56.67	0.66
61.00	47.28	61.83	97.73	57.63	0.63
61.60	44.53	60.37	96.74	62.14	0.55
62.20	42.89	57.83	95.37	62.73	0.54
62.80	42.27	56.66	93.47	61.38	0.56
63.40	42.14	56.81	92.98	61.60	0.54
64.00	42.48	56.83	92.99	61.45	0.54
64.60	45.25	60.27	93.97	60.91	0.55
65.20	48.08	63.91	94.61	51.59	0.67
65.80	49.33	66.47	95.19	53.95	0.61
66.40	50.95	69.11	96.45	59.94	0.52
67.00	50.71	67.05	97.52	62.24	0.51
67.60	48.29	65.62	96.72	60.48	0.54
68.20	46.82	63.17	95.75	61.85	0.53
68.80	44.38	59.67	94.43	61.50	0.54
69.40	45.42	57.38	93.91	60.38	0.57
70.00	45.53	60.84	92.36	58.84	0.54
70.60	47.04	62.77	92.04	58.60	0.53
71.20	46.89	66.10	94.01	62.80	0.47
71.80	48.39	65.56	95.21	59.72	0.53
72.40	49.48	66.29	95.46	59.19	0.53
73.00	48.36	66.22	95.29	58.91	0.54
73.60	49.02	65.10	94.80	59.58	0.54
74.20	48.45	65.79	95.29	58.25	0.56
74.80	49.96	68.38	95.95	58.60	0.54
75.40	51.27	69.52	96.66	56.32	0.58
76.00	51.70	68.21	96.64	56.40	0.58
76.60	51.11	67.37	96.23	61.46	0.51
77.20	50.89	67.67	95.68	60.34	0.51
77.80	52.13	69.27	95.88	54.38	0.59
78.40	54.09	72.84	97.19	56.76	0.55
79.00	55.18	75.90	97.85	56.86	0.53
79.60	55.08	73.51	97.48	66.90	0.40
80.20	53.82	72.30	97.11	61.17	0.49
80.80	53.67	72.13	97.19	59.95	0.51
81.40	54.45	71.95	97.12	62.41	0.48
82.00	54.42	73.77	97.97	61.84	0.48
82.60	54.26	75.00	98.24	60.72	0.49
83.20	55.51	74.43	98.35	61.81	0.48
83.80	56.92	74.37	98.92	54.32	0.59
84.40	57.86	78.47	100.67	59.02	0.53
85.00	58.27	79.92	102.20	56.80	0.56
85.60	59.73	79.29	103.49	60.99	0.52
86.20	60.60	76.54	103.34	65.94	0.48
86.80	58.01	74.49	103.31	64.24	0.51
87.40	54.46	72.01	102.56	64.07	0.45
88.00	52.76	69.44	101.24	65.18	0.49
88.60	51.74	65.05	100.29	62.33	0.57
89.20	51.02	67.87	100.29	58.31	0.61
89.80	51.60	69.89	100.16	58.59	0.59
90.40	50.79	70.24	100.00	59.50	0.56
91.00	52.92	69.06	98.79	63.16	0.51
91.60	50.73	67.90	97.19	60.15	0.54
92.20	49.85	69.00	96.52	56.39	0.58
92.80	49.78	70.20	96.38	54.13	0.59
93.40	50.73	71.93	96.43	57.95	0.52
94.00	50.86	72.99	96.67	60.10	0.49
94.60	49.75	71.40	95.73	59.51	0.50
95.20	49.05	69.31	94.57	63.28	0.44
95.80	46.73	67.61	93.45	61.29	0.48
96.40	50.03	70.66	94.37	52.26	0.60
97.00	52.95	76.46	96.10	57.33	0.50
97.60	56.46	81.86	98.73	55.67	0.51
98.20	55.09	85.48	101.25	56.78	0.51
98.80	54.96	83.96	102.65	59.67	0.50
99.40	54.57	78.88	102.77	63.85	0.47
100.00	50.67	75.39	102.28	64.45	0.49
100.60	52.56	75.61	102.99	59.77	0.56
101.20	48.59	72.72	102.27	63.08	0.53
101.80	47.98	69.14	101.07	61.01	0.57
102.40	47.19	66.41	99.48	63.24	0.53
103.00	45.65	62.62	96.94	64.44	0.51
103.60	43.20	57.26	93.60	64.18	0.49
104.20	41.83	56.03	90.94	61.60	0.52
104.80	44.13	59.02	90.37	54.98	0.59
105.40	47.38	61.94	90.54	54.19	0.58
106.00	48.18	65.22	90.60	57.13	0.51
106.60	49.91	67.86	90.91	54.52	0.52
107.20	50.13	69.26	90.52	56.03	0.49
107.80	48.92	68.48	89.94	56.74	0.47
108.40	46.74	66.53	89.24	57.68	0.47
109.00	52.05	66.67	89.15	56.23	0.49
109.60	48.33	69.17	89.77	56.01	0.48
110.20	44.67	71.90	90.35	55.50	0.48
110.80	42.35	72.15	91.21	54.97	0.49
111.40	43.35	72.11	91.50	55.06	0.50
112.00	44.83	70.74	91.03	58.14	0.45
112.60	45.78	69.71	90.41	58.53	0.45
113.20	45.62	71.19	90.32	54.59	0.50
113.80	45.48	72.46	90.62	58.78	0.43
114.40	46.34	72.86	91.48	55.81	0.48
115.00	46.47	73.29	91.53	55.01	0.49
115.60	43.91	71.40	91.07	56.15	0.48
116.20	43.23	69.58	91.00	56.75	0.48
116.80	45.06	71.28	91.82	58.53	0.46
117.40	45.79	73.03	92.77	54.91	0.51
118.00	46.25	73.19	93.61	55.62	0.51
118.60	46.33	72.25	93.81	59.03	0.47
119.20	45.19	69.67	93.45	61.89	0.44
119.80	43.83	66.96	92.81	61.79	0.45
120.40	45.50	67.20	93.06	59.51	0.50
121.00	48.60	66.99	93.97	59.54	0.50
121.60	51.12	69.03	95.45	64.23	0.44
122.20	52.97	68.78	96.80	62.82	0.50
122.80	51.63	67.03	97.79	62.18	0.44
123.40	48.09	63.49	96.75	62.50	0.48
124.00	50.49	63.61	95.90	53.13	0.66
124.60	48.93	64.35	95.27	60.90	0.54
125.20	51.69	68.49	96.42	53.81	0.61
125.80	51.16	68.10	97.19	61.73	0.52
126.40	50.49	66.59	96.75	63.23	0.50
127.00	49.05	64.12	95.56	65.77	0.45
127.60	48.06	62.92	94.24	55.83	0.61
128.20	47.76	64.22	94.25	59.00	0.55
128.80	51.19	65.74	96.84	62.76	0.44
129.40	48.74	68.70	99.22	62.41	0.79
130.00	49.58	69.96	98.26	65.32	0.50
130.60	47.86	69.79	98.68	65.35	0.48
131.20	46.31	65.66	97.60	65.04	0.48
131.80	46.40	65.24	97.06	61.11	0.56
132.40	47.60	68.27	97.89	55.68	0.62
133.00	53.95	74.58	102.19	50.25	0.69
133.60	52.45	77.77	104.57	56.05	0.62
134.20	52.71	76.00	105.73	61.75	0.56
134.80	52.01	72.35	105.28	62.80	0.57
135.40	48.17	68.51	103.71	65.27	0.54
136.00	44.59	63.09	101.82	64.48	0.57
136.60	43.96	59.83	99.78	60.82	0.65
137.20	43.79	59.83	97.52	59.95	0.62
137.80	40.35	60.51	94.64	58.22	0.59
138.40	43.07	61.39	92.84	57.01	0.57
139.00	42.04	60.18	91.05	58.47	0.53
139.60	41.14	59.23	88.91	51.47	0.63
140.20	40.15	56.90	86.46	56.27	0.52
140.80	40.04	55.20	83.88	54.42	0.53
141.40	37.67	54.38	81.79	54.58	0.50
142.00	34.32	53.53	80.61	54.13	0.49
142.60	32.30	54.62	79.37	55.42	0.44
143.20	38.02	55.87	78.60	52.61	0.46
143.80	36.00	58.08	78.28	53.25	0.43
144.40	35.94	60.93	78.62	52.37	0.43
145.00	43.36	65.48	80.31	46.76	0.51
145.60	45.45	68.66	81.84	54.90	0.38
146.20	43.36	69.48	82.90	55.03	0.39
146.80	42.32	69.66	83.25	55.71	0.39
147.40	43.59	68.61	83.91	52.67	0.45
148.00	41.70	68.07	84.05	52.63	0.46
148.60	43.04	67.00	84.15	50.56	0.50
149.20	39.20	68.87	85.02	55.00	0.43
149.80	43.62	70.48	86.48	53.80	0.46
150.40	43.68	72.47	87.82	52.55	0.49
151.00	42.31	70.96	88.63	59.17	0.41
151.60	45.47	70.94	89.11	60.05	0.40
152.20	40.70	69.62	89.18	60.41	0.40
152.80	38.06	69.20	90.26	59.65	0.43
153.40	44.15	71.02	91.60	51.52	0.56
154.00	51.31	71.85	92.52	58.75	0.46
154.60	52.26	69.64	92.54	60.06	0.45
155.20	50.73	67.19	92.04	56.96	0.52
155.80	51.62	66.57	92.21	47.96	0.66
156.40	49.86	68.80	92.78	55.85	0.53
157.00	48.49	70.66	94.13	52.38	0.58
157.60	48.56	69.86	94.64	56.21	0.54
158.20	47.83	67.48	93.69	59.01	0.50
158.80	47.22	66.74	93.29	53.82	0.58
159.40	47.60	68.61	93.86	55.88	0.55
160.00	49.14	71.45	95.38	53.65	0.58
160.60	49.08	74.52	97.41	55.72	0.55
161.20	51.25	72.54	97.92	57.20	0.54
161.80	51.14	70.08	97.02	55.82	0.58
162.40	52.12	69.58	96.45	58.83	0.53
163.00	55.21	69.05	96.08	58.52	0.53
163.60	55.86	69.68	96.24	53.68	0.61
164.20	55.98	70.91	96.57	52.36	0.62
164.80	54.03	68.40	94.98	55.51	0.57
165.40	52.25	65.28	93.66	53.20	0.62
166.00	50.91	66.00	93.57	51.90	0.62
166.60	45.05	67.75	93.48	48.02	0.67
167.20	51.68	68.83	94.37	55.88	0.55
167.80	53.32	67.66	94.99	56.04	0.56
168.40	50.15	64.68	93.43	55.64	0.57
169.00	42.00	63.21	91.23	55.56	0.56
169.60	40.82	63.59	91.26	55.22	0.70
170.20	45.94	64.98	91.05	51.73	0.61
170.80	50.51	67.91	92.20	51.23	0.59
171.40	51.19	67.27	92.57	54.42	0.55
172.00	50.93	65.88	91.68	54.46	0.55
172.60	52.91	67.31	91.49	54.35	0.55
173.20	54.42	67.52	91.62	49.59	0.62
173.80	56.22	70.98	92.64	51.91	0.57
174.40	57.97	72.15	93.83	49.97	0.59
175.00	56.72	69.97	94.07	50.60	0.61
175.60	56.02	70.54	94.47	50.87	0.61
176.20	56.81	70.24	94.92	51.25	0.61
176.80	57.29	72.24	95.57	52.51	0.59
177.40	58.35	73.15	96.33	54.19	0.57
178.00	55.06	70.15	95.34	52.59	0.60
>>>>>>> 4966aae922150d281e7f47d431009d8054258bc0
178.60	52.54	67.27	93.87	52.61	0.60