TIEMPO	VFSCd	VFSCi	PAMn	PCC	RAP
0.40	45.58	69.30	57.81	-4.36	0.98
1.00	53.04	69.41	61.07	-0.12	0.78
1.60	52.84	70.35	59.35	-6.61	0.88
2.20	58.28	73.70	58.03	-8.52	0.90
2.80	59.99	75.35	58.54	-7.58	0.86
3.40	59.57	75.02	59.00	-9.52	0.90
4.00	60.45	74.46	59.67	-2.38	0.82
4.60	58.55	73.75	60.23	-3.37	0.85
5.20	52.30	71.47	60.34	-5.07	0.90
5.80	52.64	70.20	59.72	-6.20	0.92
6.40	54.22	72.11	60.83	-4.06	0.89
7.00	53.62	70.31	61.79	-1.37	0.89
7.60	55.79	71.86	64.20	-6.17	0.98
8.20	57.92	73.97	65.11	-10.12	1.01
8.80	58.12	73.68	64.13	-9.55	0.98
9.40	56.90	71.61	61.89	-6.26	0.94
10.00	55.23	69.14	58.75	-3.85	0.90
10.60	56.36	70.21	59.42	-9.58	0.98
11.20	57.46	71.45	60.12	-9.00	0.95
11.80	60.53	73.78	61.62	-7.41	0.93
12.40	62.06	75.10	63.13	-8.21	0.94
13.00	60.91	74.62	62.84	-10.55	0.97
13.60	59.45	73.20	62.01	-5.57	0.91
14.20	58.83	71.51	60.44	-8.96	0.96
14.80	58.04	70.07	59.47	-10.17	0.98
15.40	58.23	70.03	59.64	-7.52	0.95
16.00	59.43	71.58	60.96	-5.92	0.93
16.60	59.81	73.46	61.76	-6.13	0.91
17.20	60.19	72.69	61.49	-8.79	0.96
17.80	58.51	71.35	60.59	-8.27	0.95
18.40	56.90	70.34	59.73	-5.77	0.92
19.00	56.45	69.78	59.49	-6.30	0.92
19.60	56.51	69.49	59.86	-9.84	0.99
20.20	57.56	71.04	60.95	-6.67	0.94
20.80	59.55	73.11	62.90	-7.00	0.95
21.40	60.23	73.53	64.15	-7.77	0.96
22.00	59.34	72.41	64.02	-6.18	0.96
22.60	57.97	71.11	63.70	-8.09	0.99
23.20	57.28	70.62	63.44	-9.89	1.03
23.80	58.94	70.82	64.93	-10.81	1.05
24.40	60.12	71.66	65.93	-9.46	1.04
25.00	59.27	71.62	65.46	-6.39	1.00
25.60	56.23	69.96	63.81	-1.25	0.91
26.20	52.70	67.48	62.25	-14.23	1.12
26.80	53.47	66.90	61.19	-9.75	1.05
27.40	55.62	68.41	61.05	-7.44	0.99
28.00	57.09	69.79	61.41	-11.29	1.02
28.60	57.69	70.01	61.31	-4.58	0.93
29.20	58.29	69.80	59.74	-3.33	0.89
29.80	58.16	69.28	58.10	-8.79	0.95
30.40	58.62	70.24	58.06	-11.36	0.97
31.00	59.35	72.00	59.00	-9.91	0.95
31.60	61.37	74.04	60.40	-8.64	0.93
32.20	64.29	76.08	62.43	-12.05	0.97
32.80	65.78	77.64	63.15	-9.92	0.93
33.40	65.46	75.72	62.53	-12.95	0.98
34.00	61.59	74.73	61.01	-14.27	1.01
34.60	62.06	74.78	60.58	-11.83	0.95
35.20	63.62	75.70	60.90	-11.10	0.93
35.80	64.43	76.17	61.42	-13.20	0.97
36.40	64.63	75.91	63.41	-6.83	0.92
37.00	62.89	76.45	61.89	-15.04	0.99
37.60	61.36	79.05	60.41	-16.22	0.98
38.20	54.83	78.33	59.49	-18.38	1.00
38.80	57.44	76.51	58.36	-12.97	0.92
39.40	56.20	72.98	56.71	-7.46	0.85
40.00	51.47	68.66	54.72	-8.18	0.90
40.60	48.49	65.61	53.09	-9.47	0.93
41.20	48.28	64.43	52.12	-10.46	0.95
41.80	49.92	66.65	52.54	-11.11	1.03
42.40	51.86	68.04	51.41	-9.58	0.94
43.00	51.43	67.86	49.48	-10.75	0.87
43.60	50.12	66.80	47.71	-12.90	0.89
44.20	48.75	65.63	46.09	-9.57	0.84
44.80	46.58	65.20	45.34	-15.97	0.93
45.40	48.16	66.56	45.37	-12.31	0.85
46.00	48.26	67.58	46.30	-12.04	0.85
46.60	48.36	69.93	47.53	-12.78	0.85
47.20	54.26	71.69	49.49	-12.97	0.89
47.80	59.05	76.00	52.55	-12.84	0.94
48.40	59.33	80.21	56.18	-13.17	0.92
49.00	58.18	81.97	58.90	-16.08	0.90
49.60	58.84	82.07	60.36	-10.91	0.86
50.20	59.18	80.21	61.77	-5.62	0.81
50.80	60.96	79.91	62.89	-5.25	0.84
51.40	63.78	80.44	64.93	-9.11	0.91
52.00	63.13	79.20	65.21	-10.83	0.94
52.60	60.41	76.34	62.65	-8.42	0.91
53.20	57.64	73.65	60.29	-8.21	0.92
53.80	57.61	71.71	58.01	-9.07	0.92
54.40	57.10	70.25	56.07	-9.48	0.91
55.00	54.11	69.08	54.62	-8.96	0.91
55.60	53.89	67.91	53.90	-4.19	0.85
56.20	53.61	67.10	51.69	-9.53	0.90
56.80	52.73	66.45	49.47	-14.61	0.94
57.40	51.97	66.59	48.54	-7.13	0.83
58.00	53.52	69.44	50.14	-12.97	0.91
58.60	57.53	73.43	52.30	-15.74	0.92
59.20	60.19	75.76	53.89	-12.85	0.86
59.80	60.70	76.70	54.54	-11.26	0.84
60.40	59.94	76.11	54.30	-12.71	0.86
61.00	59.20	73.89	53.40	-9.34	0.80
61.60	58.10	72.26	52.18	-8.68	0.94
62.20	57.46	71.83	51.07	-8.99	0.89
62.80	58.11	71.98	51.27	-12.02	0.87
63.40	59.67	74.04	52.43	-14.33	0.90
64.00	61.46	77.21	53.24	-9.68	0.81
64.60	62.80	78.07	55.22	-8.73	0.81
65.20	62.24	79.17	56.73	-7.11	0.79
65.80	62.30	77.78	57.07	-9.28	0.84
66.40	59.28	77.82	57.39	-10.63	0.86
67.00	58.36	77.92	57.95	-10.11	0.86
67.60	60.41	78.04	58.53	-8.71	0.84
68.20	62.09	78.16	58.45	-6.09	0.81
68.80	60.55	76.58	59.61	-7.96	0.86
69.40	61.50	76.06	60.49	-8.72	0.89
70.00	62.04	78.77	61.92	-11.45	0.92
70.60	60.41	76.44	62.01	-12.85	0.96
71.20	57.81	72.18	59.74	-11.41	0.97
71.80	55.43	70.75	56.16	-11.19	0.94
72.40	52.67	67.49	52.63	-12.40	0.95
73.00	52.42	66.99	50.67	-12.20	0.93
73.60	53.14	68.21	50.42	-11.22	0.89
74.20	54.46	70.66	51.41	-11.49	0.88
74.80	57.53	74.91	53.95	-10.16	0.83
75.40	59.86	75.89	54.40	-10.25	0.92
76.00	61.23	78.43	55.15	-9.69	0.85
76.60	66.27	84.24	59.91	-6.32	0.78
77.20	62.54	85.05	63.04	-7.77	0.81
77.80	58.00	80.71	61.38	-13.10	0.89
78.40	59.53	77.66	57.55	-10.83	0.86
79.00	65.09	83.72	61.53	-8.99	0.83
79.60	68.89	87.10	64.80	-7.68	0.94
80.20	68.93	86.88	64.85	-12.46	0.91
80.80	66.95	83.03	62.67	-13.01	0.89
81.40	49.41	77.34	61.40	-9.66	0.88
82.00	38.66	76.53	61.41	-6.08	0.90
82.60	43.46	79.85	61.25	-6.69	0.97
83.20	53.27	80.15	60.72	-13.83	0.93
83.80	55.80	79.14	58.34	-14.79	0.93
84.40	54.00	74.56	55.85	-15.79	0.99
85.00	54.06	70.49	52.46	-11.96	0.91
85.60	52.97	69.05	49.51	-10.28	0.84
86.20	53.14	69.18	48.39	-12.14	0.86
86.80	54.80	70.30	49.35	-13.28	0.89
87.40	55.52	71.97	50.94	-15.77	0.91
88.00	55.08	72.42	50.99	-8.25	0.81
88.60	54.50	71.72	50.15	-9.59	0.82
89.20	54.31	70.41	49.98	-9.05	0.82
89.80	55.53	69.58	49.86	-10.74	0.86
90.40	55.21	70.48	50.41	-11.62	0.87
91.00	55.51	70.96	51.49	-11.51	0.87
91.60	57.09	71.80	52.65	-12.32	0.90
92.20	58.07	74.09	54.53	-10.23	0.86
92.80	56.60	73.01	54.94	-11.38	0.90
93.40	55.55	71.86	54.63	-9.89	0.87
94.00	55.53	71.96	53.93	-8.56	0.85
94.60	58.02	73.10	54.54	-8.75	0.86
95.20	59.75	74.36	56.45	-10.56	0.89
95.80	59.66	75.18	58.03	-12.46	0.92
96.40	59.62	75.63	58.76	-6.09	0.85
97.00	60.46	77.91	60.99	-8.01	0.87
97.60	60.82	76.67	61.28	-4.82	0.84
98.20	59.20	73.58	59.59	-4.13	0.85
98.80	58.03	71.96	57.71	-5.95	0.87
99.40	57.64	72.26	56.63	-7.56	0.88
100.00	55.61	72.17	56.25	-9.64	0.91
100.60	55.91	72.64	56.75	-12.12	0.94
101.20	55.04	72.03	56.09	-9.81	0.90
101.80	54.27	70.03	55.05	-8.97	0.89
102.40	52.96	68.42	54.16	-10.33	0.93
103.00	51.74	67.47	53.47	-9.49	0.92
103.60	52.30	66.31	53.81	-8.53	0.92
104.20	53.09	67.36	54.73	-6.82	0.91
104.80	53.76	69.99	56.87	-9.07	0.94
105.40	54.50	70.66	58.45	-12.91	1.00
106.00	55.09	69.73	58.40	-9.44	0.95
106.60	54.36	68.68	57.48	-4.74	0.89
107.20	53.26	68.35	57.16	-8.61	0.95
107.80	53.63	69.21	58.14	-12.71	1.01
108.40	55.91	71.81	59.81	-16.77	1.05
109.00	55.48	72.55	60.62	-6.99	0.92
109.60	53.79	71.16	60.43	-9.34	0.97
110.20	53.36	70.27	59.49	-13.65	1.04
110.80	53.15	69.15	58.33	-13.19	1.02
111.40	52.73	69.16	57.44	-9.45	0.96
112.00	52.58	70.79	57.56	-7.98	0.92
112.60	54.96	71.66	58.94	-3.88	0.86
113.20	54.93	71.79	58.00	-10.73	0.95
113.80	53.55	71.37	57.00	-7.97	0.90
114.40	54.38	70.21	56.29	-8.25	0.91
115.00	54.23	70.58	56.60	-8.60	0.92
115.60	55.25	73.03	58.08	-6.34	0.88
116.20	57.16	75.69	59.86	-11.00	0.93
116.80	55.41	74.94	59.48	-8.47	0.89
117.40	55.48	74.40	58.26	-9.20	0.90
118.00	54.19	73.71	58.99	-7.21	0.88
118.60	54.67	76.79	60.21	-14.14	0.95
119.20	59.23	78.44	62.26	-13.59	0.94
119.80	59.74	79.15	63.21	-9.72	0.90
120.40	57.88	78.32	62.14	-8.09	0.88
121.00	56.15	75.66	59.82	-6.15	0.86
121.60	54.63	72.76	57.30	-6.82	0.87
122.20	55.60	73.90	58.27	-10.64	0.92
122.80	54.75	74.33	58.42	-6.93	0.86
123.40	55.63	73.27	58.09	-5.30	0.85
124.00	54.19	72.44	57.07	-4.85	0.84
124.60	51.91	70.99	55.30	-3.47	0.81
125.20	50.44	68.81	53.14	-3.15	0.80
125.80	50.09	67.53	51.51	-9.79	0.90
126.40	51.53	70.16	51.54	-6.42	0.82
127.00	54.43	72.55	53.35	-7.59	0.82
127.60	56.52	74.68	55.84	-10.55	0.88
128.20	56.78	76.32	57.18	-10.69	0.88
128.80	57.47	75.56	57.13	-10.81	0.89
129.40	57.83	73.73	56.32	-11.18	0.90
130.00	57.46	72.96	55.75	-7.99	0.86
130.60	57.89	74.97	57.17	-5.83	0.83
131.20	59.16	77.13	59.40	-5.97	0.84
131.80	59.02	77.56	61.18	-6.21	0.86
132.40	58.68	75.78	61.40	-8.05	0.90
133.00	58.82	75.89	60.54	-9.10	0.91
133.60	57.78	74.44	59.08	-9.29	0.90
134.20	56.66	71.55	57.46	-9.65	0.93
134.80	59.14	71.81	57.35	-5.70	0.87
135.40	60.99	72.60	57.59	-5.73	0.86
136.00	61.81	73.22	57.83	-7.65	0.88
136.60	62.10	71.95	57.22	-9.02	0.91
137.20	61.26	69.89	55.78	-9.02	0.92
137.80	59.84	68.28	54.25	-7.97	0.90
138.40	59.88	67.91	53.54	-10.88	0.93
139.00	61.35	69.55	54.32	-6.32	0.87
139.60	64.28	72.16	56.32	-8.99	0.90
140.20	67.27	73.88	58.21	-6.88	0.86
140.80	66.46	73.26	58.39	-7.31	0.87
141.40	62.62	71.81	57.10	-12.48	0.95
142.00	59.12	71.27	56.58	-5.27	0.86
142.60	61.52	73.54	58.68	-7.18	0.89
143.20	63.86	76.22	60.89	-10.63	0.92
143.80	65.15	78.59	62.80	-6.45	0.86
144.40	63.56	78.68	62.55	-5.97	0.85
145.00	62.06	75.81	61.17	-8.41	0.90
145.60	60.18	73.68	60.16	-9.17	0.93
146.20	59.46	73.25	60.16	-8.14	0.92
146.80	61.90	73.05	60.12	-13.00	0.99
147.40	61.11	72.86	60.95	-7.38	0.93
148.00	59.87	71.31	59.68	-5.48	0.90
148.60	57.33	68.33	57.30	-5.40	0.90
149.20	57.43	68.04	56.17	-6.81	0.91
149.80	58.54	69.11	56.47	-7.96	0.92
150.40	59.17	70.14	56.98	-6.53	0.89
151.00	59.43	71.24	57.63	-10.71	0.96
151.60	58.12	71.46	57.22	-11.20	0.96
152.20	58.55	70.14	54.99	-14.48	0.99
152.80	55.92	70.96	55.49	-6.29	0.88
153.40	55.61	72.88	57.13	-8.14	0.89
154.00	57.09	75.31	58.41	-13.12	0.93
154.60	58.06	76.09	59.02	-10.63	0.90
155.20	57.85	74.90	58.01	-4.68	0.83
155.80	56.19	74.20	56.40	-7.57	0.85
156.40	54.79	74.89	56.41	-12.11	0.90
157.00	59.45	74.68	56.48	-13.22	0.93
157.60	60.53	75.91	57.45	-10.06	0.88
158.20	59.87	76.39	57.86	-7.61	0.84
158.80	58.58	74.94	57.01	-6.84	0.83
159.40	57.15	72.80	55.69	-3.85	0.80
160.00	57.42	73.56	55.18	-6.34	0.83
160.60	59.36	74.48	55.69	-10.38	0.87
161.20	59.86	76.56	57.52	-14.51	0.94
161.80	59.05	76.58	58.41	-8.25	0.86
162.40	58.76	75.45	57.77	-7.15	0.84
163.00	59.16	75.09	57.03	-10.55	0.89
163.60	59.91	75.40	57.93	-5.92	0.84
164.20	60.90	75.81	60.47	-6.04	0.78
164.80	62.11	77.85	62.53	-9.80	0.92
165.40	60.40	77.03	62.02	-6.13	0.88
166.00	58.86	74.66	61.01	-4.10	0.85
166.60	60.58	75.56	60.98	-10.57	0.98
167.20	61.27	77.14	63.41	-15.24	0.89
167.80	62.20	79.33	65.75	-10.92	0.83
168.40	61.66	77.74	66.16	-4.11	0.88
169.00	59.85	75.19	64.91	-3.29	0.89
169.60	58.62	74.16	63.66	-4.58	0.90
170.20	58.06	73.11	63.19	-5.44	0.93
170.80	57.46	71.46	63.31	-1.68	0.89
171.40	55.53	70.63	62.12	-2.66	0.90
172.00	53.26	65.79	59.07	-3.08	0.92
172.60	51.59	62.80	56.16	-1.94	0.90
173.20	51.21	63.24	54.76	-1.17	0.87
173.80	52.38	64.92	55.04	-2.71	0.88
174.40	54.20	67.08	56.04	-6.20	0.92
175.00	54.91	69.66	56.59	-4.64	0.88
175.60	54.59	68.75	55.80	-5.32	0.88
176.20	55.17	70.03	56.49	-5.82	0.88
176.80	59.42	74.82	60.12	-8.58	0.91
177.40	61.56	77.55	63.13	-5.66	0.87
178.00	62.61	79.89	65.63	-3.40	0.85