TIEMPO	VFSCd	VFSCi	PAMn	PCC	RAP
0.40	68.83	42.30	81.94	8.74	1.72
1.00	67.21	42.19	80.63	4.80	1.77
1.60	66.63	42.30	79.79	2.68	1.79
2.20	67.28	42.70	79.37	2.21	1.79
2.80	68.25	42.86	79.73	4.92	1.68
3.40	68.66	42.57	80.11	7.42	1.69
4.00	68.36	41.94	79.97	8.19	2.02
4.60	67.72	41.37	80.01	4.18	1.92
5.20	68.22	41.85	80.25	1.51	1.83
5.80	68.94	42.53	80.61	0.76	1.84
6.40	69.16	42.83	81.23	0.67	1.89
7.00	68.73	42.51	79.96	0.71	1.96
7.60	68.60	41.92	78.44	0.48	1.98
8.20	69.23	41.22	78.01	-0.43	1.91
8.80	69.58	41.13	77.92	3.55	1.74
9.40	68.89	40.59	77.69	7.35	1.69
10.00	67.12	39.53	77.03	7.33	2.00
10.60	65.74	38.72	76.17	7.77	1.88
11.20	64.99	37.95	75.45	6.20	1.77
11.80	64.82	37.32	75.10	0.27	1.95
12.40	64.28	38.19	74.54	-1.83	2.10
13.00	63.78	39.20	74.15	-0.91	2.08
13.60	63.47	39.96	74.09	2.67	1.79
14.20	63.95	39.68	74.62	9.71	1.60
14.80	64.40	39.21	75.19	12.09	1.58
15.40	64.78	38.79	75.59	7.09	1.73
16.00	64.98	38.62	75.89	6.90	1.70
16.60	66.40	38.95	76.54	7.38	1.84
17.20	67.79	39.34	77.53	7.28	2.16
17.80	67.89	39.35	77.96	9.44	1.83
18.40	67.95	40.11	78.74	8.23	1.73
19.00	68.36	40.67	79.68	6.81	1.75
19.60	69.30	40.42	80.58	8.37	1.70
20.20	69.46	40.54	80.53	9.45	1.92
20.80	69.37	40.65	80.39	8.50	2.04
21.40	69.26	40.53	80.63	4.76	1.87
22.00	69.88	39.63	80.92	4.38	1.88
22.60	69.14	39.08	80.53	4.67	1.89
23.20	67.83	39.22	79.54	4.99	1.87
23.80	66.80	40.23	78.52	5.16	1.80
24.40	66.34	40.58	77.99	4.26	1.77
25.00	66.04	40.12	77.55	3.01	1.82
25.60	65.53	38.62	76.17	3.31	2.03
26.20	65.21	38.88	75.55	1.56	1.97
26.80	65.37	39.73	75.40	0.23	1.84
27.40	65.95	40.68	75.46	1.33	1.79
28.00	65.50	41.80	75.13	2.93	1.69
28.60	65.82	42.38	75.33	4.04	1.71
29.20	66.38	43.09	76.16	3.77	1.82
29.80	66.70	44.65	77.16	-0.21	1.73
30.40	66.22	45.01	77.28	1.64	1.64
31.00	65.74	44.93	77.11	5.34	1.58
31.60	65.42	44.56	77.11	6.97	1.54
32.20	64.58	43.38	76.30	15.45	1.36
32.80	63.82	42.39	75.60	15.22	1.38
33.40	63.80	41.68	75.07	8.86	1.55
34.00	64.98	41.22	74.44	10.91	1.51
34.60	64.37	40.55	73.56	14.36	1.43
35.20	63.88	40.26	72.86	16.84	1.37
35.80	64.85	40.69	72.69	17.86	1.34
36.40	65.27	41.11	72.80	12.08	1.46
37.00	65.45	41.34	72.76	6.84	1.57
37.60	65.59	41.43	72.17	6.80	1.54
38.20	65.92	42.17	72.34	12.64	1.40
38.80	67.43	42.28	72.74	13.50	1.38
39.40	68.51	42.00	73.09	8.05	1.52
40.00	67.50	41.63	72.59	15.42	1.36
40.60	67.45	41.20	72.59	18.27	1.30
41.20	67.85	40.90	72.88	16.67	1.36
41.80	68.29	40.93	73.17	11.99	1.50
42.40	67.70	40.53	72.96	13.24	1.45
43.00	67.80	40.32	72.91	14.86	1.40
43.60	68.96	40.51	73.57	12.37	1.49
44.20	69.23	40.98	73.99	11.09	1.52
44.80	68.91	41.17	74.32	14.68	1.43
45.40	68.56	41.43	74.75	20.30	1.30
46.00	68.50	42.24	75.70	13.79	1.44
46.60	68.69	42.44	76.64	12.28	1.49
47.20	67.63	41.95	77.10	13.64	1.48
47.80	65.50	41.28	76.80	15.72	1.46
48.40	64.48	41.73	77.22	10.11	1.58
49.00	64.17	41.38	77.32	10.07	1.59
49.60	63.78	41.02	77.18	10.72	1.59
50.20	62.77	41.15	77.01	6.69	1.65
50.80	63.97	41.15	77.28	5.50	1.85
51.40	64.29	41.80	77.22	5.61	1.87
52.00	64.10	42.60	76.64	6.07	1.65
52.60	64.88	43.03	76.37	6.32	1.59
53.20	65.07	43.43	76.50	10.37	1.50
53.80	64.91	43.49	76.58	11.99	1.46
54.40	64.61	43.16	76.08	2.73	1.66
55.00	64.57	43.53	76.00	2.28	1.66
55.60	64.12	43.00	75.71	6.26	1.57
56.20	63.56	42.27	74.99	10.83	1.47
56.80	63.20	42.12	73.70	9.54	1.50
57.40	63.05	42.05	73.44	4.27	1.60
58.00	63.35	42.51	73.49	0.34	1.69
58.60	63.90	43.16	73.38	0.36	1.73
59.20	63.98	43.05	72.83	0.37	1.74
59.80	64.98	43.39	73.03	0.24	1.70
60.40	65.79	43.91	73.32	1.83	1.61
61.00	65.73	44.39	73.12	6.39	1.48
61.60	66.19	43.68	73.41	7.44	1.49
62.20	66.29	42.93	73.59	8.62	1.48
62.80	66.05	42.04	73.39	11.82	1.42
63.40	66.01	40.18	72.44	7.99	1.54
64.00	65.26	40.29	71.88	9.30	1.52
64.60	64.61	40.92	71.74	12.89	1.42
65.20	65.11	40.89	71.71	7.31	1.54
65.80	63.81	40.27	71.18	11.82	1.43
66.40	63.85	39.69	70.98	17.68	1.31
67.00	65.87	39.47	71.84	18.71	1.34
67.60	66.00	40.17	72.32	5.34	1.64
68.20	64.73	39.95	72.11	5.49	1.61
68.80	63.87	39.80	71.64	19.29	1.29
69.40	64.60	40.89	72.72	14.73	1.40
70.00	64.83	41.68	73.17	11.62	1.47
70.60	64.56	41.66	73.13	12.48	1.43
71.20	64.08	41.01	72.74	18.04	1.31
71.80	64.51	40.61	73.06	16.97	1.35
72.40	64.83	40.96	73.52	10.02	1.53
73.00	64.76	41.33	73.83	2.40	1.72
73.60	64.26	41.05	73.33	9.43	1.54
74.20	64.10	41.41	73.17	9.09	1.53
74.80	63.77	41.14	72.96	7.35	1.56
75.40	63.16	39.90	72.37	10.84	1.51
76.00	61.35	39.85	71.28	15.37	1.38
76.60	60.82	39.78	70.56	16.46	1.34
77.20	61.40	39.59	70.57	12.57	1.44
77.80	61.71	39.38	70.60	12.35	1.46
78.40	61.48	39.53	70.60	14.64	1.40
79.00	61.39	39.66	70.66	16.12	1.36
79.60	62.03	39.44	70.95	9.15	1.56
80.20	62.30	39.78	71.37	12.17	1.48
80.80	62.01	39.91	71.62	15.29	1.39
81.40	61.42	39.57	71.38	9.30	1.55
82.00	61.98	38.69	72.34	17.15	1.40
82.60	62.57	37.90	73.02	19.91	1.37
83.20	62.41	37.21	73.12	16.80	1.48
83.80	61.03	36.55	72.20	15.72	1.52
84.40	60.83	36.45	72.00	15.78	1.52
85.00	61.24	36.76	72.05	15.07	1.53
85.60	62.02	37.38	71.84	12.27	1.58
86.20	60.18	37.30	71.17	14.88	1.48
86.80	59.32	37.25	70.80	16.67	1.43
87.40	59.61	37.68	70.98	14.69	1.50
88.00	60.29	39.18	71.11	11.05	1.52
88.60	59.67	39.06	70.52	3.58	1.69
89.20	59.82	38.74	70.05	2.32	1.72
89.80	62.23	39.06	70.43	15.41	1.39
90.40	61.98	39.05	70.68	15.31	1.40
91.00	61.91	38.83	70.51	12.60	1.47
91.60	62.19	38.57	69.89	13.38	1.44
92.20	61.88	38.48	69.48	14.76	1.41
92.80	62.43	38.99	69.48	16.15	1.36
93.40	62.79	38.74	69.47	16.38	1.35
94.00	62.30	37.08	69.15	14.64	1.43
94.60	62.09	37.16	68.84	15.57	1.40
95.20	62.68	37.95	68.93	15.15	1.38
95.80	63.36	38.52	69.41	12.40	1.43
96.40	62.86	38.32	69.26	10.51	1.91
97.00	61.78	38.31	68.90	15.28	1.67
97.60	61.32	37.91	68.79	19.92	1.29
98.20	61.87	37.11	69.41	19.26	1.34
98.80	61.79	37.75	69.36	10.76	1.53
99.40	61.83	37.47	69.53	8.83	1.59
100.00	62.44	36.80	70.22	14.48	1.49
100.60	63.76	36.52	71.54	16.59	1.49
101.20	63.72	35.09	71.88	17.75	1.52
101.80	63.54	34.59	71.89	16.85	1.58
102.40	63.82	35.41	72.08	12.38	1.68
103.00	64.87	35.86	72.63	8.11	1.78
103.60	64.86	36.57	73.06	10.05	1.71
104.20	64.40	37.05	73.33	16.12	1.52
104.80	64.12	36.74	73.97	13.49	1.62
105.40	64.11	36.66	74.23	16.63	1.54
106.00	63.75	36.39	73.78	18.18	1.49
106.60	62.78	35.80	72.53	12.52	1.65
107.20	63.01	35.78	71.68	9.89	1.71
107.80	63.36	35.99	70.96	8.83	1.71
108.40	63.39	36.17	70.26	7.51	1.72
109.00	62.06	35.89	69.12	15.15	1.48
109.60	61.99	35.96	68.48	17.17	1.40
110.20	62.71	36.25	68.30	13.63	1.48
110.80	63.62	36.52	68.20	12.71	1.49
111.40	63.66	36.91	67.48	10.38	1.54
112.00	63.85	37.30	67.00	8.08	1.57
112.60	64.57	37.64	67.55	6.40	1.59
113.20	65.59	37.80	68.06	11.75	1.46
113.80	65.02	37.47	68.20	13.64	1.43
114.40	64.15	37.28	68.07	10.80	1.52
115.00	64.08	37.66	68.36	15.12	1.39
115.60	64.20	37.97	68.91	13.69	1.44
116.20	63.31	37.80	69.12	12.11	1.50
116.80	61.18	37.21	68.38	17.37	1.34
117.40	61.08	37.22	67.84	14.31	1.42
118.00	60.69	37.77	67.66	11.72	1.47
118.60	62.14	38.21	67.84	11.92	1.44
119.20	67.92	38.07	68.08	7.54	1.55
119.80	65.47	38.24	68.45	11.14	1.48
120.40	62.32	38.64	68.94	15.78	1.37
121.00	63.06	39.19	69.55	15.45	1.37
121.60	63.30	38.95	69.51	13.58	1.40
122.20	63.46	39.05	69.63	14.33	1.39
122.80	63.59	39.30	70.25	18.90	1.28
123.40	63.76	39.06	70.93	20.44	1.28
124.00	63.22	38.12	71.22	20.24	1.32
124.60	62.78	37.79	71.44	18.21	1.39
125.20	62.84	38.68	71.90	14.24	1.48
125.80	63.89	39.85	71.97	9.05	1.56
126.40	63.75	39.87	71.40	7.08	1.59
127.00	63.07	39.96	70.42	8.80	1.54
127.60	62.62	41.12	70.05	9.03	1.46
128.20	63.77	41.81	70.24	8.47	1.46
128.80	64.18	42.48	70.21	7.28	1.47
129.40	63.56	43.30	69.59	5.62	1.45
130.00	63.39	44.23	70.16	11.46	1.32
130.60	64.42	44.49	70.98	10.91	1.33
131.20	64.34	44.44	71.31	9.64	1.36
131.80	63.16	44.35	70.82	12.33	1.31
132.40	63.83	44.44	71.08	13.09	1.29
133.00	64.09	44.09	71.41	14.88	1.25
133.60	63.34	43.06	71.35	16.75	1.22
134.20	61.90	41.76	70.46	19.08	1.20
134.80	61.90	41.85	70.22	11.85	1.37
135.40	61.78	41.07	70.18	9.05	1.45
136.00	61.32	39.76	70.06	8.95	1.48
136.60	60.68	38.47	69.47	7.67	1.57
137.20	61.20	38.17	69.69	10.47	1.53
137.80	62.91	39.67	70.52	10.13	1.52
138.40	64.36	40.76	71.31	8.87	1.52
139.00	64.70	40.30	71.06	17.48	1.29
139.60	63.46	39.13	70.43	17.16	1.33
140.20	63.63	39.63	70.54	9.54	1.52
140.80	63.56	40.03	70.75	5.01	1.62
141.40	62.31	39.66	70.51	8.20	1.54
142.00	59.98	38.81	69.16	6.18	1.61
142.60	59.52	38.12	68.49	2.13	1.72
143.20	59.23	37.28	68.01	4.65	1.67
143.80	58.76	36.99	67.34	14.81	1.40
144.40	58.67	37.74	66.07	11.35	1.42
145.00	58.68	37.35	65.46	11.07	1.42
145.60	59.30	37.69	65.41	11.96	1.40
146.20	60.42	38.83	65.78	10.86	1.38
146.80	60.81	38.75	66.27	14.70	1.36
147.40	61.72	39.65	67.63	16.61	1.18
148.00	63.39	40.91	69.34	16.21	1.09
148.60	65.30	41.92	71.14	13.88	1.31
149.20	65.07	41.95	71.02	11.80	1.41
149.80	66.11	42.68	72.35	15.19	1.34
150.40	67.60	43.73	74.34	15.92	1.32
151.00	68.62	44.61	76.14	7.37	1.53
151.60	68.14	44.70	77.09	4.69	1.59
152.20	66.52	43.72	76.87	11.96	1.46
152.80	65.42	43.04	76.55	18.12	1.34
153.40	65.45	43.19	76.88	15.33	1.40
154.00	65.64	43.14	76.88	12.52	1.46
154.60	64.11	42.67	76.06	12.27	1.46
155.20	61.70	41.93	74.43	14.48	1.40
155.80	60.63	41.22	73.36	9.24	1.53
156.40	59.82	40.66	72.40	6.07	1.60
157.00	58.80	40.09	71.26	6.85	1.57
157.60	57.05	39.27	69.26	14.41	1.37
158.20	56.81	39.08	68.19	11.75	1.43
158.80	56.60	38.88	67.48	6.45	1.56
159.40	55.99	38.45	66.51	3.67	1.61
160.00	56.34	36.88	65.67	12.43	1.41
160.60	57.79	37.80	65.62	17.24	1.28
161.20	59.37	39.29	66.34	15.58	1.28
161.80	60.53	39.41	67.15	18.24	1.23
162.40	60.10	39.95	67.87	16.49	1.26
163.00	61.23	40.19	69.01	13.66	1.35
163.60	62.53	40.32	70.55	12.13	1.43
164.20	62.18	40.71	71.61	13.19	1.41
164.80	61.95	40.25	71.60	14.05	1.41
165.40	62.25	39.91	71.50	14.30	1.42
166.00	62.91	39.86	71.84	14.02	1.43
166.60	63.19	39.69	72.01	11.69	1.49
167.20	63.42	39.42	71.68	10.29	1.53
167.80	63.66	39.27	71.44	11.05	1.52
168.40	64.01	39.39	71.82	14.89	1.44
169.00	63.56	39.40	71.98	11.35	1.52
169.60	63.43	39.67	71.77	8.46	1.57
170.20	63.75	40.04	71.25	9.94	1.52
170.80	64.42	40.05	71.41	9.85	1.52
171.40	64.41	40.24	71.37	11.99	1.45
172.00	64.29	40.12	70.98	13.75	1.40
172.60	64.38	39.66	69.98	11.45	1.44
173.20	65.51	39.96	69.74	14.00	1.37
173.80	65.97	40.90	69.88	13.03	1.38
174.40	65.92	41.21	69.97	8.96	1.46
175.00	65.26	39.63	69.13	10.73	1.43
175.60	66.60	40.88	69.95	14.70	1.35
176.20	67.21	41.12	70.89	17.15	1.30
176.80	67.33	40.90	71.48	15.67	1.35
177.40	68.00	41.08	72.86	6.05	1.61
178.00	66.43	41.24	73.77	6.22	1.61
178.60	65.03	40.76	74.26	9.61	1.55
179.20	64.25	39.51	74.44	11.92	1.56