<<<<<<< HEAD
<<<<<<< HEAD
TIEMPO	VFSCd	VFSCi	PAMn	PCC	RAP
0.40	58.17	36.56	82.29	21.72	1.60
1.00	57.15	36.80	80.56	14.56	1.76
1.60	56.41	36.55	78.90	12.46	1.80
2.20	55.84	35.57	77.17	16.69	1.67
2.80	56.21	36.05	76.53	16.97	1.63
3.40	56.49	36.30	76.27	15.66	1.64
4.00	56.35	35.81	75.72	16.16	1.63
4.60	56.49	36.20	75.43	11.18	1.75
5.20	57.92	37.27	76.05	11.18	1.73
5.80	59.60	38.42	77.59	18.68	1.51
6.40	59.38	38.72	78.83	13.86	1.66
7.00	59.13	38.61	78.69	17.70	1.56
7.60	59.45	38.81	78.74	22.24	1.43
8.20	60.30	39.53	80.17	19.47	1.50
8.80	60.76	40.47	81.85	17.12	1.58
9.40	61.39	40.43	83.60	19.00	1.56
10.00	61.18	39.82	84.70	20.40	1.56
10.60	59.71	38.97	84.40	15.90	1.73
11.20	59.13	38.16	83.90	13.62	1.81
11.80	58.80	37.89	83.42	11.94	1.85
12.40	58.65	37.94	83.05	10.42	1.86
13.00	58.87	38.15	82.46	20.52	1.60
13.60	58.24	37.73	81.65	17.59	1.67
14.20	57.35	37.59	80.97	10.83	1.83
14.80	56.57	38.56	80.81	11.55	1.76
15.40	56.36	38.11	80.08	11.23	1.78
16.00	56.14	37.34	79.13	10.86	1.80
16.60	55.70	36.72	78.11	13.23	1.71
17.20	55.42	39.02	77.91	7.59	1.76
17.80	55.41	38.52	77.58	6.21	1.78
18.40	55.69	36.33	76.82	13.14	1.72
19.00	56.28	36.56	76.32	17.94	1.58
19.60	56.87	37.10	76.53	16.91	1.58
20.20	57.38	37.46	76.85	14.93	1.62
20.80	57.69	37.26	76.73	17.18	1.57
21.40	58.96	38.92	77.33	12.26	1.65
22.00	59.81	39.59	78.03	10.92	1.66
22.60	60.31	39.45	78.49	18.35	1.48
23.20	61.70	39.95	78.08	14.53	1.58
23.80	64.06	41.31	79.16	12.45	1.58
24.40	66.35	42.38	81.00	12.06	1.60
25.00	67.79	42.95	82.90	11.18	1.86
25.60	67.34	43.93	84.09	18.77	1.51
26.20	66.32	43.11	83.98	18.38	1.50
26.80	65.96	43.07	84.10	13.79	1.63
27.40	65.76	43.40	84.75	10.72	1.68
28.00	65.29	43.16	84.45	14.60	1.58
28.60	63.13	41.66	82.68	16.43	1.55
29.20	62.04	39.88	80.75	16.48	1.57
29.80	61.38	38.45	79.12	15.54	1.62
30.40	60.36	37.74	77.49	13.93	1.64
31.00	58.68	36.16	75.17	13.26	1.66
31.60	57.94	35.10	73.42	13.72	1.66
32.20	59.00	35.24	73.14	15.22	1.61
32.80	59.32	35.89	72.73	19.01	1.48
33.40	59.18	35.86	72.32	21.07	1.41
34.00	59.47	35.94	72.30	20.39	1.42
34.60	60.78	36.71	73.88	20.26	1.45
35.20	61.10	36.57	75.12	16.46	1.58
35.80	61.42	36.53	75.82	12.39	1.71
36.40	61.83	37.00	76.16	10.36	1.77
37.00	61.55	37.89	77.33	16.79	1.59
37.60	61.66	38.08	78.35	18.67	1.54
38.20	61.49	37.95	78.90	17.86	1.57
38.80	60.76	37.76	78.79	16.90	1.60
39.40	59.79	37.73	78.71	14.08	1.67
40.00	59.05	37.38	78.55	13.04	1.71
40.60	58.65	36.80	78.30	14.55	1.69
41.20	58.67	36.09	77.56	20.87	1.53
41.80	58.52	36.78	77.91	14.98	1.68
42.40	58.95	37.52	78.89	10.78	1.79
43.00	60.59	37.63	79.95	18.83	1.59
43.60	59.11	37.80	80.12	17.94	1.61
44.20	57.96	37.99	80.05	15.08	1.68
44.80	57.66	38.18	80.05	13.85	1.71
45.40	58.07	38.41	80.61	8.91	1.81
46.00	58.36	38.15	80.10	11.15	1.76
46.60	58.38	37.49	79.16	14.35	1.71
47.20	57.98	36.38	78.43	11.93	1.84
47.80	58.73	38.68	78.51	11.17	1.53
48.40	59.29	39.37	78.57	11.07	1.34
49.00	59.27	37.57	78.05	10.63	1.71
49.60	58.72	37.86	78.36	9.42	1.78
50.20	59.16	38.60	79.27	9.25	1.77
50.80	59.80	38.99	80.27	10.50	1.75
51.40	59.95	38.52	80.27	13.28	1.71
52.00	59.19	37.77	80.02	12.37	1.75
52.60	59.82	38.05	80.44	11.92	1.77
53.20	61.76	39.15	82.14	14.98	1.69
53.80	60.60	39.08	82.11	15.99	1.64
54.40	59.72	38.55	82.12	11.99	1.76
55.00	59.67	38.58	82.58	8.81	1.86
55.60	60.37	39.37	83.85	13.13	1.76
56.20	60.15	38.98	84.38	15.41	1.72
56.80	59.26	38.12	84.33	14.05	1.80
57.40	58.05	36.74	83.80	11.54	1.94
58.00	56.74	34.78	82.49	18.28	1.82
58.60	56.37	33.60	82.18	20.76	1.80
59.20	56.23	33.29	81.77	17.99	1.88
59.80	55.91	33.86	80.33	10.47	2.02
60.40	55.21	33.95	78.61	5.75	2.10
61.00	54.71	34.71	77.29	5.77	2.05
61.60	54.66	36.43	77.03	15.18	1.68
62.20	54.33	36.12	76.24	14.50	1.68
62.80	53.90	35.72	75.39	10.89	1.78
63.40	53.76	35.75	74.57	7.01	1.87
64.00	56.06	37.09	75.30	13.21	1.66
64.60	57.32	37.76	75.78	17.08	1.52
65.20	57.67	37.79	75.72	17.61	1.50
65.80	57.56	37.42	74.80	19.73	1.46
66.40	58.80	37.68	75.34	18.05	1.51
67.00	60.65	38.68	76.77	15.72	1.56
67.60	62.40	40.08	78.71	15.90	1.54
68.20	63.03	40.47	79.36	13.24	1.61
68.80	62.14	40.47	79.85	13.09	1.62
69.40	61.52	40.52	80.51	14.11	1.61
70.00	62.68	41.08	81.61	12.33	1.68
70.60	62.16	39.61	81.43	14.33	1.66
71.20	61.40	38.59	80.78	14.33	1.69
71.80	60.92	38.39	80.13	9.51	1.81
72.40	61.63	38.91	80.78	17.35	1.61
73.00	61.23	38.96	80.65	21.85	1.45
73.60	60.38	38.72	79.86	21.50	1.41
74.20	59.44	38.32	79.21	18.81	1.53
74.80	60.46	38.82	79.42	10.66	1.76
75.40	60.96	39.64	79.79	8.94	1.78
76.00	60.58	40.61	79.99	18.30	1.51
76.60	60.56	41.80	80.65	11.73	1.62
77.20	61.05	43.02	82.26	14.14	1.57
77.80	60.72	43.64	83.22	17.28	1.49
78.40	59.27	43.53	82.19	11.08	1.61
79.00	58.77	43.49	80.88	13.02	1.52
79.60	59.69	43.11	80.14	13.35	1.50
80.20	60.51	42.56	79.95	10.28	1.61
80.80	59.98	42.02	78.08	15.46	1.46
81.40	59.20	41.92	76.98	17.09	1.40
82.00	60.27	42.48	77.23	15.75	1.43
82.60	63.33	43.35	79.49	12.31	1.51
83.20	63.65	42.67	79.75	11.99	1.54
83.80	62.89	42.27	79.36	14.56	1.50
84.40	62.47	42.20	79.48	14.95	1.51
85.00	63.00	42.34	80.72	9.78	1.63
85.60	63.43	41.95	80.52	12.98	1.57
86.20	62.30	41.57	79.77	15.27	1.52
86.80	61.22	41.59	79.17	14.12	1.54
87.40	62.11	42.61	79.52	15.10	1.48
88.00	61.82	42.02	79.35	8.37	1.65
88.60	60.96	40.93	78.89	6.67	1.72
89.20	60.44	40.14	78.38	15.74	1.52
89.80	61.62	40.68	78.70	8.73	1.68
90.40	62.08	41.08	79.07	7.53	1.71
91.00	61.64	41.07	79.00	12.18	1.60
91.60	60.62	40.72	78.14	21.77	1.35
92.20	59.88	40.35	78.20	18.38	1.46
92.80	60.48	40.32	78.62	16.84	1.49
93.40	60.77	40.56	78.81	15.56	1.51
94.00	60.11	40.89	78.10	9.16	1.66
94.60	60.36	40.51	78.26	12.90	1.58
95.20	61.62	40.79	79.43	10.82	1.65
95.80	62.52	40.45	80.53	7.92	1.75
96.40	62.44	39.30	80.66	11.24	1.74
97.00	61.50	40.66	80.52	13.04	1.64
97.60	62.13	41.36	81.07	14.72	1.58
98.20	63.08	41.77	81.92	16.91	1.53
98.80	63.40	42.36	82.19	20.10	1.46
99.40	63.17	41.98	82.32	17.39	1.51
100.00	62.88	41.92	82.46	15.60	1.55
100.60	62.67	41.85	82.59	16.85	1.54
101.20	62.62	41.26	82.42	12.43	1.67
101.80	62.36	41.40	81.97	11.22	1.67
102.40	62.17	41.60	81.65	10.99	1.65
103.00	62.29	41.50	81.73	9.20	1.71
103.60	61.12	41.15	81.41	11.06	1.68
104.20	60.57	40.98	81.14	11.79	1.67
104.80	60.51	40.97	81.09	10.11	1.70
105.40	60.19	41.00	81.34	11.37	1.68
106.00	59.02	40.65	80.73	13.29	1.62
106.60	58.27	40.13	79.78	12.89	1.62
107.20	58.45	39.71	78.75	5.16	1.81
107.80	59.27	40.39	78.61	13.02	1.59
108.40	59.44	40.57	78.28	15.72	1.51
109.00	59.56	40.51	77.97	12.07	1.60
109.60	60.09	40.46	78.34	7.28	1.71
110.20	60.63	42.55	79.32	12.13	1.57
110.80	60.38	42.79	79.74	10.65	1.59
111.40	59.95	42.24	79.50	6.04	1.70
112.00	59.72	41.88	79.27	14.89	1.50
112.60	60.51	41.72	80.18	15.06	1.54
113.20	60.91	40.45	80.79	16.00	1.57
113.80	60.69	38.73	80.64	20.48	1.52
114.40	59.91	37.07	80.04	22.65	1.53
115.00	59.31	36.02	80.25	24.24	1.46
115.60	58.56	35.55	80.34	22.85	1.49
116.20	57.80	35.45	79.70	17.18	1.71
116.80	58.07	35.03	79.37	11.09	1.91
117.40	58.81	35.78	79.59	11.64	1.88
118.00	59.51	36.24	80.11	16.99	1.70
118.60	59.95	35.44	80.45	22.47	1.59
119.20	60.03	35.44	80.63	13.82	1.86
119.80	59.75	35.40	80.59	6.56	2.06
120.40	59.46	35.37	80.28	8.59	2.00
121.00	60.23	36.07	80.89	12.49	1.88
121.60	61.90	36.23	81.51	14.82	1.82
122.20	62.75	36.32	81.94	15.02	1.82
122.80	61.77	36.84	82.11	13.52	1.84
123.40	61.94	37.41	82.30	7.75	1.98
124.00	62.06	38.19	82.18	7.16	1.95
124.60	61.74	39.15	81.41	18.77	1.49
125.20	62.07	39.84	81.82	21.70	1.80
125.80	62.76	40.68	82.82	18.48	1.87
126.40	63.17	41.30	83.73	12.10	1.73
127.00	62.89	41.43	83.44	6.90	1.80
127.60	61.96	41.07	82.54	5.88	1.82
128.20	61.78	40.63	81.73	5.88	1.84
128.80	62.65	40.23	81.52	3.77	1.90
129.40	62.27	39.47	80.27	12.38	1.70
130.00	62.17	39.10	79.22	15.74	1.61
130.60	62.43	39.14	78.84	10.34	1.72
131.20	62.77	39.54	79.14	9.31	1.74
131.80	62.11	39.07	78.86	16.16	1.57
132.40	61.36	38.67	78.66	21.16	1.45
133.00	61.02	38.85	79.12	16.38	1.59
133.60	61.35	39.83	79.69	17.94	1.52
134.20	60.83	40.43	79.61	12.43	1.64
134.80	60.12	40.67	79.41	7.00	1.76
135.40	59.76	40.78	79.43	10.88	1.66
136.00	60.83	41.42	80.64	7.55	1.74
136.60	61.43	42.81	81.29	6.78	1.72
137.20	61.70	43.39	81.57	8.09	1.66
137.80	61.77	42.39	81.85	9.72	1.65
138.40	63.42	43.11	82.80	11.25	1.62
139.00	63.35	43.71	83.05	10.07	1.62
139.60	62.25	43.39	82.31	6.80	1.69
140.20	61.08	41.45	81.33	4.88	1.87
140.80	60.62	40.98	81.14	12.57	1.69
141.40	60.30	40.42	80.93	18.02	1.54
142.00	59.82	39.34	80.26	13.66	1.65
142.60	58.77	37.87	79.01	17.83	1.58
143.20	58.38	37.39	78.08	17.90	1.58
143.80	58.34	37.24	77.44	13.46	1.68
144.40	58.31	36.67	76.78	8.02	1.83
145.00	57.75	36.42	75.78	8.55	1.82
145.60	57.49	37.07	75.09	11.20	1.72
146.20	58.09	38.56	74.99	13.51	1.59
146.80	60.61	39.75	76.81	10.85	1.65
147.40	61.40	40.64	77.89	9.24	1.66
148.00	61.39	41.48	78.52	8.54	1.66
148.60	61.40	42.34	79.07	7.62	1.67
149.20	61.98	43.14	81.09	8.59	1.63
149.80	61.82	42.18	81.16	14.84	1.52
150.40	61.67	41.38	80.90	18.25	1.48
151.00	61.95	41.54	81.83	13.53	1.61
151.60	63.05	40.70	82.98	18.88	1.53
152.20	62.55	39.20	83.30	21.68	1.53
152.80	61.08	37.31	82.49	19.53	1.65
153.40	59.04	35.10	80.57	17.58	1.73
154.00	59.26	35.26	80.12	10.75	1.92
154.60	59.17	35.28	79.67	9.82	1.95
155.20	58.26	34.80	78.49	16.27	1.76
155.80	56.37	33.86	76.12	14.61	1.78
156.40	56.40	34.08	75.28	12.21	1.83
157.00	56.59	34.46	74.93	12.42	1.79
157.60	56.07	34.44	74.30	17.95	1.60
158.20	55.17	33.61	72.63	17.51	1.61
158.80	54.75	33.61	71.99	17.75	1.59
159.40	55.72	34.54	72.73	15.91	1.62
160.00	58.21	36.15	74.63	5.86	1.88
160.60	58.03	36.85	75.10	20.12	1.47
161.20	56.92	37.43	75.47	19.07	1.48
161.80	56.66	38.51	76.46	12.63	1.64
162.40	57.85	39.96	78.41	15.01	1.51
163.00	59.33	40.44	80.97	15.36	1.97
163.60	60.49	42.40	83.47	15.18	1.79
164.20	59.87	43.31	84.92	13.56	1.63
164.80	57.77	42.30	85.05	13.31	1.66
165.40	55.61	40.30	84.13	18.78	1.60
166.00	56.08	39.95	83.80	15.95	1.69
166.60	57.77	39.70	83.95	15.71	1.71
167.20	56.93	38.57	82.93	18.19	1.64
167.80	55.39	37.16	80.58	21.20	1.55
168.40	54.94	35.87	78.51	20.52	1.56
169.00	55.14	35.73	77.53	11.31	1.81
169.60	55.48	35.58	76.56	7.15	1.92
170.20	55.84	35.24	74.93	16.98	1.61
170.80	56.31	35.48	73.77	16.42	1.59
171.40	58.06	36.19	75.00	15.61	1.61
172.00	60.02	37.33	76.72	15.12	1.62
172.60	61.29	38.53	77.49	14.12	1.62
173.20	60.66	39.03	77.32	13.09	1.59
173.80	61.67	39.78	78.10	7.27	1.74
174.40	63.08	40.92	79.52	6.86	1.75
175.00	64.04	42.00	81.01	13.87	1.56
175.60	64.39	42.33	81.55	7.93	1.72
176.20	63.10	42.12	82.09	9.76	1.67
176.80	62.35	41.97	82.80	9.88	1.70
177.40	61.94	41.55	83.68	7.29	1.82
178.00	61.61	40.58	84.72	13.08	1.70
178.60	59.76	39.12	84.24	15.92	1.70
179.20	57.93	37.78	83.47	17.88	1.70
=======
TIEMPO	VFSCd	VFSCi	PAMn	PCC	RAP
0.40	58.17	36.56	82.29	21.72	1.60
1.00	57.15	36.80	80.56	14.56	1.76
1.60	56.41	36.55	78.90	12.46	1.80
2.20	55.84	35.57	77.17	16.69	1.67
2.80	56.21	36.05	76.53	16.97	1.63
3.40	56.49	36.30	76.27	15.66	1.64
4.00	56.35	35.81	75.72	16.16	1.63
4.60	56.49	36.20	75.43	11.18	1.75
5.20	57.92	37.27	76.05	11.18	1.73
5.80	59.60	38.42	77.59	18.68	1.51
6.40	59.38	38.72	78.83	13.86	1.66
7.00	59.13	38.61	78.69	17.70	1.56
7.60	59.45	38.81	78.74	22.24	1.43
8.20	60.30	39.53	80.17	19.47	1.50
8.80	60.76	40.47	81.85	17.12	1.58
9.40	61.39	40.43	83.60	19.00	1.56
10.00	61.18	39.82	84.70	20.40	1.56
10.60	59.71	38.97	84.40	15.90	1.73
11.20	59.13	38.16	83.90	13.62	1.81
11.80	58.80	37.89	83.42	11.94	1.85
12.40	58.65	37.94	83.05	10.42	1.86
13.00	58.87	38.15	82.46	20.52	1.60
13.60	58.24	37.73	81.65	17.59	1.67
14.20	57.35	37.59	80.97	10.83	1.83
14.80	56.57	38.56	80.81	11.55	1.76
15.40	56.36	38.11	80.08	11.23	1.78
16.00	56.14	37.34	79.13	10.86	1.80
16.60	55.70	36.72	78.11	13.23	1.71
17.20	55.42	39.02	77.91	7.59	1.76
17.80	55.41	38.52	77.58	6.21	1.78
18.40	55.69	36.33	76.82	13.14	1.72
19.00	56.28	36.56	76.32	17.94	1.58
19.60	56.87	37.10	76.53	16.91	1.58
20.20	57.38	37.46	76.85	14.93	1.62
20.80	57.69	37.26	76.73	17.18	1.57
21.40	58.96	38.92	77.33	12.26	1.65
22.00	59.81	39.59	78.03	10.92	1.66
22.60	60.31	39.45	78.49	18.35	1.48
23.20	61.70	39.95	78.08	14.53	1.58
23.80	64.06	41.31	79.16	12.45	1.58
24.40	66.35	42.38	81.00	12.06	1.60
25.00	67.79	42.95	82.90	11.18	1.86
25.60	67.34	43.93	84.09	18.77	1.51
26.20	66.32	43.11	83.98	18.38	1.50
26.80	65.96	43.07	84.10	13.79	1.63
27.40	65.76	43.40	84.75	10.72	1.68
28.00	65.29	43.16	84.45	14.60	1.58
28.60	63.13	41.66	82.68	16.43	1.55
29.20	62.04	39.88	80.75	16.48	1.57
29.80	61.38	38.45	79.12	15.54	1.62
30.40	60.36	37.74	77.49	13.93	1.64
31.00	58.68	36.16	75.17	13.26	1.66
31.60	57.94	35.10	73.42	13.72	1.66
32.20	59.00	35.24	73.14	15.22	1.61
32.80	59.32	35.89	72.73	19.01	1.48
33.40	59.18	35.86	72.32	21.07	1.41
34.00	59.47	35.94	72.30	20.39	1.42
34.60	60.78	36.71	73.88	20.26	1.45
35.20	61.10	36.57	75.12	16.46	1.58
35.80	61.42	36.53	75.82	12.39	1.71
36.40	61.83	37.00	76.16	10.36	1.77
37.00	61.55	37.89	77.33	16.79	1.59
37.60	61.66	38.08	78.35	18.67	1.54
38.20	61.49	37.95	78.90	17.86	1.57
38.80	60.76	37.76	78.79	16.90	1.60
39.40	59.79	37.73	78.71	14.08	1.67
40.00	59.05	37.38	78.55	13.04	1.71
40.60	58.65	36.80	78.30	14.55	1.69
41.20	58.67	36.09	77.56	20.87	1.53
41.80	58.52	36.78	77.91	14.98	1.68
42.40	58.95	37.52	78.89	10.78	1.79
43.00	60.59	37.63	79.95	18.83	1.59
43.60	59.11	37.80	80.12	17.94	1.61
44.20	57.96	37.99	80.05	15.08	1.68
44.80	57.66	38.18	80.05	13.85	1.71
45.40	58.07	38.41	80.61	8.91	1.81
46.00	58.36	38.15	80.10	11.15	1.76
46.60	58.38	37.49	79.16	14.35	1.71
47.20	57.98	36.38	78.43	11.93	1.84
47.80	58.73	38.68	78.51	11.17	1.53
48.40	59.29	39.37	78.57	11.07	1.34
49.00	59.27	37.57	78.05	10.63	1.71
49.60	58.72	37.86	78.36	9.42	1.78
50.20	59.16	38.60	79.27	9.25	1.77
50.80	59.80	38.99	80.27	10.50	1.75
51.40	59.95	38.52	80.27	13.28	1.71
52.00	59.19	37.77	80.02	12.37	1.75
52.60	59.82	38.05	80.44	11.92	1.77
53.20	61.76	39.15	82.14	14.98	1.69
53.80	60.60	39.08	82.11	15.99	1.64
54.40	59.72	38.55	82.12	11.99	1.76
55.00	59.67	38.58	82.58	8.81	1.86
55.60	60.37	39.37	83.85	13.13	1.76
56.20	60.15	38.98	84.38	15.41	1.72
56.80	59.26	38.12	84.33	14.05	1.80
57.40	58.05	36.74	83.80	11.54	1.94
58.00	56.74	34.78	82.49	18.28	1.82
58.60	56.37	33.60	82.18	20.76	1.80
59.20	56.23	33.29	81.77	17.99	1.88
59.80	55.91	33.86	80.33	10.47	2.02
60.40	55.21	33.95	78.61	5.75	2.10
61.00	54.71	34.71	77.29	5.77	2.05
61.60	54.66	36.43	77.03	15.18	1.68
62.20	54.33	36.12	76.24	14.50	1.68
62.80	53.90	35.72	75.39	10.89	1.78
63.40	53.76	35.75	74.57	7.01	1.87
64.00	56.06	37.09	75.30	13.21	1.66
64.60	57.32	37.76	75.78	17.08	1.52
65.20	57.67	37.79	75.72	17.61	1.50
65.80	57.56	37.42	74.80	19.73	1.46
66.40	58.80	37.68	75.34	18.05	1.51
67.00	60.65	38.68	76.77	15.72	1.56
67.60	62.40	40.08	78.71	15.90	1.54
68.20	63.03	40.47	79.36	13.24	1.61
68.80	62.14	40.47	79.85	13.09	1.62
69.40	61.52	40.52	80.51	14.11	1.61
70.00	62.68	41.08	81.61	12.33	1.68
70.60	62.16	39.61	81.43	14.33	1.66
71.20	61.40	38.59	80.78	14.33	1.69
71.80	60.92	38.39	80.13	9.51	1.81
72.40	61.63	38.91	80.78	17.35	1.61
73.00	61.23	38.96	80.65	21.85	1.45
73.60	60.38	38.72	79.86	21.50	1.41
74.20	59.44	38.32	79.21	18.81	1.53
74.80	60.46	38.82	79.42	10.66	1.76
75.40	60.96	39.64	79.79	8.94	1.78
76.00	60.58	40.61	79.99	18.30	1.51
76.60	60.56	41.80	80.65	11.73	1.62
77.20	61.05	43.02	82.26	14.14	1.57
77.80	60.72	43.64	83.22	17.28	1.49
78.40	59.27	43.53	82.19	11.08	1.61
79.00	58.77	43.49	80.88	13.02	1.52
79.60	59.69	43.11	80.14	13.35	1.50
80.20	60.51	42.56	79.95	10.28	1.61
80.80	59.98	42.02	78.08	15.46	1.46
81.40	59.20	41.92	76.98	17.09	1.40
82.00	60.27	42.48	77.23	15.75	1.43
82.60	63.33	43.35	79.49	12.31	1.51
83.20	63.65	42.67	79.75	11.99	1.54
83.80	62.89	42.27	79.36	14.56	1.50
84.40	62.47	42.20	79.48	14.95	1.51
85.00	63.00	42.34	80.72	9.78	1.63
85.60	63.43	41.95	80.52	12.98	1.57
86.20	62.30	41.57	79.77	15.27	1.52
86.80	61.22	41.59	79.17	14.12	1.54
87.40	62.11	42.61	79.52	15.10	1.48
88.00	61.82	42.02	79.35	8.37	1.65
88.60	60.96	40.93	78.89	6.67	1.72
89.20	60.44	40.14	78.38	15.74	1.52
89.80	61.62	40.68	78.70	8.73	1.68
90.40	62.08	41.08	79.07	7.53	1.71
91.00	61.64	41.07	79.00	12.18	1.60
91.60	60.62	40.72	78.14	21.77	1.35
92.20	59.88	40.35	78.20	18.38	1.46
92.80	60.48	40.32	78.62	16.84	1.49
93.40	60.77	40.56	78.81	15.56	1.51
94.00	60.11	40.89	78.10	9.16	1.66
94.60	60.36	40.51	78.26	12.90	1.58
95.20	61.62	40.79	79.43	10.82	1.65
95.80	62.52	40.45	80.53	7.92	1.75
96.40	62.44	39.30	80.66	11.24	1.74
97.00	61.50	40.66	80.52	13.04	1.64
97.60	62.13	41.36	81.07	14.72	1.58
98.20	63.08	41.77	81.92	16.91	1.53
98.80	63.40	42.36	82.19	20.10	1.46
99.40	63.17	41.98	82.32	17.39	1.51
100.00	62.88	41.92	82.46	15.60	1.55
100.60	62.67	41.85	82.59	16.85	1.54
101.20	62.62	41.26	82.42	12.43	1.67
101.80	62.36	41.40	81.97	11.22	1.67
102.40	62.17	41.60	81.65	10.99	1.65
103.00	62.29	41.50	81.73	9.20	1.71
103.60	61.12	41.15	81.41	11.06	1.68
104.20	60.57	40.98	81.14	11.79	1.67
104.80	60.51	40.97	81.09	10.11	1.70
105.40	60.19	41.00	81.34	11.37	1.68
106.00	59.02	40.65	80.73	13.29	1.62
106.60	58.27	40.13	79.78	12.89	1.62
107.20	58.45	39.71	78.75	5.16	1.81
107.80	59.27	40.39	78.61	13.02	1.59
108.40	59.44	40.57	78.28	15.72	1.51
109.00	59.56	40.51	77.97	12.07	1.60
109.60	60.09	40.46	78.34	7.28	1.71
110.20	60.63	42.55	79.32	12.13	1.57
110.80	60.38	42.79	79.74	10.65	1.59
111.40	59.95	42.24	79.50	6.04	1.70
112.00	59.72	41.88	79.27	14.89	1.50
112.60	60.51	41.72	80.18	15.06	1.54
113.20	60.91	40.45	80.79	16.00	1.57
113.80	60.69	38.73	80.64	20.48	1.52
114.40	59.91	37.07	80.04	22.65	1.53
115.00	59.31	36.02	80.25	24.24	1.46
115.60	58.56	35.55	80.34	22.85	1.49
116.20	57.80	35.45	79.70	17.18	1.71
116.80	58.07	35.03	79.37	11.09	1.91
117.40	58.81	35.78	79.59	11.64	1.88
118.00	59.51	36.24	80.11	16.99	1.70
118.60	59.95	35.44	80.45	22.47	1.59
119.20	60.03	35.44	80.63	13.82	1.86
119.80	59.75	35.40	80.59	6.56	2.06
120.40	59.46	35.37	80.28	8.59	2.00
121.00	60.23	36.07	80.89	12.49	1.88
121.60	61.90	36.23	81.51	14.82	1.82
122.20	62.75	36.32	81.94	15.02	1.82
122.80	61.77	36.84	82.11	13.52	1.84
123.40	61.94	37.41	82.30	7.75	1.98
124.00	62.06	38.19	82.18	7.16	1.95
124.60	61.74	39.15	81.41	18.77	1.49
125.20	62.07	39.84	81.82	21.70	1.80
125.80	62.76	40.68	82.82	18.48	1.87
126.40	63.17	41.30	83.73	12.10	1.73
127.00	62.89	41.43	83.44	6.90	1.80
127.60	61.96	41.07	82.54	5.88	1.82
128.20	61.78	40.63	81.73	5.88	1.84
128.80	62.65	40.23	81.52	3.77	1.90
129.40	62.27	39.47	80.27	12.38	1.70
130.00	62.17	39.10	79.22	15.74	1.61
130.60	62.43	39.14	78.84	10.34	1.72
131.20	62.77	39.54	79.14	9.31	1.74
131.80	62.11	39.07	78.86	16.16	1.57
132.40	61.36	38.67	78.66	21.16	1.45
133.00	61.02	38.85	79.12	16.38	1.59
133.60	61.35	39.83	79.69	17.94	1.52
134.20	60.83	40.43	79.61	12.43	1.64
134.80	60.12	40.67	79.41	7.00	1.76
135.40	59.76	40.78	79.43	10.88	1.66
136.00	60.83	41.42	80.64	7.55	1.74
136.60	61.43	42.81	81.29	6.78	1.72
137.20	61.70	43.39	81.57	8.09	1.66
137.80	61.77	42.39	81.85	9.72	1.65
138.40	63.42	43.11	82.80	11.25	1.62
139.00	63.35	43.71	83.05	10.07	1.62
139.60	62.25	43.39	82.31	6.80	1.69
140.20	61.08	41.45	81.33	4.88	1.87
140.80	60.62	40.98	81.14	12.57	1.69
141.40	60.30	40.42	80.93	18.02	1.54
142.00	59.82	39.34	80.26	13.66	1.65
142.60	58.77	37.87	79.01	17.83	1.58
143.20	58.38	37.39	78.08	17.90	1.58
143.80	58.34	37.24	77.44	13.46	1.68
144.40	58.31	36.67	76.78	8.02	1.83
145.00	57.75	36.42	75.78	8.55	1.82
145.60	57.49	37.07	75.09	11.20	1.72
146.20	58.09	38.56	74.99	13.51	1.59
146.80	60.61	39.75	76.81	10.85	1.65
147.40	61.40	40.64	77.89	9.24	1.66
148.00	61.39	41.48	78.52	8.54	1.66
148.60	61.40	42.34	79.07	7.62	1.67
149.20	61.98	43.14	81.09	8.59	1.63
149.80	61.82	42.18	81.16	14.84	1.52
150.40	61.67	41.38	80.90	18.25	1.48
151.00	61.95	41.54	81.83	13.53	1.61
151.60	63.05	40.70	82.98	18.88	1.53
152.20	62.55	39.20	83.30	21.68	1.53
152.80	61.08	37.31	82.49	19.53	1.65
153.40	59.04	35.10	80.57	17.58	1.73
154.00	59.26	35.26	80.12	10.75	1.92
154.60	59.17	35.28	79.67	9.82	1.95
155.20	58.26	34.80	78.49	16.27	1.76
155.80	56.37	33.86	76.12	14.61	1.78
156.40	56.40	34.08	75.28	12.21	1.83
157.00	56.59	34.46	74.93	12.42	1.79
157.60	56.07	34.44	74.30	17.95	1.60
158.20	55.17	33.61	72.63	17.51	1.61
158.80	54.75	33.61	71.99	17.75	1.59
159.40	55.72	34.54	72.73	15.91	1.62
160.00	58.21	36.15	74.63	5.86	1.88
160.60	58.03	36.85	75.10	20.12	1.47
161.20	56.92	37.43	75.47	19.07	1.48
161.80	56.66	38.51	76.46	12.63	1.64
162.40	57.85	39.96	78.41	15.01	1.51
163.00	59.33	40.44	80.97	15.36	1.97
163.60	60.49	42.40	83.47	15.18	1.79
164.20	59.87	43.31	84.92	13.56	1.63
164.80	57.77	42.30	85.05	13.31	1.66
165.40	55.61	40.30	84.13	18.78	1.60
166.00	56.08	39.95	83.80	15.95	1.69
166.60	57.77	39.70	83.95	15.71	1.71
167.20	56.93	38.57	82.93	18.19	1.64
167.80	55.39	37.16	80.58	21.20	1.55
168.40	54.94	35.87	78.51	20.52	1.56
169.00	55.14	35.73	77.53	11.31	1.81
169.60	55.48	35.58	76.56	7.15	1.92
170.20	55.84	35.24	74.93	16.98	1.61
170.80	56.31	35.48	73.77	16.42	1.59
171.40	58.06	36.19	75.00	15.61	1.61
172.00	60.02	37.33	76.72	15.12	1.62
172.60	61.29	38.53	77.49	14.12	1.62
173.20	60.66	39.03	77.32	13.09	1.59
173.80	61.67	39.78	78.10	7.27	1.74
174.40	63.08	40.92	79.52	6.86	1.75
175.00	64.04	42.00	81.01	13.87	1.56
175.60	64.39	42.33	81.55	7.93	1.72
176.20	63.10	42.12	82.09	9.76	1.67
176.80	62.35	41.97	82.80	9.88	1.70
177.40	61.94	41.55	83.68	7.29	1.82
178.00	61.61	40.58	84.72	13.08	1.70
178.60	59.76	39.12	84.24	15.92	1.70
179.20	57.93	37.78	83.47	17.88	1.70
>>>>>>> 4966aae922150d281e7f47d431009d8054258bc0
=======
TIEMPO	VFSCd	VFSCi	PAMn	PCC	RAP
0.40	58.17	36.56	82.29	21.72	1.60
1.00	57.15	36.80	80.56	14.56	1.76
1.60	56.41	36.55	78.90	12.46	1.80
2.20	55.84	35.57	77.17	16.69	1.67
2.80	56.21	36.05	76.53	16.97	1.63
3.40	56.49	36.30	76.27	15.66	1.64
4.00	56.35	35.81	75.72	16.16	1.63
4.60	56.49	36.20	75.43	11.18	1.75
5.20	57.92	37.27	76.05	11.18	1.73
5.80	59.60	38.42	77.59	18.68	1.51
6.40	59.38	38.72	78.83	13.86	1.66
7.00	59.13	38.61	78.69	17.70	1.56
7.60	59.45	38.81	78.74	22.24	1.43
8.20	60.30	39.53	80.17	19.47	1.50
8.80	60.76	40.47	81.85	17.12	1.58
9.40	61.39	40.43	83.60	19.00	1.56
10.00	61.18	39.82	84.70	20.40	1.56
10.60	59.71	38.97	84.40	15.90	1.73
11.20	59.13	38.16	83.90	13.62	1.81
11.80	58.80	37.89	83.42	11.94	1.85
12.40	58.65	37.94	83.05	10.42	1.86
13.00	58.87	38.15	82.46	20.52	1.60
13.60	58.24	37.73	81.65	17.59	1.67
14.20	57.35	37.59	80.97	10.83	1.83
14.80	56.57	38.56	80.81	11.55	1.76
15.40	56.36	38.11	80.08	11.23	1.78
16.00	56.14	37.34	79.13	10.86	1.80
16.60	55.70	36.72	78.11	13.23	1.71
17.20	55.42	39.02	77.91	7.59	1.76
17.80	55.41	38.52	77.58	6.21	1.78
18.40	55.69	36.33	76.82	13.14	1.72
19.00	56.28	36.56	76.32	17.94	1.58
19.60	56.87	37.10	76.53	16.91	1.58
20.20	57.38	37.46	76.85	14.93	1.62
20.80	57.69	37.26	76.73	17.18	1.57
21.40	58.96	38.92	77.33	12.26	1.65
22.00	59.81	39.59	78.03	10.92	1.66
22.60	60.31	39.45	78.49	18.35	1.48
23.20	61.70	39.95	78.08	14.53	1.58
23.80	64.06	41.31	79.16	12.45	1.58
24.40	66.35	42.38	81.00	12.06	1.60
25.00	67.79	42.95	82.90	11.18	1.86
25.60	67.34	43.93	84.09	18.77	1.51
26.20	66.32	43.11	83.98	18.38	1.50
26.80	65.96	43.07	84.10	13.79	1.63
27.40	65.76	43.40	84.75	10.72	1.68
28.00	65.29	43.16	84.45	14.60	1.58
28.60	63.13	41.66	82.68	16.43	1.55
29.20	62.04	39.88	80.75	16.48	1.57
29.80	61.38	38.45	79.12	15.54	1.62
30.40	60.36	37.74	77.49	13.93	1.64
31.00	58.68	36.16	75.17	13.26	1.66
31.60	57.94	35.10	73.42	13.72	1.66
32.20	59.00	35.24	73.14	15.22	1.61
32.80	59.32	35.89	72.73	19.01	1.48
33.40	59.18	35.86	72.32	21.07	1.41
34.00	59.47	35.94	72.30	20.39	1.42
34.60	60.78	36.71	73.88	20.26	1.45
35.20	61.10	36.57	75.12	16.46	1.58
35.80	61.42	36.53	75.82	12.39	1.71
36.40	61.83	37.00	76.16	10.36	1.77
37.00	61.55	37.89	77.33	16.79	1.59
37.60	61.66	38.08	78.35	18.67	1.54
38.20	61.49	37.95	78.90	17.86	1.57
38.80	60.76	37.76	78.79	16.90	1.60
39.40	59.79	37.73	78.71	14.08	1.67
40.00	59.05	37.38	78.55	13.04	1.71
40.60	58.65	36.80	78.30	14.55	1.69
41.20	58.67	36.09	77.56	20.87	1.53
41.80	58.52	36.78	77.91	14.98	1.68
42.40	58.95	37.52	78.89	10.78	1.79
43.00	60.59	37.63	79.95	18.83	1.59
43.60	59.11	37.80	80.12	17.94	1.61
44.20	57.96	37.99	80.05	15.08	1.68
44.80	57.66	38.18	80.05	13.85	1.71
45.40	58.07	38.41	80.61	8.91	1.81
46.00	58.36	38.15	80.10	11.15	1.76
46.60	58.38	37.49	79.16	14.35	1.71
47.20	57.98	36.38	78.43	11.93	1.84
47.80	58.73	38.68	78.51	11.17	1.53
48.40	59.29	39.37	78.57	11.07	1.34
49.00	59.27	37.57	78.05	10.63	1.71
49.60	58.72	37.86	78.36	9.42	1.78
50.20	59.16	38.60	79.27	9.25	1.77
50.80	59.80	38.99	80.27	10.50	1.75
51.40	59.95	38.52	80.27	13.28	1.71
52.00	59.19	37.77	80.02	12.37	1.75
52.60	59.82	38.05	80.44	11.92	1.77
53.20	61.76	39.15	82.14	14.98	1.69
53.80	60.60	39.08	82.11	15.99	1.64
54.40	59.72	38.55	82.12	11.99	1.76
55.00	59.67	38.58	82.58	8.81	1.86
55.60	60.37	39.37	83.85	13.13	1.76
56.20	60.15	38.98	84.38	15.41	1.72
56.80	59.26	38.12	84.33	14.05	1.80
57.40	58.05	36.74	83.80	11.54	1.94
58.00	56.74	34.78	82.49	18.28	1.82
58.60	56.37	33.60	82.18	20.76	1.80
59.20	56.23	33.29	81.77	17.99	1.88
59.80	55.91	33.86	80.33	10.47	2.02
60.40	55.21	33.95	78.61	5.75	2.10
61.00	54.71	34.71	77.29	5.77	2.05
61.60	54.66	36.43	77.03	15.18	1.68
62.20	54.33	36.12	76.24	14.50	1.68
62.80	53.90	35.72	75.39	10.89	1.78
63.40	53.76	35.75	74.57	7.01	1.87
64.00	56.06	37.09	75.30	13.21	1.66
64.60	57.32	37.76	75.78	17.08	1.52
65.20	57.67	37.79	75.72	17.61	1.50
65.80	57.56	37.42	74.80	19.73	1.46
66.40	58.80	37.68	75.34	18.05	1.51
67.00	60.65	38.68	76.77	15.72	1.56
67.60	62.40	40.08	78.71	15.90	1.54
68.20	63.03	40.47	79.36	13.24	1.61
68.80	62.14	40.47	79.85	13.09	1.62
69.40	61.52	40.52	80.51	14.11	1.61
70.00	62.68	41.08	81.61	12.33	1.68
70.60	62.16	39.61	81.43	14.33	1.66
71.20	61.40	38.59	80.78	14.33	1.69
71.80	60.92	38.39	80.13	9.51	1.81
72.40	61.63	38.91	80.78	17.35	1.61
73.00	61.23	38.96	80.65	21.85	1.45
73.60	60.38	38.72	79.86	21.50	1.41
74.20	59.44	38.32	79.21	18.81	1.53
74.80	60.46	38.82	79.42	10.66	1.76
75.40	60.96	39.64	79.79	8.94	1.78
76.00	60.58	40.61	79.99	18.30	1.51
76.60	60.56	41.80	80.65	11.73	1.62
77.20	61.05	43.02	82.26	14.14	1.57
77.80	60.72	43.64	83.22	17.28	1.49
78.40	59.27	43.53	82.19	11.08	1.61
79.00	58.77	43.49	80.88	13.02	1.52
79.60	59.69	43.11	80.14	13.35	1.50
80.20	60.51	42.56	79.95	10.28	1.61
80.80	59.98	42.02	78.08	15.46	1.46
81.40	59.20	41.92	76.98	17.09	1.40
82.00	60.27	42.48	77.23	15.75	1.43
82.60	63.33	43.35	79.49	12.31	1.51
83.20	63.65	42.67	79.75	11.99	1.54
83.80	62.89	42.27	79.36	14.56	1.50
84.40	62.47	42.20	79.48	14.95	1.51
85.00	63.00	42.34	80.72	9.78	1.63
85.60	63.43	41.95	80.52	12.98	1.57
86.20	62.30	41.57	79.77	15.27	1.52
86.80	61.22	41.59	79.17	14.12	1.54
87.40	62.11	42.61	79.52	15.10	1.48
88.00	61.82	42.02	79.35	8.37	1.65
88.60	60.96	40.93	78.89	6.67	1.72
89.20	60.44	40.14	78.38	15.74	1.52
89.80	61.62	40.68	78.70	8.73	1.68
90.40	62.08	41.08	79.07	7.53	1.71
91.00	61.64	41.07	79.00	12.18	1.60
91.60	60.62	40.72	78.14	21.77	1.35
92.20	59.88	40.35	78.20	18.38	1.46
92.80	60.48	40.32	78.62	16.84	1.49
93.40	60.77	40.56	78.81	15.56	1.51
94.00	60.11	40.89	78.10	9.16	1.66
94.60	60.36	40.51	78.26	12.90	1.58
95.20	61.62	40.79	79.43	10.82	1.65
95.80	62.52	40.45	80.53	7.92	1.75
96.40	62.44	39.30	80.66	11.24	1.74
97.00	61.50	40.66	80.52	13.04	1.64
97.60	62.13	41.36	81.07	14.72	1.58
98.20	63.08	41.77	81.92	16.91	1.53
98.80	63.40	42.36	82.19	20.10	1.46
99.40	63.17	41.98	82.32	17.39	1.51
100.00	62.88	41.92	82.46	15.60	1.55
100.60	62.67	41.85	82.59	16.85	1.54
101.20	62.62	41.26	82.42	12.43	1.67
101.80	62.36	41.40	81.97	11.22	1.67
102.40	62.17	41.60	81.65	10.99	1.65
103.00	62.29	41.50	81.73	9.20	1.71
103.60	61.12	41.15	81.41	11.06	1.68
104.20	60.57	40.98	81.14	11.79	1.67
104.80	60.51	40.97	81.09	10.11	1.70
105.40	60.19	41.00	81.34	11.37	1.68
106.00	59.02	40.65	80.73	13.29	1.62
106.60	58.27	40.13	79.78	12.89	1.62
107.20	58.45	39.71	78.75	5.16	1.81
107.80	59.27	40.39	78.61	13.02	1.59
108.40	59.44	40.57	78.28	15.72	1.51
109.00	59.56	40.51	77.97	12.07	1.60
109.60	60.09	40.46	78.34	7.28	1.71
110.20	60.63	42.55	79.32	12.13	1.57
110.80	60.38	42.79	79.74	10.65	1.59
111.40	59.95	42.24	79.50	6.04	1.70
112.00	59.72	41.88	79.27	14.89	1.50
112.60	60.51	41.72	80.18	15.06	1.54
113.20	60.91	40.45	80.79	16.00	1.57
113.80	60.69	38.73	80.64	20.48	1.52
114.40	59.91	37.07	80.04	22.65	1.53
115.00	59.31	36.02	80.25	24.24	1.46
115.60	58.56	35.55	80.34	22.85	1.49
116.20	57.80	35.45	79.70	17.18	1.71
116.80	58.07	35.03	79.37	11.09	1.91
117.40	58.81	35.78	79.59	11.64	1.88
118.00	59.51	36.24	80.11	16.99	1.70
118.60	59.95	35.44	80.45	22.47	1.59
119.20	60.03	35.44	80.63	13.82	1.86
119.80	59.75	35.40	80.59	6.56	2.06
120.40	59.46	35.37	80.28	8.59	2.00
121.00	60.23	36.07	80.89	12.49	1.88
121.60	61.90	36.23	81.51	14.82	1.82
122.20	62.75	36.32	81.94	15.02	1.82
122.80	61.77	36.84	82.11	13.52	1.84
123.40	61.94	37.41	82.30	7.75	1.98
124.00	62.06	38.19	82.18	7.16	1.95
124.60	61.74	39.15	81.41	18.77	1.49
125.20	62.07	39.84	81.82	21.70	1.80
125.80	62.76	40.68	82.82	18.48	1.87
126.40	63.17	41.30	83.73	12.10	1.73
127.00	62.89	41.43	83.44	6.90	1.80
127.60	61.96	41.07	82.54	5.88	1.82
128.20	61.78	40.63	81.73	5.88	1.84
128.80	62.65	40.23	81.52	3.77	1.90
129.40	62.27	39.47	80.27	12.38	1.70
130.00	62.17	39.10	79.22	15.74	1.61
130.60	62.43	39.14	78.84	10.34	1.72
131.20	62.77	39.54	79.14	9.31	1.74
131.80	62.11	39.07	78.86	16.16	1.57
132.40	61.36	38.67	78.66	21.16	1.45
133.00	61.02	38.85	79.12	16.38	1.59
133.60	61.35	39.83	79.69	17.94	1.52
134.20	60.83	40.43	79.61	12.43	1.64
134.80	60.12	40.67	79.41	7.00	1.76
135.40	59.76	40.78	79.43	10.88	1.66
136.00	60.83	41.42	80.64	7.55	1.74
136.60	61.43	42.81	81.29	6.78	1.72
137.20	61.70	43.39	81.57	8.09	1.66
137.80	61.77	42.39	81.85	9.72	1.65
138.40	63.42	43.11	82.80	11.25	1.62
139.00	63.35	43.71	83.05	10.07	1.62
139.60	62.25	43.39	82.31	6.80	1.69
140.20	61.08	41.45	81.33	4.88	1.87
140.80	60.62	40.98	81.14	12.57	1.69
141.40	60.30	40.42	80.93	18.02	1.54
142.00	59.82	39.34	80.26	13.66	1.65
142.60	58.77	37.87	79.01	17.83	1.58
143.20	58.38	37.39	78.08	17.90	1.58
143.80	58.34	37.24	77.44	13.46	1.68
144.40	58.31	36.67	76.78	8.02	1.83
145.00	57.75	36.42	75.78	8.55	1.82
145.60	57.49	37.07	75.09	11.20	1.72
146.20	58.09	38.56	74.99	13.51	1.59
146.80	60.61	39.75	76.81	10.85	1.65
147.40	61.40	40.64	77.89	9.24	1.66
148.00	61.39	41.48	78.52	8.54	1.66
148.60	61.40	42.34	79.07	7.62	1.67
149.20	61.98	43.14	81.09	8.59	1.63
149.80	61.82	42.18	81.16	14.84	1.52
150.40	61.67	41.38	80.90	18.25	1.48
151.00	61.95	41.54	81.83	13.53	1.61
151.60	63.05	40.70	82.98	18.88	1.53
152.20	62.55	39.20	83.30	21.68	1.53
152.80	61.08	37.31	82.49	19.53	1.65
153.40	59.04	35.10	80.57	17.58	1.73
154.00	59.26	35.26	80.12	10.75	1.92
154.60	59.17	35.28	79.67	9.82	1.95
155.20	58.26	34.80	78.49	16.27	1.76
155.80	56.37	33.86	76.12	14.61	1.78
156.40	56.40	34.08	75.28	12.21	1.83
157.00	56.59	34.46	74.93	12.42	1.79
157.60	56.07	34.44	74.30	17.95	1.60
158.20	55.17	33.61	72.63	17.51	1.61
158.80	54.75	33.61	71.99	17.75	1.59
159.40	55.72	34.54	72.73	15.91	1.62
160.00	58.21	36.15	74.63	5.86	1.88
160.60	58.03	36.85	75.10	20.12	1.47
161.20	56.92	37.43	75.47	19.07	1.48
161.80	56.66	38.51	76.46	12.63	1.64
162.40	57.85	39.96	78.41	15.01	1.51
163.00	59.33	40.44	80.97	15.36	1.97
163.60	60.49	42.40	83.47	15.18	1.79
164.20	59.87	43.31	84.92	13.56	1.63
164.80	57.77	42.30	85.05	13.31	1.66
165.40	55.61	40.30	84.13	18.78	1.60
166.00	56.08	39.95	83.80	15.95	1.69
166.60	57.77	39.70	83.95	15.71	1.71
167.20	56.93	38.57	82.93	18.19	1.64
167.80	55.39	37.16	80.58	21.20	1.55
168.40	54.94	35.87	78.51	20.52	1.56
169.00	55.14	35.73	77.53	11.31	1.81
169.60	55.48	35.58	76.56	7.15	1.92
170.20	55.84	35.24	74.93	16.98	1.61
170.80	56.31	35.48	73.77	16.42	1.59
171.40	58.06	36.19	75.00	15.61	1.61
172.00	60.02	37.33	76.72	15.12	1.62
172.60	61.29	38.53	77.49	14.12	1.62
173.20	60.66	39.03	77.32	13.09	1.59
173.80	61.67	39.78	78.10	7.27	1.74
174.40	63.08	40.92	79.52	6.86	1.75
175.00	64.04	42.00	81.01	13.87	1.56
175.60	64.39	42.33	81.55	7.93	1.72
176.20	63.10	42.12	82.09	9.76	1.67
176.80	62.35	41.97	82.80	9.88	1.70
177.40	61.94	41.55	83.68	7.29	1.82
178.00	61.61	40.58	84.72	13.08	1.70
178.60	59.76	39.12	84.24	15.92	1.70
179.20	57.93	37.78	83.47	17.88	1.70
>>>>>>> 4966aae922150d281e7f47d431009d8054258bc0
179.80	56.36	36.69	83.05	20.41	1.66