<<<<<<< HEAD
TIEMPO	VFSCd	VFSCi	PAMn	PCC	RAP
0.40	65.81	65.42	70.05	14.66	0.83
1.00	67.03	65.65	71.46	16.25	0.83
1.60	67.75	65.89	72.10	16.54	0.83
2.20	67.33	65.69	71.55	14.96	0.85
2.80	69.90	68.03	72.93	15.76	0.83
3.40	72.45	70.26	75.43	18.08	0.79
4.00	72.91	70.61	76.23	18.27	0.85
4.60	72.04	70.24	76.44	18.58	0.87
5.20	70.34	69.40	76.32	19.54	0.82
5.80	68.64	68.03	75.21	17.87	0.83
6.40	67.79	67.17	74.44	16.19	0.86
7.00	68.39	67.32	74.90	16.12	0.86
7.60	68.25	67.08	75.02	16.34	0.86
8.20	67.61	66.57	74.71	16.64	0.85
8.80	66.52	65.86	73.97	17.19	0.85
9.40	65.74	65.07	73.02	17.44	0.84
10.00	65.23	64.27	71.93	17.24	0.83
10.60	63.76	63.03	70.33	17.13	0.83
11.20	63.43	63.13	69.57	16.68	0.83
11.80	65.55	65.85	70.91	15.22	0.83
12.40	66.30	66.81	71.09	15.51	0.82
13.00	66.31	66.69	70.55	16.72	0.80
13.60	65.98	65.75	70.48	19.67	0.76
14.20	64.95	64.37	69.74	19.89	0.77
14.80	63.66	63.06	68.09	16.62	0.81
15.40	66.13	65.05	68.90	16.56	0.80
16.00	67.59	66.32	69.75	17.70	0.77
16.60	67.05	66.19	69.45	19.04	0.75
17.20	66.90	65.47	68.80	19.80	0.74
17.80	67.07	65.15	68.33	19.67	0.74
18.40	67.43	65.87	68.62	17.51	0.77
19.00	68.47	66.80	69.08	16.57	0.78
19.60	69.36	67.38	69.48	16.90	0.77
20.20	69.04	67.05	69.24	16.20	0.79
20.80	68.63	66.53	68.81	16.55	0.78
21.40	68.40	65.96	68.47	19.23	0.73
22.00	67.02	65.03	67.71	19.17	0.73
22.60	66.18	64.74	67.25	18.32	0.75
23.20	66.98	65.84	68.06	19.50	0.73
23.80	67.83	66.34	69.14	20.14	0.73
24.40	68.57	66.43	70.29	19.91	0.75
25.00	68.88	66.00	71.02	19.08	0.78
25.60	69.67	66.54	72.01	18.65	0.80
26.20	70.88	67.97	73.85	19.26	0.80
26.80	70.97	68.26	74.60	19.58	0.80
27.40	70.39	67.70	74.68	19.25	0.81
28.00	69.26	66.13	74.28	17.66	0.84
28.60	67.75	64.72	73.54	16.87	0.86
29.20	66.47	63.76	72.58	17.03	0.86
29.80	66.92	64.54	72.17	17.46	0.84
30.40	66.35	64.22	71.72	18.06	0.82
31.00	64.30	62.36	70.74	19.48	0.81
31.60	63.52	61.66	70.13	19.13	0.82
32.20	63.01	61.11	69.66	18.07	0.82
32.80	61.53	59.49	67.87	16.64	0.85
33.40	62.15	60.66	67.57	16.22	0.84
34.00	64.49	63.97	69.48	17.26	0.81
34.60	66.11	65.29	70.31	16.70	0.81
35.20	66.72	65.93	70.77	15.83	0.82
35.80	66.31	66.16	71.35	15.03	0.83
36.40	65.79	65.69	71.05	16.95	0.81
37.00	66.36	66.13	71.20	18.41	0.79
37.60	69.36	69.02	73.27	15.92	0.82
38.20	69.39	68.99	73.95	17.35	0.81
38.80	68.99	68.45	74.02	20.00	0.78
39.40	69.68	68.79	74.42	20.72	0.77
40.00	69.30	68.39	74.86	20.69	0.78
40.60	69.77	68.35	75.65	20.04	0.81
41.20	72.58	69.43	78.24	18.59	0.85
41.80	71.87	69.17	79.13	16.57	0.90
42.40	69.83	68.47	78.97	15.63	0.92
43.00	68.17	68.23	78.87	18.69	0.87
43.60	66.31	66.20	78.00	20.20	0.85
44.20	64.91	64.27	76.41	19.81	0.86
44.80	65.02	64.62	76.33	18.11	0.88
45.40	64.54	64.33	75.54	17.02	0.89
46.00	63.39	63.30	73.46	16.99	0.87
46.60	62.56	62.62	71.92	17.10	0.88
47.20	61.83	61.93	70.54	17.01	0.90
47.80	60.12	60.20	68.61	16.12	0.88
48.40	61.93	61.99	68.53	16.49	0.84
49.00	64.26	64.20	69.73	17.82	0.80
49.60	65.03	64.60	69.73	19.76	0.76
50.20	65.51	64.90	70.11	19.76	0.76
50.80	66.69	65.82	71.08	18.13	0.78
51.40	69.21	67.75	72.45	18.58	0.86
52.00	71.79	70.46	74.39	16.82	0.87
52.60	73.12	72.04	75.82	15.43	0.83
53.20	72.20	71.16	75.75	17.34	0.81
53.80	71.62	70.64	75.85	17.61	0.81
54.40	70.96	69.91	75.74	17.02	0.82
55.00	69.91	68.52	74.58	16.31	0.84
55.60	70.37	69.31	74.43	16.90	0.82
56.20	70.85	69.75	74.84	18.38	0.80
56.80	70.49	67.79	74.10	20.99	0.77
57.40	68.50	66.20	72.94	20.61	0.78
58.00	66.00	64.94	71.55	17.45	0.82
58.60	63.23	63.12	69.91	17.09	0.83
59.20	62.95	62.79	69.37	17.95	0.81
59.80	64.65	63.74	70.50	19.38	0.79
60.40	65.61	64.41	71.39	20.25	0.78
61.00	65.39	64.41	71.76	20.23	0.80
61.60	64.36	64.00	71.43	19.05	0.82
62.20	65.44	64.60	71.89	19.93	0.78
62.80	65.25	64.76	72.05	20.90	0.79
63.40	64.44	64.96	71.28	21.32	0.87
64.00	67.02	67.73	73.73	18.46	0.85
64.60	67.63	67.93	74.98	17.21	0.84
65.20	67.13	66.67	74.75	17.81	0.84
65.80	66.54	65.09	73.82	19.64	0.82
66.40	66.59	65.28	73.90	18.92	0.84
67.00	66.18	65.08	73.69	17.59	0.85
67.60	64.35	63.11	71.79	17.48	0.77
68.20	66.54	65.25	73.28	17.36	0.80
68.80	68.32	67.04	75.26	17.72	0.85
69.40	68.33	67.13	75.79	19.32	0.83
70.00	66.96	66.13	75.43	18.38	0.85
70.60	66.13	65.60	75.09	17.43	0.87
71.20	65.96	65.55	75.32	17.71	0.87
71.80	64.33	63.29	73.84	18.29	0.86
72.40	64.57	64.15	73.32	18.86	0.85
73.00	65.90	65.61	74.40	19.27	0.83
73.60	66.25	64.83	74.12	17.97	0.86
74.20	64.37	62.94	73.01	17.35	0.87
74.80	62.36	61.44	71.39	17.59	0.86
75.40	62.38	61.86	70.35	18.22	0.84
76.00	61.34	60.62	69.04	18.72	0.81
76.60	61.66	60.67	67.89	18.93	0.80
77.20	65.62	64.63	70.46	17.12	0.82
77.80	67.78	66.80	72.33	18.49	0.80
78.40	68.51	67.18	73.18	19.76	0.79
79.00	68.29	66.09	73.21	17.58	0.82
79.60	68.46	65.81	73.94	17.85	0.84
80.20	68.70	66.11	74.51	18.83	0.84
80.80	69.22	67.13	73.77	19.46	0.81
81.40	72.34	70.51	76.98	17.28	0.84
82.00	71.93	70.27	78.21	16.28	0.86
82.60	69.82	68.71	77.27	16.59	0.87
83.20	67.81	68.07	76.63	16.19	0.88
83.80	65.85	66.52	75.58	17.08	0.86
84.40	64.91	65.61	74.40	18.73	0.84
85.00	66.34	67.06	75.14	17.56	0.85
85.60	65.53	66.37	74.95	17.69	0.85
86.20	63.65	64.68	73.59	19.09	0.83
86.80	62.20	63.37	72.14	18.73	0.84
87.40	60.60	61.80	70.49	17.94	0.84
88.00	58.98	60.18	68.39	17.14	0.84
88.60	61.08	61.19	68.49	17.79	0.82
89.20	62.01	62.15	68.71	18.02	0.80
89.80	61.14	62.53	67.75	16.31	0.81
90.40	60.40	61.60	66.63	15.12	0.82
91.00	60.04	60.78	65.53	14.96	0.82
91.60	60.09	60.53	64.42	16.02	0.79
92.20	61.48	62.41	64.80	18.46	0.74
92.80	63.55	64.69	66.03	20.04	0.71
93.40	66.34	66.58	67.72	19.08	0.72
94.00	66.68	67.37	68.46	17.77	0.75
94.60	66.42	67.76	68.82	17.78	0.75
95.20	66.86	68.32	69.70	21.73	0.70
95.80	65.97	67.60	69.38	20.95	0.71
96.40	66.04	67.71	69.41	19.21	0.72
97.00	69.89	70.79	71.86	21.24	0.71
97.60	69.68	70.34	72.17	21.11	0.72
98.20	68.54	69.01	71.58	20.43	0.73
98.80	68.30	68.87	71.69	21.39	0.73
99.40	67.74	66.78	71.40	22.07	0.73
100.00	67.87	65.73	71.10	22.27	0.74
100.60	69.58	67.84	72.60	21.67	0.75
101.20	69.84	68.56	73.60	21.92	0.75
101.80	68.92	68.25	73.92	22.59	0.75
102.40	66.90	67.37	73.55	20.74	0.78
103.00	65.57	66.43	73.30	19.96	0.80
103.60	65.04	65.65	73.29	20.70	0.80
104.20	65.50	65.34	73.13	21.99	0.78
104.80	66.22	65.60	73.30	21.77	0.78
105.40	66.99	66.17	74.16	18.72	0.82
106.00	65.74	65.38	73.83	18.20	0.83
106.60	64.95	64.28	73.25	18.55	0.83
107.20	64.87	62.91	72.35	18.82	0.83
107.80	67.87	66.62	74.15	19.33	0.82
108.40	69.51	67.79	75.68	19.65	0.81
109.00	69.31	65.82	75.20	19.37	0.83
109.60	67.73	64.80	74.29	20.33	0.82
110.20	66.25	63.73	73.29	21.15	0.81
110.80	65.17	62.57	72.34	20.83	0.80
111.40	65.21	62.55	71.61	21.37	0.79
112.00	66.08	63.73	71.70	20.86	0.79
112.60	67.11	65.34	72.83	18.44	0.82
113.20	65.90	65.03	71.99	20.98	0.77
113.80	64.35	63.98	70.91	21.96	0.75
114.40	63.17	63.09	70.33	19.24	0.80
115.00	63.28	64.11	70.01	16.71	0.82
115.60	64.74	65.48	70.62	17.03	0.80
116.20	65.69	66.09	71.82	19.44	0.78
116.80	64.35	65.18	71.32	18.02	0.81
117.40	64.18	64.70	70.76	17.29	0.81
118.00	64.33	64.18	70.35	17.63	0.80
118.60	63.37	62.63	69.10	17.38	0.86
119.20	65.27	64.66	69.54	18.46	0.83
119.80	67.20	66.49	71.01	19.96	0.76
120.40	66.85	65.12	70.59	17.18	0.81
121.00	66.73	64.53	70.07	17.25	0.81
121.60	66.46	64.19	69.71	19.39	0.77
122.20	65.30	63.23	68.54	18.77	0.79
122.80	67.07	65.28	70.05	17.20	0.81
123.40	68.55	66.81	71.84	16.82	0.82
124.00	67.60	65.58	71.61	19.34	0.79
124.60	66.15	64.97	71.05	19.67	0.78
125.20	64.97	63.91	70.48	19.00	0.79
125.80	64.30	62.17	69.60	18.35	0.80
126.40	65.18	63.80	70.34	17.70	0.81
127.00	65.73	64.53	71.00	17.48	0.82
127.60	65.63	64.05	70.86	17.88	0.82
128.20	64.63	63.36	69.88	18.30	0.81
128.80	63.58	62.97	69.02	18.53	0.79
129.40	63.03	62.85	68.40	18.45	0.79
130.00	64.04	62.77	68.86	19.84	0.77
130.60	64.91	63.27	69.16	19.18	0.78
131.20	64.98	63.73	69.09	16.87	0.80
131.80	63.59	63.46	68.22	19.06	0.76
132.40	63.01	63.76	67.61	20.64	0.72
133.00	62.98	63.99	67.46	20.87	0.71
133.60	62.67	63.16	66.54	19.76	0.73
134.20	65.87	66.30	68.64	18.95	0.75
134.80	68.86	69.62	71.39	17.83	0.77
135.40	68.94	70.54	72.35	15.01	0.81
136.00	69.04	69.84	72.84	17.56	0.78
136.60	68.53	69.04	73.04	20.35	0.75
137.20	67.33	68.71	72.62	18.59	0.78
137.80	69.52	70.62	73.94	20.29	0.76
138.40	69.83	70.71	74.63	22.02	0.73
139.00	68.24	69.11	73.78	22.27	0.72
139.60	66.76	67.51	73.02	18.88	0.78
140.20	65.31	65.65	72.02	17.37	0.81
140.80	64.04	63.96	70.39	20.72	0.76
141.40	65.87	66.35	71.35	21.64	0.75
142.00	66.24	67.44	72.13	20.99	0.75
142.60	65.04	66.94	71.71	19.11	0.77
143.20	63.43	65.97	70.37	20.77	0.74
143.80	62.80	65.11	69.55	20.95	0.73
144.40	62.89	64.79	69.43	19.69	0.75
145.00	63.37	65.24	69.47	20.13	0.74
145.60	65.81	67.37	71.17	20.94	0.74
146.20	66.99	67.98	72.61	20.97	0.75
146.80	65.98	66.41	72.15	19.43	0.78
147.40	65.87	66.27	71.98	17.27	0.81
148.00	65.30	65.68	71.46	16.40	0.83
148.60	64.76	65.10	70.12	17.44	0.81
149.20	67.12	67.35	71.79	19.03	0.78
149.80	67.96	68.07	72.32	18.37	0.78
150.40	67.61	67.91	71.40	15.89	0.81
151.00	66.78	67.96	70.75	17.26	0.78
151.60	66.00	67.74	70.35	18.94	0.75
152.20	66.14	68.46	70.62	19.89	0.74
152.80	68.79	71.99	72.97	18.91	0.74
153.40	68.37	72.00	73.16	18.46	0.75
154.00	67.31	70.59	72.52	18.71	0.75
154.60	66.78	68.90	72.31	19.89	0.75
155.20	64.79	65.55	71.75	20.59	0.74
155.80	65.37	65.65	71.72	19.79	0.76
156.40	67.75	68.14	72.59	17.29	0.80
157.00	67.92	68.50	72.27	15.34	0.81
157.60	67.25	68.08	71.68	15.17	0.81
158.20	66.08	67.08	70.99	16.91	0.79
158.80	63.33	63.76	69.18	20.49	0.75
159.40	63.28	64.09	68.61	21.89	0.73
160.00	65.18	66.83	69.93	20.25	0.73
160.60	66.49	67.44	70.45	17.35	0.77
161.20	67.05	68.84	70.90	17.48	0.77
161.80	67.06	69.91	71.36	20.48	0.72
162.40	66.74	69.39	71.30	18.65	0.74
163.00	66.10	68.62	70.70	19.27	0.74
163.60	65.49	67.80	70.19	19.80	0.73
164.20	65.33	67.23	70.29	17.77	0.78
164.80	62.60	64.13	69.12	17.67	0.79
165.40	65.49	67.61	70.55	19.12	0.77
166.00	69.01	71.61	74.98	21.09	0.74
166.60	68.06	70.08	74.02	17.94	0.79
167.20	66.60	67.91	72.57	17.04	0.81
167.80	66.12	67.27	72.02	17.91	0.80
168.40	67.13	68.94	72.81	19.45	0.77
169.00	68.76	70.87	73.69	18.38	0.77
169.60	69.81	71.85	74.55	18.36	0.77
170.20	70.12	71.75	75.36	21.11	0.74
170.80	70.01	70.55	74.55	19.51	0.77
171.40	68.62	69.27	73.56	19.36	0.77
172.00	66.83	68.20	72.77	21.47	0.74
172.60	64.69	66.80	71.23	18.26	0.78
173.20	65.53	68.27	71.24	16.91	0.79
173.80	66.82	70.00	72.78	18.11	0.77
174.40	65.40	68.85	71.91	18.07	0.77
175.00	65.21	68.83	71.48	17.54	0.78
175.60	65.43	69.16	71.89	16.71	0.79
176.20	64.43	68.23	71.81	18.84	0.76
176.80	65.23	69.22	72.72	19.11	0.77
177.40	66.46	70.57	74.48	17.41	0.80
178.00	66.63	70.56	74.66	18.26	0.79
178.60	66.66	70.57	74.78	18.98	0.78
=======
TIEMPO	VFSCd	VFSCi	PAMn	PCC	RAP
0.40	65.81	65.42	70.05	14.66	0.83
1.00	67.03	65.65	71.46	16.25	0.83
1.60	67.75	65.89	72.10	16.54	0.83
2.20	67.33	65.69	71.55	14.96	0.85
2.80	69.90	68.03	72.93	15.76	0.83
3.40	72.45	70.26	75.43	18.08	0.79
4.00	72.91	70.61	76.23	18.27	0.85
4.60	72.04	70.24	76.44	18.58	0.87
5.20	70.34	69.40	76.32	19.54	0.82
5.80	68.64	68.03	75.21	17.87	0.83
6.40	67.79	67.17	74.44	16.19	0.86
7.00	68.39	67.32	74.90	16.12	0.86
7.60	68.25	67.08	75.02	16.34	0.86
8.20	67.61	66.57	74.71	16.64	0.85
8.80	66.52	65.86	73.97	17.19	0.85
9.40	65.74	65.07	73.02	17.44	0.84
10.00	65.23	64.27	71.93	17.24	0.83
10.60	63.76	63.03	70.33	17.13	0.83
11.20	63.43	63.13	69.57	16.68	0.83
11.80	65.55	65.85	70.91	15.22	0.83
12.40	66.30	66.81	71.09	15.51	0.82
13.00	66.31	66.69	70.55	16.72	0.80
13.60	65.98	65.75	70.48	19.67	0.76
14.20	64.95	64.37	69.74	19.89	0.77
14.80	63.66	63.06	68.09	16.62	0.81
15.40	66.13	65.05	68.90	16.56	0.80
16.00	67.59	66.32	69.75	17.70	0.77
16.60	67.05	66.19	69.45	19.04	0.75
17.20	66.90	65.47	68.80	19.80	0.74
17.80	67.07	65.15	68.33	19.67	0.74
18.40	67.43	65.87	68.62	17.51	0.77
19.00	68.47	66.80	69.08	16.57	0.78
19.60	69.36	67.38	69.48	16.90	0.77
20.20	69.04	67.05	69.24	16.20	0.79
20.80	68.63	66.53	68.81	16.55	0.78
21.40	68.40	65.96	68.47	19.23	0.73
22.00	67.02	65.03	67.71	19.17	0.73
22.60	66.18	64.74	67.25	18.32	0.75
23.20	66.98	65.84	68.06	19.50	0.73
23.80	67.83	66.34	69.14	20.14	0.73
24.40	68.57	66.43	70.29	19.91	0.75
25.00	68.88	66.00	71.02	19.08	0.78
25.60	69.67	66.54	72.01	18.65	0.80
26.20	70.88	67.97	73.85	19.26	0.80
26.80	70.97	68.26	74.60	19.58	0.80
27.40	70.39	67.70	74.68	19.25	0.81
28.00	69.26	66.13	74.28	17.66	0.84
28.60	67.75	64.72	73.54	16.87	0.86
29.20	66.47	63.76	72.58	17.03	0.86
29.80	66.92	64.54	72.17	17.46	0.84
30.40	66.35	64.22	71.72	18.06	0.82
31.00	64.30	62.36	70.74	19.48	0.81
31.60	63.52	61.66	70.13	19.13	0.82
32.20	63.01	61.11	69.66	18.07	0.82
32.80	61.53	59.49	67.87	16.64	0.85
33.40	62.15	60.66	67.57	16.22	0.84
34.00	64.49	63.97	69.48	17.26	0.81
34.60	66.11	65.29	70.31	16.70	0.81
35.20	66.72	65.93	70.77	15.83	0.82
35.80	66.31	66.16	71.35	15.03	0.83
36.40	65.79	65.69	71.05	16.95	0.81
37.00	66.36	66.13	71.20	18.41	0.79
37.60	69.36	69.02	73.27	15.92	0.82
38.20	69.39	68.99	73.95	17.35	0.81
38.80	68.99	68.45	74.02	20.00	0.78
39.40	69.68	68.79	74.42	20.72	0.77
40.00	69.30	68.39	74.86	20.69	0.78
40.60	69.77	68.35	75.65	20.04	0.81
41.20	72.58	69.43	78.24	18.59	0.85
41.80	71.87	69.17	79.13	16.57	0.90
42.40	69.83	68.47	78.97	15.63	0.92
43.00	68.17	68.23	78.87	18.69	0.87
43.60	66.31	66.20	78.00	20.20	0.85
44.20	64.91	64.27	76.41	19.81	0.86
44.80	65.02	64.62	76.33	18.11	0.88
45.40	64.54	64.33	75.54	17.02	0.89
46.00	63.39	63.30	73.46	16.99	0.87
46.60	62.56	62.62	71.92	17.10	0.88
47.20	61.83	61.93	70.54	17.01	0.90
47.80	60.12	60.20	68.61	16.12	0.88
48.40	61.93	61.99	68.53	16.49	0.84
49.00	64.26	64.20	69.73	17.82	0.80
49.60	65.03	64.60	69.73	19.76	0.76
50.20	65.51	64.90	70.11	19.76	0.76
50.80	66.69	65.82	71.08	18.13	0.78
51.40	69.21	67.75	72.45	18.58	0.86
52.00	71.79	70.46	74.39	16.82	0.87
52.60	73.12	72.04	75.82	15.43	0.83
53.20	72.20	71.16	75.75	17.34	0.81
53.80	71.62	70.64	75.85	17.61	0.81
54.40	70.96	69.91	75.74	17.02	0.82
55.00	69.91	68.52	74.58	16.31	0.84
55.60	70.37	69.31	74.43	16.90	0.82
56.20	70.85	69.75	74.84	18.38	0.80
56.80	70.49	67.79	74.10	20.99	0.77
57.40	68.50	66.20	72.94	20.61	0.78
58.00	66.00	64.94	71.55	17.45	0.82
58.60	63.23	63.12	69.91	17.09	0.83
59.20	62.95	62.79	69.37	17.95	0.81
59.80	64.65	63.74	70.50	19.38	0.79
60.40	65.61	64.41	71.39	20.25	0.78
61.00	65.39	64.41	71.76	20.23	0.80
61.60	64.36	64.00	71.43	19.05	0.82
62.20	65.44	64.60	71.89	19.93	0.78
62.80	65.25	64.76	72.05	20.90	0.79
63.40	64.44	64.96	71.28	21.32	0.87
64.00	67.02	67.73	73.73	18.46	0.85
64.60	67.63	67.93	74.98	17.21	0.84
65.20	67.13	66.67	74.75	17.81	0.84
65.80	66.54	65.09	73.82	19.64	0.82
66.40	66.59	65.28	73.90	18.92	0.84
67.00	66.18	65.08	73.69	17.59	0.85
67.60	64.35	63.11	71.79	17.48	0.77
68.20	66.54	65.25	73.28	17.36	0.80
68.80	68.32	67.04	75.26	17.72	0.85
69.40	68.33	67.13	75.79	19.32	0.83
70.00	66.96	66.13	75.43	18.38	0.85
70.60	66.13	65.60	75.09	17.43	0.87
71.20	65.96	65.55	75.32	17.71	0.87
71.80	64.33	63.29	73.84	18.29	0.86
72.40	64.57	64.15	73.32	18.86	0.85
73.00	65.90	65.61	74.40	19.27	0.83
73.60	66.25	64.83	74.12	17.97	0.86
74.20	64.37	62.94	73.01	17.35	0.87
74.80	62.36	61.44	71.39	17.59	0.86
75.40	62.38	61.86	70.35	18.22	0.84
76.00	61.34	60.62	69.04	18.72	0.81
76.60	61.66	60.67	67.89	18.93	0.80
77.20	65.62	64.63	70.46	17.12	0.82
77.80	67.78	66.80	72.33	18.49	0.80
78.40	68.51	67.18	73.18	19.76	0.79
79.00	68.29	66.09	73.21	17.58	0.82
79.60	68.46	65.81	73.94	17.85	0.84
80.20	68.70	66.11	74.51	18.83	0.84
80.80	69.22	67.13	73.77	19.46	0.81
81.40	72.34	70.51	76.98	17.28	0.84
82.00	71.93	70.27	78.21	16.28	0.86
82.60	69.82	68.71	77.27	16.59	0.87
83.20	67.81	68.07	76.63	16.19	0.88
83.80	65.85	66.52	75.58	17.08	0.86
84.40	64.91	65.61	74.40	18.73	0.84
85.00	66.34	67.06	75.14	17.56	0.85
85.60	65.53	66.37	74.95	17.69	0.85
86.20	63.65	64.68	73.59	19.09	0.83
86.80	62.20	63.37	72.14	18.73	0.84
87.40	60.60	61.80	70.49	17.94	0.84
88.00	58.98	60.18	68.39	17.14	0.84
88.60	61.08	61.19	68.49	17.79	0.82
89.20	62.01	62.15	68.71	18.02	0.80
89.80	61.14	62.53	67.75	16.31	0.81
90.40	60.40	61.60	66.63	15.12	0.82
91.00	60.04	60.78	65.53	14.96	0.82
91.60	60.09	60.53	64.42	16.02	0.79
92.20	61.48	62.41	64.80	18.46	0.74
92.80	63.55	64.69	66.03	20.04	0.71
93.40	66.34	66.58	67.72	19.08	0.72
94.00	66.68	67.37	68.46	17.77	0.75
94.60	66.42	67.76	68.82	17.78	0.75
95.20	66.86	68.32	69.70	21.73	0.70
95.80	65.97	67.60	69.38	20.95	0.71
96.40	66.04	67.71	69.41	19.21	0.72
97.00	69.89	70.79	71.86	21.24	0.71
97.60	69.68	70.34	72.17	21.11	0.72
98.20	68.54	69.01	71.58	20.43	0.73
98.80	68.30	68.87	71.69	21.39	0.73
99.40	67.74	66.78	71.40	22.07	0.73
100.00	67.87	65.73	71.10	22.27	0.74
100.60	69.58	67.84	72.60	21.67	0.75
101.20	69.84	68.56	73.60	21.92	0.75
101.80	68.92	68.25	73.92	22.59	0.75
102.40	66.90	67.37	73.55	20.74	0.78
103.00	65.57	66.43	73.30	19.96	0.80
103.60	65.04	65.65	73.29	20.70	0.80
104.20	65.50	65.34	73.13	21.99	0.78
104.80	66.22	65.60	73.30	21.77	0.78
105.40	66.99	66.17	74.16	18.72	0.82
106.00	65.74	65.38	73.83	18.20	0.83
106.60	64.95	64.28	73.25	18.55	0.83
107.20	64.87	62.91	72.35	18.82	0.83
107.80	67.87	66.62	74.15	19.33	0.82
108.40	69.51	67.79	75.68	19.65	0.81
109.00	69.31	65.82	75.20	19.37	0.83
109.60	67.73	64.80	74.29	20.33	0.82
110.20	66.25	63.73	73.29	21.15	0.81
110.80	65.17	62.57	72.34	20.83	0.80
111.40	65.21	62.55	71.61	21.37	0.79
112.00	66.08	63.73	71.70	20.86	0.79
112.60	67.11	65.34	72.83	18.44	0.82
113.20	65.90	65.03	71.99	20.98	0.77
113.80	64.35	63.98	70.91	21.96	0.75
114.40	63.17	63.09	70.33	19.24	0.80
115.00	63.28	64.11	70.01	16.71	0.82
115.60	64.74	65.48	70.62	17.03	0.80
116.20	65.69	66.09	71.82	19.44	0.78
116.80	64.35	65.18	71.32	18.02	0.81
117.40	64.18	64.70	70.76	17.29	0.81
118.00	64.33	64.18	70.35	17.63	0.80
118.60	63.37	62.63	69.10	17.38	0.86
119.20	65.27	64.66	69.54	18.46	0.83
119.80	67.20	66.49	71.01	19.96	0.76
120.40	66.85	65.12	70.59	17.18	0.81
121.00	66.73	64.53	70.07	17.25	0.81
121.60	66.46	64.19	69.71	19.39	0.77
122.20	65.30	63.23	68.54	18.77	0.79
122.80	67.07	65.28	70.05	17.20	0.81
123.40	68.55	66.81	71.84	16.82	0.82
124.00	67.60	65.58	71.61	19.34	0.79
124.60	66.15	64.97	71.05	19.67	0.78
125.20	64.97	63.91	70.48	19.00	0.79
125.80	64.30	62.17	69.60	18.35	0.80
126.40	65.18	63.80	70.34	17.70	0.81
127.00	65.73	64.53	71.00	17.48	0.82
127.60	65.63	64.05	70.86	17.88	0.82
128.20	64.63	63.36	69.88	18.30	0.81
128.80	63.58	62.97	69.02	18.53	0.79
129.40	63.03	62.85	68.40	18.45	0.79
130.00	64.04	62.77	68.86	19.84	0.77
130.60	64.91	63.27	69.16	19.18	0.78
131.20	64.98	63.73	69.09	16.87	0.80
131.80	63.59	63.46	68.22	19.06	0.76
132.40	63.01	63.76	67.61	20.64	0.72
133.00	62.98	63.99	67.46	20.87	0.71
133.60	62.67	63.16	66.54	19.76	0.73
134.20	65.87	66.30	68.64	18.95	0.75
134.80	68.86	69.62	71.39	17.83	0.77
135.40	68.94	70.54	72.35	15.01	0.81
136.00	69.04	69.84	72.84	17.56	0.78
136.60	68.53	69.04	73.04	20.35	0.75
137.20	67.33	68.71	72.62	18.59	0.78
137.80	69.52	70.62	73.94	20.29	0.76
138.40	69.83	70.71	74.63	22.02	0.73
139.00	68.24	69.11	73.78	22.27	0.72
139.60	66.76	67.51	73.02	18.88	0.78
140.20	65.31	65.65	72.02	17.37	0.81
140.80	64.04	63.96	70.39	20.72	0.76
141.40	65.87	66.35	71.35	21.64	0.75
142.00	66.24	67.44	72.13	20.99	0.75
142.60	65.04	66.94	71.71	19.11	0.77
143.20	63.43	65.97	70.37	20.77	0.74
143.80	62.80	65.11	69.55	20.95	0.73
144.40	62.89	64.79	69.43	19.69	0.75
145.00	63.37	65.24	69.47	20.13	0.74
145.60	65.81	67.37	71.17	20.94	0.74
146.20	66.99	67.98	72.61	20.97	0.75
146.80	65.98	66.41	72.15	19.43	0.78
147.40	65.87	66.27	71.98	17.27	0.81
148.00	65.30	65.68	71.46	16.40	0.83
148.60	64.76	65.10	70.12	17.44	0.81
149.20	67.12	67.35	71.79	19.03	0.78
149.80	67.96	68.07	72.32	18.37	0.78
150.40	67.61	67.91	71.40	15.89	0.81
151.00	66.78	67.96	70.75	17.26	0.78
151.60	66.00	67.74	70.35	18.94	0.75
152.20	66.14	68.46	70.62	19.89	0.74
152.80	68.79	71.99	72.97	18.91	0.74
153.40	68.37	72.00	73.16	18.46	0.75
154.00	67.31	70.59	72.52	18.71	0.75
154.60	66.78	68.90	72.31	19.89	0.75
155.20	64.79	65.55	71.75	20.59	0.74
155.80	65.37	65.65	71.72	19.79	0.76
156.40	67.75	68.14	72.59	17.29	0.80
157.00	67.92	68.50	72.27	15.34	0.81
157.60	67.25	68.08	71.68	15.17	0.81
158.20	66.08	67.08	70.99	16.91	0.79
158.80	63.33	63.76	69.18	20.49	0.75
159.40	63.28	64.09	68.61	21.89	0.73
160.00	65.18	66.83	69.93	20.25	0.73
160.60	66.49	67.44	70.45	17.35	0.77
161.20	67.05	68.84	70.90	17.48	0.77
161.80	67.06	69.91	71.36	20.48	0.72
162.40	66.74	69.39	71.30	18.65	0.74
163.00	66.10	68.62	70.70	19.27	0.74
163.60	65.49	67.80	70.19	19.80	0.73
164.20	65.33	67.23	70.29	17.77	0.78
164.80	62.60	64.13	69.12	17.67	0.79
165.40	65.49	67.61	70.55	19.12	0.77
166.00	69.01	71.61	74.98	21.09	0.74
166.60	68.06	70.08	74.02	17.94	0.79
167.20	66.60	67.91	72.57	17.04	0.81
167.80	66.12	67.27	72.02	17.91	0.80
168.40	67.13	68.94	72.81	19.45	0.77
169.00	68.76	70.87	73.69	18.38	0.77
169.60	69.81	71.85	74.55	18.36	0.77
170.20	70.12	71.75	75.36	21.11	0.74
170.80	70.01	70.55	74.55	19.51	0.77
171.40	68.62	69.27	73.56	19.36	0.77
172.00	66.83	68.20	72.77	21.47	0.74
172.60	64.69	66.80	71.23	18.26	0.78
173.20	65.53	68.27	71.24	16.91	0.79
173.80	66.82	70.00	72.78	18.11	0.77
174.40	65.40	68.85	71.91	18.07	0.77
175.00	65.21	68.83	71.48	17.54	0.78
175.60	65.43	69.16	71.89	16.71	0.79
176.20	64.43	68.23	71.81	18.84	0.76
176.80	65.23	69.22	72.72	19.11	0.77
177.40	66.46	70.57	74.48	17.41	0.80
178.00	66.63	70.56	74.66	18.26	0.79
178.60	66.66	70.57	74.78	18.98	0.78
>>>>>>> 4966aae922150d281e7f47d431009d8054258bc0
179.20	66.68	70.78	75.08	19.07	0.78