Time	ABP	LCBFV	RCBFV
-78.0	0.06741172682284972	0.12490762304191771	0.13626580204057936
-77.6	0.15612652045881448	0.13729865238166505	0.15999623628124549
-77.2	0.2975677181095899	0.16031650483721926	0.20695725682387023
-76.8	0.4541929961230602	0.21595737504435464	0.31284019080221603
-76.4	0.6022759326594176	0.3458251492133737	0.4951551259296716
-76.0	0.728842978426972	0.5496306403949143	0.6553222043368581
-75.6	0.8286774149961178	0.7129416670241151	0.7262682958132585
-75.2	0.9016965055123313	0.7857772335106172	0.7468042513986481
-74.8	0.9508399671791976	0.805599359695589	0.7471827654019192
-74.4	0.9804938551142541	0.7997628093289808	0.7384018389671358
-74.0	0.9954043304929681	0.7799159357826617	0.7252795214861361
-73.6	1.0	0.7514189664991469	0.7097505730736646
-73.2	0.9980295716085953	0.7180133453358601	0.6926121172907607
-72.8	0.9924249549652986	0.6827955539905564	0.674412625416474
-72.4	0.9853119355764359	0.6482902060118982	0.6558181624083383
-72.0	0.9781062734164401	0.6162700543929513	0.6375782757589983
-71.6	0.9716492296567552	0.5877602011738896	0.6204067561046629
-71.2	0.9663511315561246	0.5631406586714953	0.6048709256194047
-70.8	0.9623236563673749	0.5423341232724861	0.591338526366481
-70.4	0.9594907526201965	0.524987626168355	0.5799724839386045
-70.0	0.9576746622991714	0.5106217829057713	0.5707575380874212
-69.6	0.9566577430203744	0.49873233410633744	0.5635454250274621
-69.2	0.9562231973496089	0.48884971772303065	0.5581003589606395
-68.8	0.9561788834733969	0.4805676433130992	0.5541445136007588
-68.4	0.9563685425469809	0.473551638807189	0.5513918340963362
-68.0	0.9566743894794315	0.4675359889801034	0.5495727227264635
-67.6	0.9570143460368283	0.46231531624539635	0.5484509448622235
-67.2	0.9573364377578013	0.4577336101756002	0.5478291645469682
-66.8	0.9576121506577112	0.45367376727732545	0.5475504405991045
-66.4	0.9578299177351507	0.45004840640354415	0.5474953840168109
-66.0	0.957989407519589	0.4467918322393374	0.5475761735669162
-65.6	0.958096919831518	0.44385340198854384	0.54773161864573
-65.2	0.9581619444793907	0.44119433628080373	0.5479208756473657
-64.8	0.9581947860024498	0.4387831268776998	0.5481173139423436
-64.4	0.9582050787931264	0.43659324052582793	0.5483059725028676
-64.0	0.9582009902739096	0.4346022260107687	0.5484783235430926
-63.6	0.958188916704134	0.4327906936473427	0.5486310756369028
-63.2	0.9581735020197326	0.4311407845149895	0.5487634807329087
-62.8	0.9581578441679759	0.42963706340379515	0.5488768853236121
-62.4	0.958143788492917	0.4282651156135939	0.5489727855117925
-62.0	0.9581322395178903	0.42701218477255676	0.5490535750618983
-61.6	0.9581234487809865	0.42586679014603757	0.549121049297264
-61.2	0.9581172565393483	0.4248183439454176	0.5491773027617817
-60.8	0.9581132794628786	0.4238576615829812	0.5492241307787871
-60.4	0.9581110457117459	0.4229764514170391	0.5492627302305042
-60.0	0.9581100840793987	0.42216718718821156	0.5492948964402684
-59.6	0.9581099762417915	0.4214233631468669	0.5493210782389135
-59.2	0.9581103815302958	0.4207391113619632	0.5493423228983856
-58.8	0.9581110428175537	0.42010907415733256	0.5493596776906302
-58.4	0.9581117806622393	0.4195285316753976	0.5493740402773155
-58.0	0.9581124812152524	0.4189932743134561	0.549385261048164
-57.6	0.9581130818120823	0.4184996027236767	0.5493943872751204
-57.2	0.9581135568127304	0.41804381755822906	0.5494014189581851
-56.8	0.9581139051649005	0.41762323997902917	0.5494074033693037
-56.4	0.9581141403645693	0.4172349360205567	0.549411742067365
-56.0	0.9581142829423992	0.41687597171729074	0.5494153327140365
-55.6	0.9581143552699152	0.4165441784860202	0.5494181753093179
-55.2	0.9581143783060494	0.4162373877435346	0.5494205690737659
-54.8	0.9581143698449829	0.41595394116149564	0.5494222147868233
-54.4	0.9581143438404887	0.41569167015669306	0.5494234116690468
-54.0	0.9581143104373315	0.41544917152822536	0.5494246085512704
-53.6	0.9581142764141715	0.41522465938403563	0.5494258054334944
-53.2	0.9581142458186219	0.41501685808694266	0.5494265534848846
-52.8	0.9581142206443499	0.4148246195634806	0.5494270023157188
-52.4	0.9581142014573277	0.4146466681764671	0.5494277503671086
-52.0	0.9581141879225274	0.41448185585243746	0.549428199197942
-51.6	0.958114179213424	0.4143292896453634	0.5494289472493321
-51.2	0.958114174307155	0.41418794904549894	0.54942909685961
-50.8	0.958114172179592	0.41405706867053427	0.5494293960801664
-50.4	0.9581141719200008	0.4139357555744412	0.5494298449109998
-50.0	0.9581141727856862	0.4138234995023464	0.5494301441315557
-49.6	0.958114174215348	0.4137192799445042	0.5494302937418336
-49.2	0.958114175816698	0.4136228417734775	0.5494305929623895
-48.8	0.9581141773403621	0.4135332920432384	0.5494310417932238
-48.4	0.9581141786486354	0.4134505031900686	0.5494313410137797
-48.0	0.9581141796846981	0.4133737098316588	0.5494314906240572
-47.6	0.9581141804455386	0.4133024017131348	0.5494314906240572
-47.2	0.9581141809600576	0.41323645127077935	0.5494317898446139
-46.8	0.9581141812726701	0.4131750931222822	0.5494319394548914
-46.4	0.9581141814319384	0.41311845483136156	0.5494322386754473
-46.0	0.9581141814834578	0.41306564345198993	0.5494322386754473
-45.6	0.9581141814660036	0.41301691411160335	0.5494325378960032
-45.2	0.9581141814100037	0.412971628991611	0.5494325378960032
-44.8	0.9581141813376217	0.41292978809201175	0.5494326875062812
-44.4	0.9581141812637005	0.41289075359421523	0.5494326875062812
-44.0	0.9581141811970996	0.41285465306193947	0.5494326875062812
-43.6	0.9581141811422268	0.41282123136774773	0.5494329867268375
-43.2	0.9581141811003462	0.4127902333842033	0.5494329867268375
-42.8	0.9581141810707701	0.4127612764201516	0.5494329867268375
-42.4	0.9581141810516962	0.41273436047559264	0.5494329867268375
-42.0	0.9581141810409202	0.41270974067796273	0.5494331363371154
-41.6	0.9581141810362146	0.41268677920867103	0.5494331363371154
-41.2	0.9581141810355953	0.41266547606771664	0.5494331363371154
-40.8	0.9581141810374432	0.41264570369138176	0.5494331363371154
-40.4	0.9581141810405337	0.4126273345159479	0.5494331363371154
-40.0	0.9581141810440088	0.4126102409776973	0.5494331363371154
-39.6	0.9581141810473229	0.4125944230766294	0.5494331363371154
-39.2	0.9581141810501724	0.4125797532490263	0.5494331363371154
-38.8	0.958114181052432	0.41256623149488747	0.5494334355576713
-38.4	0.958114181054094	0.41255360268677665	0.5494334355576713
-38.0	0.9581141810552191	0.4125418668246943	0.5494334355576713
-37.6	0.958114181055909	0.4125310239086395	0.5494334355576713
-37.2	0.958114181056257	0.4125210739386129	0.5494334355576713
-36.8	0.9581141810563671	0.41251176178717786	0.5494334355576713
-36.4	0.9581141810563303	0.4125029598906158	0.5494334355576713
-36.0	0.9581141810562113	0.41249492337636395	0.5494334355576713
-35.6	0.9581141810560556	0.4124873971169847	0.5494334355576713
-35.2	0.9581141810558998	0.4124805086761969	0.5494334355576713
-34.8	0.9581141810557531	0.4124741304902826	0.5494334355576713
-34.4	0.9581141810556342	0.4124682625592413	0.5494334355576713
-34.0	0.9581141810555424	0.4124626497556365	0.5494337347782272
-33.6	0.9581141810554785	0.412457547206905	0.5494337347782272
-33.2	0.9581141810554344	0.4124528273493282	0.5494337347782272
-32.8	0.9581141810554105	0.41244836261918816	0.5494334355576713
-32.4	0.9581141810554005	0.4124441530164846	0.5494334355576713
-32.0	0.9581141810553986	0.41244032610493586	0.5494337347782272
-31.6	0.9581141810554022	0.41243675432082383	0.5494334355576713
-31.2	0.9581141810554096	0.41243356522786656	0.5494334355576713
-30.8	0.9581141810554169	0.4124305036986273	0.5494334355576713
-30.4	0.9581141810554241	0.41242769729682527	0.5494337347782272
-30.0	0.9581141810554298	0.41242501845874124	0.5494337347782272
-29.6	0.9581141810554351	0.412422722311812	0.5494334355576713
-29.2	0.9581141810554389	0.41242029860116425	0.5494337347782272
-28.8	0.9581141810554417	0.4124183851453902	0.5494334355576713
-28.4	0.9581141810554417	0.41241634412589745	0.5494337347782272
-28.0	0.9581141810554417	0.41241455823384143	0.5494337347782272
-27.6	0.9581141810554417	0.4124127723417854	0.5494337347782272
-27.2	0.9581141810554417	0.41241136914088417	0.5494337347782272
-26.8	0.9581141810554417	0.4124099659399829	0.5494337347782272
-26.4	0.9581141810554417	0.41240843517536363	0.5494337347782272
-26.0	0.9581141810554417	0.4124072871018989	0.5494337347782272
-25.6	0.9581141810554417	0.41240626659215285	0.5494337347782272
-25.2	0.9581141810554417	0.41240511851868833	0.5494337347782272
-24.8	0.9581141810554417	0.4124040980089416	0.5494337347782272
-24.4	0.9581141810554417	0.4124032050629136	0.5494337347782272
-24.0	0.9581141810554417	0.41240243968060386	0.5494337347782272
-23.6	0.9581141810554417	0.41240154673457585	0.5494337347782272
-23.2	0.9581141810554417	0.4124009089159846	0.5494337347782272
-22.8	0.9581141810554417	0.41240014353367505	0.5494334355576713
-22.4	0.9581141810554417	0.4123995057150833	0.5494337347782272
-22.0	0.9581141810554417	0.4123989954602103	0.5494337347782272
-21.6	0.9581141810554417	0.41239848520533706	0.5494337347782272
-21.2	0.9581141810554417	0.41239784738674534	0.5494337347782272
-20.8	0.9581141810554417	0.4123974646955906	0.5494337347782272
-20.4	0.9581141810554417	0.4123969544407178	0.5494337347782272
-20.0	0.9581141810554417	0.41239657174956257	0.5494337347782272
-19.6	0.9581141810554417	0.41239606149468977	0.5494337347782272
-19.2	0.9581141810554417	0.41239580636725304	0.5494337347782272
-18.8	0.9581141810554417	0.4123955512398163	0.5494337347782272
-18.4	0.9581141810554417	0.4123952961123798	0.5494337347782272
-18.0	0.9581141810554417	0.41239504098494306	0.5494337347782272
-17.6	0.9581141810554417	0.4123946582937885	0.5494337347782272
-17.2	0.9581141810554417	0.4123944031663518	0.5494334355576713
-16.8	0.9581141810554417	0.41239414803891505	0.5494334355576713
-16.4	0.9581141810554417	0.41239389291147854	0.5494334355576713
-16.0	0.9581141810554417	0.41239376534776007	0.5494334355576713
-15.6	0.9581141810554417	0.41239363778404203	0.5494334355576713
-15.2	0.9581141810554417	0.4123935102203238	0.5494334355576713
-14.8	0.9581141810554417	0.41239325509288705	0.5494334355576713
-14.4	0.9581141810554417	0.41239312752916857	0.5494334355576713
-14.0	0.9581141810554417	0.41239312752916857	0.5494334355576713
-13.6	0.9581141810554417	0.4123928724017325	0.5494334355576713
-13.2	0.9581141810554417	0.412392744838014	0.5494334355576713
-12.8	0.9581141810554417	0.41239261727429577	0.5494334355576713
-12.4	0.9581141810554417	0.4123924897105773	0.5494334355576713
-12.0	0.9581141810554417	0.41239236214685904	0.5494334355576713
-11.6	0.9581141810554417	0.4123922345831408	0.5494334355576713
-11.2	0.9581141810554417	0.4123921070194225	0.5494334355576713
-10.8	0.9581141810554417	0.4123922345831408	0.5494334355576713
-10.4	0.9581141810554417	0.4123922345831408	0.5494334355576713
-10.0	0.9581141810554417	0.4123921070194225	0.5494334355576713
-9.6	0.9581141810554417	0.4123921070194225	0.5494334355576713
-9.2	0.9581141810554417	0.4123919794557045	0.5494334355576713
-8.8	0.9581141810554417	0.4123919794557045	0.5494334355576713
-8.4	0.9581141810554417	0.4123919794557045	0.5494334355576713
-8.0	0.9581141810554417	0.4123919794557045	0.5494334355576713
-7.6	0.9581141810554417	0.412391851891986	0.5494334355576713
-7.2	0.9581141810554417	0.412391851891986	0.5494334355576713
-6.8	0.9581141810554417	0.412391851891986	0.5494334355576713
-6.4	0.9581141810554417	0.412391851891986	0.5494334355576713
-6.0	0.9581141810554417	0.4123917243282673	0.5494334355576713
-5.6	0.9581141810554417	0.4123915967645493	0.5494334355576713
-5.2	0.9581141810554417	0.4123917243282673	0.5494334355576713
-4.8	0.9581141810554417	0.4123917243282673	0.5494334355576713
-4.4	0.9581141810554417	0.4123917243282673	0.5494334355576713
-4.0	0.9581141810554417	0.4123917243282673	0.5494334355576713
-3.6	0.9581141810554417	0.4123917243282673	0.5494334355576713
-3.2	0.9581141810554417	0.4123917243282673	0.5494334355576713
-2.8	0.9581141810554417	0.4123915967645493	0.5494334355576713
-2.4	0.9581141810554417	0.4123915967645493	0.5494334355576713
-2.0	0.9581141810554417	0.4123915967645493	0.5494334355576713
-1.6	0.9581141810554417	0.4123915967645493	0.5494334355576713
-1.2	0.9581141810554417	0.4123915967645493	0.5494334355576713
-0.8	0.9581141810554417	0.41239146920083103	0.5494334355576713
-0.4	0.9581141810554417	0.4123915967645493	0.5494334355576713
0.0	0.9581141810554417	0.4123915967645493	0.5494334355576713
0.4	0.9581141810554417	0.4123915967645493	0.5494334355576713
0.8	0.9581141810554417	0.4123915967645493	0.5494334355576713
1.2	0.9581141810554417	0.4123915967645493	0.5494334355576713
1.6	0.9325882731771457	0.3998857600783414	0.5387921053162952
2.0	0.843873479541181	0.35531703792756053	0.49308152747696776
2.4	0.7024322818904056	0.28542258052993574	0.397254199501734
2.8	0.5458070038769351	0.21917351150986386	0.26708592676172094
3.2	0.39772406734057786	0.17587353810118778	0.14655824111372273
3.6	0.2711570215730236	0.15804893218090865	0.0753415046444692
4.0	0.17132258500387848	0.15889544501547648	0.06094405876430664
4.4	0.0983034944876641	0.17031533176788738	0.08612765763492303
4.8	0.04916003282079817	0.18640226471763	0.1278811932321462
5.2	0.01950614488574446	0.2037231215143851	0.1696594145252348
5.6	0.004595669507025765	0.22058117714118608	0.20424033417588294
6.0	0.0	0.23625021134981283	0.23070459702594714
6.4	0.001970428391404537	0.2504734383753491	0.25064241072000093
6.8	0.007575045034696991	0.26320672117126653	0.26597806265333146
7.2	0.014688064423555941	0.27450376406296506	0.278232490911811
7.6	0.02189372658355987	0.2844580712559506	0.28843695914150635
8.0	0.028350770343242414	0.2931690148867705	0.29723628764048016
8.4	0.03364886844387128	0.30072180751924216	0.30501302988950973
8.8	0.03767634363262206	0.30718660919842455	0.31198786104860465
9.2	0.04050924737979743	0.3126277120383354	0.31828974517737785
9.6	0.04232533770082475	0.3171140004468511	0.32400081831843597
10.0	0.04334225697962158	0.3207255844390571	0.32918002692130055
10.4	0.0437768026503866	0.32355316181865734	0.3338756951057571
10.8	0.04382111652659886	0.32569444639386114	0.338131060242139
11.2	0.0436314574530143	0.32724830004634264	0.3419850210027202
11.6	0.04332561052056362	0.32830937505507296	0.3454734838542137
12.0	0.042985653963167406	0.32896415962105197	0.3486292134474951
12.4	0.042663562242194204	0.32928855415666125	0.35148108456621374
12.8	0.0423878493422843	0.3293472334670744	0.3540549797884589
13.2	0.0421700822648452	0.32919441213256384	0.3563739390970384
13.6	0.04201059248040673	0.3288740996359394	0.35845830948975665
14.0	0.04190308016847743	0.3284216311271675	0.36032619381024755
14.4	0.04183805552060373	0.32786481549683466	0.361994498019923
14.8	0.04180521399754266	0.32722546614076853	0.36347818314657987
15.2	0.04179492120687013	0.3265201663423476	0.3647917613871816
15.6	0.04179900972608181	0.32576116221852613	0.3659491464975797
16.0	0.041811083295859995	0.3249581486118953	0.36696275613084595
16.4	0.041826497980267635	0.3241173761446505	0.36784560638116415
16.8	0.04184215583202051	0.323244457620397	0.36860966607077117
17.2	0.0418562115070811	0.32234309238696524	0.36926660480135
17.6	0.04186776048210639	0.3214165971010301	0.36982734412319207
18.0	0.04187655121900773	0.3204684159829858	0.3703025063660341
18.4	0.04188274346064996	0.3195014829983531	0.37070181619794385
18.8	0.04188672053711745	0.31851975262239884	0.3710345494561553
19.2	0.041888954288249444	0.31752666907551674	0.37130908431623544
19.6	0.04188991592059674	0.3165269522152836	0.3715333501229168
20.0	0.04189002375820357	0.31552481164440316	0.3717142289489861
20.4	0.04188961846969933	0.3145253499116065	0.37185800442611816
20.8	0.041888957182442156	0.3135332868744709	0.3719705113551537
21.2	0.041888219337756126	0.31255334239057264	0.372056537264988
21.6	0.04188751878474316	0.311589981190052	0.3721205704639601
22.0	0.041886918187912965	0.31064754043933096	0.37216650081929803
22.4	0.041886443187265275	0.30972959192252136	0.3721974701468387
22.8	0.04188609483509504	0.308839579860017	0.37221647065214114
23.2	0.04188585963542684	0.3079800555261838	0.37222574648937545
23.6	0.04188571705760046	0.3071534426316693	0.372227541812711
24.0	0.0418856447300795	0.3063613995048111	0.3722235023352054
24.4	0.04188562169394452	0.3056050742190739	0.3722151241596392
24.8	0.041885630155010865	0.3048851045930496	0.37220345455795734
25.2	0.04188565615950581	0.3042017457541737	0.37218954080210587
25.6	0.041885689562664655	0.303554997702447	0.3721742805537529
26.0	0.041885723585826894	0.3029444777467145	0.37215827225400955
26.4	0.04188575418137185	0.3023695480683848	0.3721418151234326
26.8	0.04188577935564246	0.3018291881577113	0.37212550760313357
27.2	0.04188579854266422	0.30132237750494806	0.3721096489136686
27.6	0.04188581207746908	0.300847840472912	0.3720943886653152
28.0	0.04188582078657159	0.3004043014244202	0.3720797268580738
28.4	0.04188582569284101	0.2999906122860079	0.37206596271250025
28.8	0.04188582782040343	0.29960473203818294	0.37205324583887256
29.2	0.04188582807999494	0.2992458952986352	0.3720412770166348
29.6	0.04188582721430925	0.29891218861159063	0.3720303554663429
30.0	0.04188582578464762	0.29860233633986577	0.37202033157771885
30.4	0.041885824183297664	0.29831506284627807	0.37201120535076226
30.8	0.04188582265963342	0.2980485822387722	0.37200282717519584
31.2	0.04188582135136015	0.2978021291350368	0.3719953466612971
31.6	0.0418858203152968	0.29757391764301766	0.3719884645885103
32.0	0.041885819554456694	0.2973629272529672	0.37198248017739144
32.4	0.04188581903993779	0.29716800989142134	0.37197694459710684
32.8	0.0418858187273271	0.2969880174849149	0.37197200745793335
33.2	0.04188581856805733	0.29682192952370223	0.37196781837015025
33.6	0.04188581851653521	0.2966687254980369	0.37196362928236715
34.0	0.04188581853399386	0.2965275124618907	0.3719603378562515
34.4	0.0418858185899931	0.29639739746923555	0.371957196040414
34.8	0.04188581866237206	0.29627736001032545	0.37195450305541056
35.2	0.041885818736298756	0.2961670173940054	0.3719519596806853
35.6	0.04188581880289552	0.29606560423796524	0.3719498651367934
36.0	0.04188581885776873	0.29597197246874063	0.37194777059290174
36.4	0.04188581889964613	0.29588612208633225	0.37194612487984435
36.8	0.04188581892922926	0.2958071601447112	0.37194462877706425
37.2	0.04188581894829994	0.2957344488252862	0.3719432822845625
37.6	0.041885818959075415	0.29566760543690274	0.3719419357920608
38.0	0.04188581896378148	0.29560624728840557	0.371940888520115
38.4	0.04188581896440085	0.2955498641249217	0.37193999085844753
38.8	0.04188581896255263	0.2954983283827328	0.3719389435865017
39.2	0.041885818959462105	0.29545074711581076	0.37193819553511154
39.6	0.041885818955986844	0.29540712032415595	0.371937597094
40.0	0.041885818952673064	0.2953671928803314	0.3719368490426098
40.4	0.041885818949823336	0.2953303269657457	0.3719362506014976
40.8	0.04188581894756354	0.29529665014411766	0.37193565216038604
41.2	0.04188581894590182	0.2952656521605732	0.37193520332955243
41.6	0.041885818944776304	0.2952373330151128	0.37193475449871816
42.0	0.04188581894409092	0.29521131001658185	0.3719343056678843
42.4	0.04188581894374024	0.2951874556012617	0.37193385683705005
42.8	0.04188581894362508	0.2951656422054343	0.3719337072267723
43.2	0.04188581894366099	0.2951456147016627	0.3719332583959385
43.6	0.04188581894378156	0.2951272455262295	0.3719329591753824
44.0	0.04188581894393838	0.29511040711541514	0.3719328095651049
44.4	0.041885818944099	0.29509497190550205	0.3719325103445488
44.8	0.04188581894424396	0.29508081233277195	0.37193221112399266
45.2	0.041885818944363565	0.29506792839722484	0.3719320615137147
45.6	0.041885818944454964	0.2950560649714238	0.37193191190343655
46.0	0.04188581894451962	0.29504509449165095	0.37193161268288066
46.4	0.04188581894456138	0.29503527208534264	0.37193146307260294
46.8	0.04188581894458505	0.29502608749762604	0.3719313134623248
47.2	0.04188581894459545	0.295017795855937	0.37193116385204683
47.6	0.04188581894459692	0.2950101420328397	0.3719310142417689
48.0	0.04188581894459297	0.2950031260283337	0.37193086463149094
48.4	0.041885818944586296	0.2949966202787013	0.3719307150212128
48.8	0.041885818944578754	0.2949907523476598	0.3719307150212128
49.2	0.041885818944571544	0.29498539467149154	0.37193056541093483
49.6	0.04188581894456534	0.29498041968647826	0.3719304158006571
50.0	0.04188581894456041	0.294975954956338	0.37193026619037894
50.4	0.04188581894455678	0.2949720004810712	0.37193026619037894
50.8	0.041885818944554315	0.29496817356952243	0.37193026619037894
51.2	0.041885818944552816	0.29496472934912865	0.37193026619037894
51.6	0.041885818944552046	0.2949615402561714	0.371930116580101
52.0	0.04188581894455179	0.29495860629065085	0.37192996696982306
52.4	0.04188581894455186	0.2949559274525668	0.37192996696982306
52.8	0.04188581894455212	0.29495350374191953	0.37192996696982306
53.2	0.04188581894455246	0.2949513351587083	0.3719298173595451
53.6	0.04188581894455281	0.2949492941392158	0.3719298173595451
54.0	0.04188581894455312	0.2949473806834415	0.3719298173595451
54.4	0.041885818944553385	0.2949457223551035	0.37192966774926717
54.8	0.041885818944553586	0.29494419159048424	0.37192966774926717
55.2	0.041885818944553725	0.294942788389583	0.37192966774926717
55.6	0.041885818944553815	0.29494138518868174	0.37192966774926717
56.0	0.04188581894455387	0.2949402371152172	0.37192966774926717
56.4	0.04188581894455389	0.2949392166054705	0.37192966774926717
56.8	0.04188581894455389	0.29493819609572447	0.37192966774926717
57.2	0.041885818944553885	0.29493730314969646	0.37192966774926717
57.6	0.04188581894455387	0.29493641020366845	0.37192966774926717
58.0	0.04188581894455386	0.29493577238507696	0.371929518138989
58.4	0.04188581894455384	0.2949350070027672	0.371929518138989
58.8	0.04188581894455383	0.2949343691841759	0.371929518138989
59.2	0.041885818944553815	0.2949338589293027	0.371929518138989
59.6	0.04188581894455381	0.2949333486744292	0.371929518138989
60.0	0.0418858189445538	0.29493271085583816	0.371929518138989
60.4	0.0418858189445538	0.2949323281646832	0.3719293685287115
60.8	0.041885818944553795	0.2949319454735284	0.3719293685287115
61.2	0.041885818944553795	0.2949315627823734	0.3719293685287115
61.6	0.041885818944553795	0.29493118009121866	0.371929518138989
62.0	0.041885818944553795	0.29493092496378215	0.371929518138989
62.4	0.0418858189445538	0.29493054227262716	0.3719293685287115
62.8	0.0418858189445538	0.2949304147089089	0.3719293685287115
63.2	0.0418858189445538	0.2949301595814726	0.3719293685287115
63.6	0.0418858189445538	0.2949299044540359	0.3719293685287115
64.0	0.0418858189445538	0.29492964932659915	0.3719293685287115
64.4	0.0418858189445538	0.2949295217628809	0.3719293685287115
64.8	0.0418858189445538	0.29492939419916264	0.3719293685287115
65.2	0.0418858189445538	0.2949291390717259	0.3719293685287115
65.6	0.0418858189445538	0.29492901150800743	0.3719293685287115
66.0	0.0418858189445538	0.2949288839442894	0.3719293685287115
66.4	0.0418858189445538	0.29492875638057114	0.3719293685287115
66.8	0.0418858189445538	0.2949286288168529	0.3719292189184331
67.2	0.0418858189445538	0.2949286288168529	0.3719293685287115
67.6	0.0418858189445538	0.2949286288168529	0.3719293685287115
68.0	0.0418858189445538	0.29492850125313463	0.3719292189184331
68.4	0.0418858189445538	0.29492850125313463	0.3719293685287115
68.8	0.0418858189445538	0.29492837368941593	0.3719292189184331
69.2	0.0418858189445538	0.2949282461256979	0.3719293685287115
69.6	0.0418858189445538	0.2949282461256979	0.3719292189184331
70.0	0.0418858189445538	0.2949282461256979	0.3719292189184331
70.4	0.0418858189445538	0.29492811856197987	0.3719293685287115
70.8	0.0418858189445538	0.29492811856197987	0.3719292189184331
71.2	0.0418858189445538	0.2949279909982614	0.3719292189184331
71.6	0.0418858189445538	0.2949279909982614	0.3719292189184331
72.0	0.0418858189445538	0.2949279909982614	0.3719293685287115
72.4	0.0418858189445538	0.29492786343454314	0.3719292189184331
72.8	0.0418858189445538	0.29492786343454314	0.3719292189184331
73.2	0.0418858189445538	0.29492786343454314	0.3719292189184331
73.6	0.0418858189445538	0.29492786343454314	0.3719292189184331
74.0	0.0418858189445538	0.29492786343454314	0.3719292189184331
74.4	0.0418858189445538	0.29492786343454314	0.3719292189184331
74.8	0.0418858189445538	0.29492786343454314	0.3719292189184331
75.2	0.0418858189445538	0.2949277358708249	0.3719292189184331
75.6	0.0418858189445538	0.2949277358708249	0.3719292189184331
76.0	0.0418858189445538	0.2949277358708249	0.3719292189184331
76.4	0.0418858189445538	0.2949277358708249	0.3719292189184331
76.8	0.0418858189445538	0.2949277358708249	0.3719292189184331
77.2	0.0418858189445538	0.2949277358708249	0.3719292189184331
77.6	0.0418858189445538	0.2949277358708249	0.3719292189184331
78.0	0.0418858189445538	0.2949277358708249	0.3719292189184331
78.4	0.0418858189445538	0.2949277358708249	0.3719293685287115
78.8	0.0418858189445538	0.2949277358708249	0.3719293685287115
79.2	0.0418858189445538	0.2949277358708249	0.3719292189184331
79.6	0.0418858189445538	0.2949277358708249	0.3719292189184331
80.0	0.0418858189445538	0.2949277358708249	0.3719293685287115
80.4	0.0418858189445538	0.2949277358708249	0.3719292189184331
80.8	0.0418858189445538	0.2949277358708249	0.3719292189184331
