Time	ABP	LCBFV	RCBFV
-78.0	0.06741172682284972	0.11698850543834949	0.11079792360179841
-77.6	0.15612652045881448	0.1477238577926916	0.13457330532489475
-77.2	0.2975677181095899	0.2183137227425167	0.19164266488986392
-76.8	0.4541929961230602	0.411509396271299	0.37628977755547854
-76.4	0.6022759326594176	0.7274828692538802	0.7766854304216295
-76.0	0.728842978426972	0.8736528852361025	0.9527813775802736
-75.6	0.8286774149961178	0.871883055407475	0.9582920860411832
-75.2	0.9016965055123313	0.8251463571061488	0.9369197920888714
-74.8	0.9508399671791976	0.7917043347977111	0.9225259378232034
-74.4	0.9804938551142541	0.7831386790881099	0.9123713431157627
-74.0	0.9954043304929681	0.785055357057757	0.9002500872552739
-73.6	1.0	0.7880896113264364	0.8859483431300328
-73.2	0.9980295716085953	0.7899250308954708	0.8705862358405883
-72.8	0.9924249549652986	0.7907911798562792	0.8546895607718819
-72.4	0.9853119355764359	0.7911041886729948	0.8386053757744483
-72.0	0.9781062734164401	0.7911756086125474	0.8226248146849935
-71.6	0.9716492296567552	0.7911992937965837	0.8070565561288783
-71.2	0.9663511315561246	0.7912725356733703	0.7921708995062877
-70.8	0.9623236563673749	0.791433959312259	0.7781756409078255
-70.4	0.9594907526201965	0.7916886661375027	0.7651963352272872
-70.0	0.9576746622991714	0.7920228094261277	0.7532828754574048
-69.6	0.9566577430203744	0.7924130683815451	0.7424242961052716
-69.2	0.9562231973496089	0.7928335714950374	0.7325679628049278
-68.8	0.9561788834733969	0.7932617267449111	0.7236382136553097
-68.4	0.9563685425469809	0.793679314758831	0.7155467764385053
-68.0	0.9566743894794315	0.7940732175887146	0.7082092168591263
-67.6	0.9570143460368283	0.7944361474856287	0.7015427454457166
-67.2	0.9573364377578013	0.7947637318002134	0.695474441670437
-66.8	0.9576121506577112	0.7950566993073607	0.6899401573997759
-66.4	0.9578299177351507	0.7953154143945196	0.6848834203452574
-66.0	0.957989407519589	0.7955438853236001	0.6802565306127333
-65.6	0.958096919831518	0.795745027194179	0.6760161745052153
-65.2	0.9581619444793907	0.7959228482681691	0.6721267141707523
-64.8	0.9581947860024498	0.7960802636451443	0.668555801405267
-64.4	0.9582050787931264	0.7962209171995709	0.665274377652552
-64.0	0.9582009902739096	0.7963473596435766	0.6622583188282105
-63.6	0.958188916704134	0.7964614129143937	0.6594829525731987
-63.2	0.9581735020197326	0.7965652633367033	0.6569285410002834
-62.8	0.9581578441679759	0.7966596396853993	0.6545758944968751
-62.4	0.958143788492917	0.7967463638977139	0.6524080165489652
-62.0	0.9581322395178903	0.7968261647485417	0.6504090071918398
-61.6	0.9581234487809865	0.7968990422378819	0.6485651595593636
-61.2	0.9581172565393483	0.796966453915521	0.6468627667853974
-60.8	0.9581132794628786	0.7970283997814609	0.6452903151023923
-60.4	0.9581110457117459	0.7970856086105926	0.6438373872920833
-60.0	0.9581100840793987	0.7971380804029171	0.6424935661362099
-59.6	0.9581099762417915	0.797186543933329	0.64125062751509
-59.2	0.9581103815302958	0.7972309992018265	0.6400992507597509
-58.8	0.9581110428175537	0.7972714462084105	0.6390339531237395
-58.4	0.9581117806622393	0.7973093425028668	0.6380459622127308
-58.0	0.9581124812152524	0.7973439593103033	0.6371308918295595
-57.6	0.9581130818120823	0.7973752966307202	0.6362821626784809
-57.2	0.9581135568127304	0.7974044476264557	0.635494840287687
-56.8	0.9581139051649005	0.7974314122975117	0.6347645384600158
-56.4	0.9581141403645693	0.7974561906438873	0.6340863227236557
-56.0	0.9581142829423992	0.7974787826655834	0.6334569034307389
-55.6	0.9581143552699152	0.7974999171374919	0.6328724426587433
-55.2	0.9581143783060494	0.79751886528472	0.6323296507597975
-54.8	0.9581143698449829	0.7975367202696089	0.6318246898113848
-54.4	0.9581143438404887	0.7975523889298164	0.6313559149895687
-54.0	0.9581143104373315	0.7975676932025775	0.630920584921121
-53.6	0.9581142764141715	0.7975815399255528	0.6305154099581722
-53.2	0.9581142458186219	0.7975939290987406	0.6301381970021378
-52.8	0.9581142206443499	0.7976055894970346	0.6297883977783716
-52.4	0.9581142014573277	0.7976161567329894	0.6294627226390057
-52.0	0.9581141879225274	0.7976263595814967	0.6291600750347444
-51.6	0.958114179213424	0.7976354692676648	0.6288777135923631
-51.2	0.958114174307155	0.7976434857914927	0.6286150900372176
-50.8	0.958114172179592	0.7976515023153197	0.6283716560946591
-50.4	0.9581141719200008	0.7976587900642538	0.6281441221168196
-50.0	0.9581141727856862	0.7976649846508477	0.6279324881036965
-49.6	0.958114174215348	0.7976711792374416	0.6277362057806419
-49.2	0.958114175816698	0.7976766450491426	0.6275530820490784
-48.8	0.9581141773403621	0.7976821108608418	0.6273820203597138
-48.4	0.9581141786486354	0.7976868478976491	0.6272235689871941
-48.0	0.9581141796846981	0.7976912205470099	0.6270755348329358
-47.6	0.9581141804455386	0.797694864421477	0.6269379178969405
-47.2	0.9581141809600576	0.7976988726833905	0.6268096216299179
-46.8	0.9581141812726701	0.7977021521704111	0.6266900977572201
-46.4	0.9581141814319384	0.7977054316574308	0.6265787980042044
-46.0	0.9581141814834578	0.797708346757005	0.6264751740962238
-45.6	0.9581141814660036	0.7977112618565783	0.6263786777586331
-45.2	0.9581141814100037	0.7977134481812587	0.626288760716788
-44.8	0.9581141813376217	0.7977152701184917	0.6262054229706875
-44.4	0.9581141812637005	0.7977178208306186	0.6261270196963951
-44.0	0.9581141811970996	0.7977196427678526	0.626054647443202
-43.6	0.9581141811422268	0.7977214647050856	0.625987209661818
-43.2	0.9581141811003462	0.7977229222548723	0.6259241580775967
-42.8	0.9581141810707701	0.7977243798046598	0.6258649444158939
-42.4	0.9581141810516962	0.7977258373544465	0.625810665226
-42.0	0.9581141810409202	0.7977272949042331	0.6257596756839776
-41.6	0.9581141810362146	0.7977283880665724	0.6257125240644736
-41.2	0.9581141810355953	0.7977291168414671	0.6256681138181959
-40.8	0.9581141810374432	0.7977305743912537	0.6256264449451452
-40.4	0.9581141810405337	0.7977316675535939	0.625588613994613
-40.0	0.9581141810440088	0.7977320319410404	0.6255524278680165
-39.6	0.9581141810473229	0.7977331251033806	0.625518983114647
-39.2	0.9581141810501724	0.7977338538782734	0.6254877314598595
-38.8	0.958114181052432	0.7977345826531672	0.6254592211782981
-38.4	0.958114181054094	0.7977349470406145	0.625431807446029
-38.0	0.9581141810552191	0.797735311428061	0.6254065868123391
-37.6	0.958114181055909	0.7977360402029539	0.6253835592772345
-37.2	0.958114181056257	0.7977364045904003	0.6253616282914178
-36.8	0.9581141810563671	0.7977367689778476	0.6253413421295377
-36.4	0.9581141810563303	0.7977374977527414	0.6253221525169499
-36.0	0.9581141810562113	0.7977378621401878	0.6253046077282969
-35.6	0.9581141810560556	0.7977382265276343	0.6252881594889343
-35.2	0.9581141810558998	0.7977389553025271	0.6252728077988632
-34.8	0.9581141810557531	0.7977389553025271	0.6252585526580825
-34.4	0.9581141810556342	0.7977393196899745	0.625244845791948
-34.0	0.9581141810555424	0.7977393196899745	0.6252327837497491
-33.6	0.9581141810554785	0.7977396840774209	0.6252212699821955
-33.2	0.9581141810554344	0.7977396840774209	0.6252103044892872
-32.8	0.9581141810554105	0.7977404128523147	0.6252004355456702
-32.4	0.9581141810554005	0.7977404128523147	0.6251905666020541
-32.0	0.9581141810553986	0.7977404128523147	0.625182342482371
-31.6	0.9581141810554022	0.797740777239762	0.6251741183626907
-31.2	0.9581141810554096	0.797740777239762	0.6251664425176555
-30.8	0.9581141810554169	0.797740777239762	0.6251593149472656
-30.4	0.9581141810554241	0.797740777239762	0.6251527356515201
-30.0	0.9581141810554298	0.7977411416272076	0.6251467046304224
-29.6	0.9581141810554351	0.7977411416272076	0.6251412218839674
-29.2	0.9581141810554389	0.7977411416272076	0.625135190862868
-28.8	0.9581141810554417	0.7977411416272076	0.6251308046657043
-28.4	0.9581141810554417	0.7977415060146549	0.6251258701938953
-28.0	0.9581141810554417	0.7977415060146549	0.6251214839967325
-27.6	0.9581141810554417	0.7977415060146549	0.6251176460742149
-27.2	0.9581141810554417	0.7977415060146549	0.6251138081516974
-26.8	0.9581141810554417	0.7977415060146549	0.625110518503825
-26.4	0.9581141810554417	0.7977415060146549	0.6251072288559527
-26.0	0.9581141810554417	0.7977415060146549	0.6251039392080804
-25.6	0.9581141810554417	0.7977415060146549	0.6251017461094985
-25.2	0.9581141810554417	0.7977415060146549	0.6250984564616262
-24.8	0.9581141810554417	0.7977422347895478	0.6250962633630444
-24.4	0.9581141810554417	0.7977422347895478	0.6250940702644634
-24.0	0.9581141810554417	0.7977422347895478	0.6250913288912354
-23.6	0.9581141810554417	0.7977422347895478	0.6250896840672997
-23.2	0.9581141810554417	0.7977422347895478	0.6250880392433631
-22.8	0.9581141810554417	0.7977422347895478	0.6250863944194274
-22.4	0.9581141810554417	0.7977422347895478	0.6250842013208455
-22.0	0.9581141810554417	0.7977422347895478	0.625083104771555
-21.6	0.9581141810554417	0.7977422347895478	0.6250814599476193
-21.2	0.9581141810554417	0.7977422347895478	0.6250798151236827
-20.8	0.9581141810554417	0.7977422347895478	0.6250787185743913
-20.4	0.9581141810554417	0.7977422347895478	0.6250776220251009
-20.0	0.9581141810554417	0.7977422347895478	0.6250765254758113
-19.6	0.9581141810554417	0.7977422347895478	0.6250759772011643
-19.2	0.9581141810554417	0.7977422347895478	0.6250748806518738
-18.8	0.9581141810554417	0.7977422347895478	0.6250737841025833
-18.4	0.9581141810554417	0.7977422347895478	0.6250726875532928
-18.0	0.9581141810554417	0.7977422347895478	0.6250721392786467
-17.6	0.9581141810554417	0.7977422347895478	0.6250715910040014
-17.2	0.9581141810554417	0.7977422347895478	0.6250710427293562
-16.8	0.9581141810554417	0.7977422347895478	0.625070494454711
-16.4	0.9581141810554417	0.7977422347895478	0.6250693979054196
-16.0	0.9581141810554417	0.7977422347895478	0.6250693979054196
-15.6	0.9581141810554417	0.7977422347895478	0.6250688496307744
-15.2	0.9581141810554417	0.7977425991769942	0.6250683013561282
-14.8	0.9581141810554417	0.7977422347895478	0.6250677530814848
-14.4	0.9581141810554417	0.7977425991769942	0.6250677530814848
-14.0	0.9581141810554417	0.7977425991769942	0.6250672048068386
-13.6	0.9581141810554417	0.7977425991769942	0.6250666565321925
-13.2	0.9581141810554417	0.7977425991769942	0.6250666565321925
-12.8	0.9581141810554417	0.7977425991769942	0.6250661082575473
-12.4	0.9581141810554417	0.7977425991769942	0.625065559982902
-12.0	0.9581141810554417	0.7977425991769942	0.6250650117082568
-11.6	0.9581141810554417	0.7977425991769942	0.6250650117082568
-11.2	0.9581141810554417	0.7977425991769942	0.6250650117082568
-10.8	0.9581141810554417	0.7977425991769942	0.6250650117082568
-10.4	0.9581141810554417	0.7977425991769942	0.6250650117082568
-10.0	0.9581141810554417	0.7977425991769942	0.6250650117082568
-9.6	0.9581141810554417	0.7977425991769942	0.6250644634336098
-9.2	0.9581141810554417	0.7977425991769942	0.6250644634336098
-8.8	0.9581141810554417	0.7977425991769942	0.6250644634336098
-8.4	0.9581141810554417	0.7977425991769942	0.6250639151589672
-8.0	0.9581141810554417	0.7977425991769942	0.6250639151589672
-7.6	0.9581141810554417	0.7977425991769942	0.6250639151589672
-7.2	0.9581141810554417	0.7977425991769942	0.6250633668843202
-6.8	0.9581141810554417	0.7977425991769942	0.6250633668843202
-6.4	0.9581141810554417	0.7977425991769942	0.6250633668843202
-6.0	0.9581141810554417	0.7977425991769942	0.6250633668843202
-5.6	0.9581141810554417	0.7977425991769942	0.6250633668843202
-5.2	0.9581141810554417	0.7977425991769942	0.6250628186096749
-4.8	0.9581141810554417	0.7977425991769942	0.6250628186096749
-4.4	0.9581141810554417	0.7977425991769942	0.6250628186096749
-4.0	0.9581141810554417	0.7977425991769942	0.6250628186096749
-3.6	0.9581141810554417	0.7977425991769942	0.6250628186096749
-3.2	0.9581141810554417	0.7977425991769942	0.6250628186096749
-2.8	0.9581141810554417	0.7977425991769942	0.6250628186096749
-2.4	0.9581141810554417	0.7977425991769942	0.6250628186096749
-2.0	0.9581141810554417	0.7977425991769942	0.6250628186096749
-1.6	0.9581141810554417	0.7977425991769942	0.6250628186096749
-1.2	0.9581141810554417	0.7977425991769942	0.6250628186096749
-0.8	0.9581141810554417	0.7977425991769942	0.6250628186096749
-0.4	0.9581141810554417	0.7977425991769942	0.6250628186096749
0.0	0.9581141810554417	0.7977425991769942	0.6250628186096749
0.4	0.9581141810554417	0.7977425991769942	0.6250628186096749
0.8	0.9581141810554417	0.7977425991769942	0.6250628186096749
1.2	0.9581141810554417	0.7977425991769942	0.6250628186096749
1.6	0.9325882731771457	0.7933980076499778	0.619170510995569
2.0	0.843873479541181	0.7751819148019448	0.5953128880756626
2.4	0.7024322818904056	0.7362507599964014	0.5477884418124495
2.8	0.5458070038769351	0.6749895780695705	0.4800968092675131
3.2	0.39772406734057786	0.5921781581573913	0.39859962115142267
3.6	0.2711570215730236	0.49152560007983404	0.3109773828342526
4.0	0.17132258500387848	0.38123572281192697	0.22650224098167548
4.4	0.0983034944876641	0.27310593432806396	0.15596424061514913
4.8	0.04916003282079817	0.1788418169660697	0.1103661573185466
5.2	0.01950614488574446	0.10651564583271389	0.09805382774413651
5.6	0.004595669507025765	0.0593329372966247	0.12151943429258161
6.0	0.0	0.036269762632574754	0.17533341315049356
6.4	0.001970428391404537	0.03330474197876798	0.24544184033234995
6.8	0.007575045034696991	0.044904287569603074	0.3127861408894246
7.2	0.014688064423555941	0.06591741845851384	0.3627515058739563
7.6	0.02189372658355987	0.09332081200022158	0.3916921830313589
8.0	0.028350770343242414	0.12663639186465403	0.4043488290830801
8.4	0.03364886844387128	0.1665309870792746	0.40752635479049104
8.8	0.03767634363262206	0.2125997631907972	0.40615786127557474
9.2	0.04050924737979743	0.26219216591191996	0.40275225331567643
9.6	0.04232533770082475	0.31119826923130045	0.3984164974198592
10.0	0.04334225697962158	0.3558725345842997	0.3937682249761636
10.4	0.0437768026503866	0.39409823529302823	0.3892805970035704
10.8	0.04382111652659886	0.42544903804484857	0.3853058799617477
11.2	0.0436314574530143	0.4505473165987248	0.3820447423709128
11.6	0.04332561052056362	0.47041627090499416	0.37956133236457656
12.0	0.042985653963167406	0.4860998709984554	0.37782467242527495
12.4	0.042663562242194204	0.49851236498288065	0.3767437489618697
12.8	0.0423878493422843	0.5083974676369873	0.37620150533756913
13.2	0.0421700822648452	0.5163367413257101	0.37607320907054564
13.6	0.04201059248040673	0.5227740099591314	0.37624207766132933
14.0	0.04190308016847743	0.5280441456007692	0.37660585788855183
14.4	0.04183805552060373	0.5324011263009738	0.3770828568300493
14.8	0.04180521399754266	0.5360351623069235	0.37761057117624564
15.2	0.04179492120687013	0.5390931017596388	0.3781445906808649
15.6	0.04179900972608181	0.5416864472178107	0.3786564050623449
16.0	0.041811083295859995	0.5439022872811998	0.37912792125738903
16.4	0.041826497980267635	0.5458091267897864	0.3795514634209596
16.8	0.04184215583202051	0.5474608950856825	0.3799245643171538
17.2	0.0418562115070811	0.5489016830499382	0.38024996531919797
17.6	0.04186776048210639	0.5501664718774371	0.38053040780032
18.0	0.04187655121900773	0.55128514133881	0.38077055209500443
18.4	0.04188274346064996	0.5522817410055376	0.380976155087029
18.8	0.04188672053711745	0.5531766765746355	0.38115215124820256
19.2	0.041888954288249444	0.5539874386435453	0.38130183022639663
19.6	0.04188991592059674	0.5547275095477953	0.38143067476806536
20.0	0.04189002375820357	0.5554085496856795	0.38154032969714624
20.4	0.04188961846969933	0.5560403975182591	0.3816346329361542
20.8	0.041888957182442156	0.5566303407944684	0.38171468103438233
21.2	0.041888219337756126	0.5571842097134541	0.3817834895023804
21.6	0.04188751878474316	0.5577063769245765	0.38184215488943796
22.0	0.041886918187912965	0.5582001219148562	0.38189122547020116
22.4	0.041886443187265275	0.5586679953964206	0.38193316848057357
22.8	0.04188609483509504	0.5591114549190559	0.3819685321952022
23.2	0.04188585963542684	0.5595319580325491	0.38199759075140793
23.6	0.04188571705760046	0.559930233511793	0.3820217148358056
24.0	0.0418856447300795	0.560307010131682	0.38204145272304046
24.4	0.04188562169394452	0.5606630166671089	0.38205707855043425
24.8	0.041885630155010865	0.5609989818929679	0.38206996300460094
25.2	0.04188565615950581	0.5613149058092572	0.3820795578108953
25.6	0.041885689562664655	0.561611517190872	0.38208750779325396
26.0	0.041885723585826894	0.5618895448127046	0.38209326467703075
26.4	0.04188575418137185	0.5621500818370966	0.38209765087419356
26.8	0.04188577935564246	0.5623934926514922	0.38210039224742065
27.2	0.04188579854266422	0.5626197772558932	0.3821028594833251
27.6	0.04188581207746908	0.5628307575875335	0.3821042301699382
28.0	0.04188582078657159	0.5630267980338588	0.38210477844458346
28.4	0.04188582569284101	0.5632089917572092	0.38210477844458346
28.8	0.04188582782040343	0.5633777031450329	0.38210477844458346
29.2	0.04188582807999494	0.5635336609722201	0.3821042301699382
29.6	0.04188582721430925	0.5636779584011138	0.38210340775797036
30.0	0.04188582578464762	0.5638116885940536	0.3821028594833251
30.4	0.041885824183297664	0.5639344871635914	0.38210203707135726
30.8	0.04188582265963342	0.5640481760469624	0.3821009405220659
31.2	0.04188582135136015	0.564152755244165	0.38210039224742065
31.6	0.0418858203152968	0.564249317917541	0.38209902156080755
32.0	0.041885819554456694	0.564338228454536	0.3820984732861614
32.4	0.04188581903993779	0.5644198512425969	0.38209765087419356
32.8	0.0418858187273271	0.5644952794440643	0.3820968284622248
33.2	0.04188581856805733	0.5645641486714905	0.3820957319129352
33.6	0.04188581851653521	0.5646279164746635	0.3820951836382891
34.0	0.04188581853399386	0.564686218466135	0.38209436122632123
34.4	0.0418858185899931	0.5647397834208006	0.382093812951676
34.8	0.04188581866237206	0.5647889757261053	0.38209326467703075
35.2	0.041885818736298756	0.564834524156943	0.38209299053970813
35.6	0.04188581880289552	0.5648756999384199	0.3820924422650629
36.0	0.04188581885776873	0.5649139606203235	0.38209189399041676
36.4	0.04188581889964613	0.564948577427761	0.3820913457157715
36.8	0.04188581892922926	0.5649806435230702	0.3820910715784489
37.2	0.04188581894829994	0.5650097945188062	0.3820910715784489
37.6	0.041885818959075415	0.5650363948024153	0.38209052330380366
38.0	0.04188581896378148	0.5650608087613445	0.38209052330380366
38.4	0.04188581896440085	0.5650830363955932	0.38209052330380366
38.8	0.04188581896255263	0.5651034420926089	0.3820899750291584
39.2	0.041885818959462105	0.5651216614649441	0.3820899750291584
39.6	0.041885818955986844	0.565138423287491	0.3820894267545123
40.0	0.041885818952673064	0.565153727560253	0.3820894267545123
40.4	0.041885818949823336	0.565167209895781	0.3820894267545123
40.8	0.04188581894756354	0.5651795990689688	0.3820894267545123
41.2	0.04188581894590182	0.5651908950798159	0.3820894267545123
41.6	0.041885818944776304	0.5652007335408773	0.3820891526171897
42.0	0.04188581894409092	0.5652094788395985	0.3820891526171897
42.4	0.04188581894374024	0.5652174953634259	0.3820891526171897
42.8	0.04188581894362508	0.5652247831123596	0.3820891526171897
43.2	0.04188581894366099	0.565230613311507	0.3820894267545123
43.6	0.04188581894378156	0.5652360791232076	0.3820894267545123
44.0	0.04188581894393838	0.5652408161600153	0.3820891526171897
44.4	0.041885818944099	0.5652444600344815	0.3820891526171897
44.8	0.04188581894424396	0.5652477395215021	0.3820894267545123
45.2	0.041885818944363565	0.5652506546210754	0.3820894267545123
45.6	0.041885818944454964	0.5652528409457558	0.3820894267545123
46.0	0.04188581894451962	0.5652542984955424	0.3820894267545123
46.4	0.04188581894456138	0.56525575604533	0.3820894267545123
46.8	0.04188581894458505	0.5652568492076693	0.3820894267545123
47.2	0.04188581894459545	0.5652572135951162	0.3820899750291584
47.6	0.04188581894459692	0.5652575779825635	0.3820899750291584
48.0	0.04188581894459297	0.5652572135951162	0.3820899750291584
48.4	0.041885818944586296	0.5652568492076693	0.38209052330380366
48.8	0.041885818944578754	0.5652564848202228	0.3820899750291584
49.2	0.041885818944571544	0.5652553916578826	0.38209052330380366
49.6	0.04188581894456534	0.5652542984955424	0.38209052330380366
50.0	0.04188581894456041	0.5652532053332022	0.38209052330380366
50.4	0.04188581894455678	0.5652513833959687	0.38209052330380366
50.8	0.041885818944554315	0.5652495614587356	0.38209052330380366
51.2	0.041885818944552816	0.5652481039089485	0.3820910715784489
51.6	0.041885818944552046	0.565246281971715	0.3820910715784489
52.0	0.04188581894455179	0.565244095647035	0.3820910715784489
52.4	0.04188581894455186	0.5652419093223546	0.3820910715784489
52.8	0.04188581894455212	0.5652400873851211	0.3820910715784489
53.2	0.04188581894455246	0.5652379010604411	0.3820910715784489
53.6	0.04188581894455281	0.5652357147357607	0.3820910715784489
54.0	0.04188581894455312	0.5652331640236339	0.3820913457157715
54.4	0.041885818944553385	0.5652309776989535	0.3820913457157715
54.8	0.041885818944553586	0.5652284269868275	0.3820913457157715
55.2	0.041885818944553725	0.5652262406621467	0.3820913457157715
55.6	0.041885818944553815	0.5652236899500198	0.3820913457157715
56.0	0.04188581894455387	0.5652211392378925	0.3820913457157715
56.4	0.04188581894455389	0.5652189529132126	0.3820913457157715
56.8	0.04188581894455389	0.5652167665885321	0.3820913457157715
57.2	0.041885818944553885	0.5652145802638522	0.3820913457157715
57.6	0.04188581894455387	0.5652120295517253	0.38209189399041676
58.0	0.04188581894455386	0.5652098432270449	0.38209189399041676
58.4	0.04188581894455384	0.565207656902365	0.38209189399041676
58.8	0.04188581894455383	0.5652054705776846	0.38209189399041676
59.2	0.041885818944553815	0.5652029198655577	0.38209189399041676
59.6	0.04188581894455381	0.5652010979283242	0.38209189399041676
60.0	0.0418858189445538	0.5651989116036438	0.38209189399041676
60.4	0.0418858189445538	0.5651967252789643	0.38209189399041676
60.8	0.041885818944553795	0.5651945389542834	0.38209189399041676
61.2	0.041885818944553795	0.5651927170170499	0.38209189399041676
61.6	0.041885818944553795	0.5651908950798159	0.38209189399041676
62.0	0.041885818944553795	0.5651890731425828	0.3820924422650629
62.4	0.0418858189445538	0.5651872512053493	0.3820924422650629
62.8	0.0418858189445538	0.5651854292681162	0.3820924422650629
63.2	0.0418858189445538	0.5651836073308827	0.3820924422650629
63.6	0.0418858189445538	0.5651821497810956	0.3820924422650629
64.0	0.0418858189445538	0.5651803278438621	0.3820924422650629
64.4	0.0418858189445538	0.5651785059066285	0.3820924422650629
64.8	0.0418858189445538	0.5651770483568419	0.3820924422650629
65.2	0.0418858189445538	0.5651759551945017	0.3820924422650629
65.6	0.0418858189445538	0.5651744976447151	0.3820924422650629
66.0	0.0418858189445538	0.565173040094928	0.38209299053970813
66.4	0.0418858189445538	0.5651715825451413	0.3820924422650629
66.8	0.0418858189445538	0.5651701249953547	0.3820924422650629
67.2	0.0418858189445538	0.5651690318330145	0.38209299053970813
67.6	0.0418858189445538	0.5651675742832283	0.38209299053970813
68.0	0.0418858189445538	0.5651661167334407	0.38209299053970813
68.4	0.0418858189445538	0.5651653879585474	0.38209299053970813
68.8	0.0418858189445538	0.5651639304087608	0.38209299053970813
69.2	0.0418858189445538	0.5651632016338675	0.38209299053970813
69.6	0.0418858189445538	0.5651621084715273	0.38209299053970813
70.0	0.0418858189445538	0.565161015309187	0.38209299053970813
70.4	0.0418858189445538	0.5651599221468468	0.38209299053970813
70.8	0.0418858189445538	0.5651591933719544	0.38209299053970813
71.2	0.0418858189445538	0.5651581002096133	0.38209299053970813
71.6	0.0418858189445538	0.56515737143472	0.38209299053970813
72.0	0.0418858189445538	0.5651566426598267	0.38209299053970813
72.4	0.0418858189445538	0.5651559138849325	0.38209299053970813
72.8	0.0418858189445538	0.56515518511004	0.38209299053970813
73.2	0.0418858189445538	0.5651544563351463	0.38209299053970813
73.6	0.0418858189445538	0.565153727560253	0.38209299053970813
74.0	0.0418858189445538	0.5651529987853596	0.38209299053970813
74.4	0.0418858189445538	0.5651522700104663	0.38209299053970813
74.8	0.0418858189445538	0.565151541235573	0.38209299053970813
75.2	0.0418858189445538	0.5651508124606792	0.38209299053970813
75.6	0.0418858189445538	0.5651504480732328	0.38209299053970813
76.0	0.0418858189445538	0.5651497192983395	0.38209299053970813
76.4	0.0418858189445538	0.5651493549108926	0.38209299053970813
76.8	0.0418858189445538	0.5651489905234457	0.38209299053970813
77.2	0.0418858189445538	0.5651482617485524	0.38209299053970813
77.6	0.0418858189445538	0.5651478973611059	0.38209299053970813
78.0	0.0418858189445538	0.5651475329736599	0.38209299053970813
78.4	0.0418858189445538	0.5651468041987657	0.38209299053970813
78.8	0.0418858189445538	0.5651464398113188	0.38209299053970813
79.2	0.0418858189445538	0.5651460754238724	0.38209299053970813
79.6	0.0418858189445538	0.5651457110364255	0.38209299053970813
80.0	0.0418858189445538	0.5651453466489791	0.38209299053970813
80.4	0.0418858189445538	0.5651449822615331	0.38209299053970813
80.8	0.0418858189445538	0.5651446178740853	0.38209326467703075
