Time	ABP	LCBFV	RCBFV
-78.0	0.06741172682284972	0.06020632586771324	0.1170463491290814
-77.6	0.15612652045881448	0.08230874554900813	0.17948942637534548
-77.2	0.2975677181095899	0.1300606955482646	0.2939559903316269
-76.8	0.4541929961230602	0.24879125183782902	0.4922201601403495
-76.4	0.6022759326594176	0.4768249918461325	0.7112175919144876
-76.0	0.728842978426972	0.6982902353290559	0.8329624652744778
-75.6	0.8286774149961178	0.7996401656982881	0.8622197958877775
-75.2	0.9016965055123313	0.8254882390841916	0.8485664466229643
-74.8	0.9508399671791976	0.8193676355414787	0.8305693386470185
-74.4	0.9804938551142541	0.79784607144189	0.817616023277723
-74.0	0.9954043304929681	0.7685813276926279	0.8085478422625068
-73.6	1.0	0.7374205156611473	0.802829285801117
-73.2	0.9980295716085953	0.7088987770046131	0.8064816131838013
-72.8	0.9924249549652986	0.6853006181672017	0.8088768904530284
-72.4	0.9853119355764359	0.6667593620801986	0.807747803524772
-72.0	0.9781062734164401	0.6523312985894552	0.8023953938244022
-71.6	0.9716492296567552	0.6409826344791445	0.7961768131519271
-71.2	0.9663511315561246	0.6319836969496664	0.7847827130645051
-70.8	0.9623236563673749	0.624875062386459	0.7704519116427386
-70.4	0.9594907526201965	0.6193252251225441	0.753356997888516
-70.0	0.9576746622991714	0.615039793712354	0.7364072524536374
-69.6	0.9566577430203744	0.6117416726581655	0.7172988003440253
-69.2	0.9562231973496089	0.6091861963644583	0.6990266790519843
-68.8	0.9561788834733969	0.6071741010987979	0.6808897793611131
-68.4	0.9563685425469809	0.6055576506400304	0.6648279801462422
-68.0	0.9566743894794315	0.6042305469753764	0.6488702182269046
-67.6	0.9570143460368283	0.6031203633232463	0.6352316546242456
-67.2	0.9573364377578013	0.6021773738335905	0.6223917856082162
-66.8	0.9576121506577112	0.6013680676074671	0.6116119625758119
-66.4	0.9578299177351507	0.6006679420520982	0.6012450627628834
-66.0	0.957989407519589	0.6000589805551497	0.5927645446108025
-65.6	0.958096919831518	0.5995292921524769	0.5846931860551052
-65.2	0.9581619444793907	0.5990669858799405	0.578017862837128
-64.8	0.9581947860024498	0.5986644947603597	0.5715296454529764
-64.4	0.9582050787931264	0.5983142518165514	0.566238260212776
-64.0	0.9582009902739096	0.5980101314003234	0.561042040870813
-63.6	0.958188916704134	0.5977456475312342	0.5567251651817839
-63.2	0.9581735020197326	0.5975161158900764	0.5524507646676762
-62.8	0.9581578441679759	0.5973164918253957	0.548919410884448
-62.4	0.958143788492917	0.5971424513502326	0.5453899389127654
-62.0	0.9581322395178903	0.5969903911421182	0.5424473233135565
-61.6	0.9581234487809865	0.5968574285430797	0.5395256764715857
-61.2	0.9581172565393483	0.5967399602306505	0.5371096992753408
-60.8	0.9581132794628786	0.59663690520809	0.5347192609500917
-60.4	0.9581110457117459	0.5965450204851774	0.5327632522620007
-60.0	0.9581100840793987	0.5964632250651727	0.5308677303736369
-59.6	0.9581099762417915	0.5963900776190898	0.5293585175128692
-59.2	0.9581103815302958	0.5963244971501873	0.5279291472277432
-58.8	0.9581110428175537	0.5962654026617251	0.52684844973927
-58.4	0.9581117806622393	0.596212073489212	0.5258744778485394
-58.0	0.9581124812152524	0.5961634286359052	0.5252153061466149
-57.6	0.9581130818120823	0.596119468101806	0.5246765703837051
-57.2	0.9581135568127304	0.596079110890174	0.5244257517874997
-56.8	0.9581139051649005	0.5960427173332556	0.5243055846787072
-56.4	0.9581141403645693	0.5960092064343119	0.524443494582087
-56.0	0.9581142829423992	0.5959785781933404	0.5247142066146475
-55.6	0.9581143552699152	0.5959504722780964	0.5252163814674997
-55.2	0.9581143783060494	0.595924528356333	0.5258467883357749
-54.8	0.9581143698449829	0.5959007464280495	0.5266788178698105
-54.4	0.9581143438404887	0.5958791264932475	0.5276299391917556
-54.0	0.9581143104373315	0.5958585875551838	0.528753918345811
-53.6	0.9581142764141715	0.5958402106106013	0.5299822036256199
-53.2	0.9581142458186219	0.5958229146627589	0.5313540442434501
-52.8	0.9581142206443499	0.5958070600439034	0.5328127170226669
-52.4	0.9581142014573277	0.5957919260895417	0.5343859114760363
-52.0	0.9581141879225274	0.5957782334641664	0.5360247005033321
-51.6	0.958114179213424	0.5957652615032845	0.5377495152013525
-51.2	0.958114174307155	0.5957533705391431	0.5395189557160602
-50.8	0.958114172179592	0.5957422002394948	0.541345388237624
-50.4	0.9581141719200008	0.5957317506043398	0.5431944024977522
-50.0	0.9581141727856862	0.595721661301432	0.5450737945728541
-49.6	0.958114174215348	0.5957126529952648	0.5469534554781781
-49.2	0.958114175816698	0.5957043653535896	0.5488363423461537
-48.8	0.9581141773403621	0.5956964380441621	0.5506993357777752
-48.4	0.9581141786486354	0.5956888710669808	0.5525424357730406
-48.0	0.9581141796846981	0.5956816644220466	0.5543444047444916
-47.6	0.9581141804455386	0.5956748181093596	0.5561038985410223
-47.2	0.9581141809600576	0.5956686924611647	0.5578042496889308
-46.8	0.9581141812726701	0.5956625668129711	0.5594433075464469
-46.4	0.9581141814319384	0.5956571618292696	0.5610057487909756
-46.0	0.9581141814834578	0.5956521171778157	0.5624896916109687
-45.6	0.9581141814660036	0.5956470725263618	0.5638841139673643
-45.2	0.9581141814100037	0.5956420278749079	0.5651865963881724
-44.8	0.9581141813376217	0.5956380642201937	0.5663888051365431
-44.4	0.9581141812637005	0.5956337402332328	0.5674893960613705
-44.0	0.9581141811970996	0.5956297765785195	0.5684816484071291
-43.6	0.9581141811422268	0.5956258129238057	0.5693666374947046
-43.2	0.9581141811003462	0.5956225699335853	0.5701395243801182
-42.8	0.9581141810707701	0.5956189666111178	0.5708029973655782
-42.4	0.9581141810516962	0.5956160839531441	0.5713551746395389
-42.0	0.9581141810409202	0.5956128409629238	0.571797938013547
-41.6	0.9581141810362146	0.5956103186371968	0.5721331692991507
-41.2	0.9581141810355953	0.5956074359792232	0.572365438610106
-40.8	0.9581141810374432	0.5956049136534962	0.5724960900975189
-40.4	0.9581141810405337	0.5956023913277697	0.572531844516913
-40.0	0.9581141810440088	0.5955998690020419	0.5724761966611638
-39.6	0.9581141810473229	0.5955977070085616	0.572335867285795
-39.2	0.9581141810501724	0.5955955450150814	0.572116232995227
-38.8	0.958114181052432	0.5955937433538478	0.5718237457147657
-38.4	0.958114181054094	0.5955915813603676	0.5714656638603755
-38.0	0.9581141810552191	0.5955901400313808	0.5710489770178047
-37.6	0.958114181055909	0.5955883383701477	0.5705801371123584
-37.2	0.958114181056257	0.5955865367089137	0.5700666713902232
-36.8	0.9581141810563671	0.5955850953799273	0.5695155694371463
-36.4	0.9581141810563303	0.59558365405094	0.5689338208388746
-36.0	0.9581141810562113	0.5955822127219528	0.5683270710300468
-35.6	0.9581141810560556	0.595580771392966	0.567703384917297
-35.2	0.9581141810558998	0.5955796903962258	0.5670678702748218
-34.8	0.9581141810557531	0.595578249067239	0.5664269790279262
-34.4	0.9581141810556342	0.5955771680704989	0.5657852812903679
-34.0	0.9581141810555424	0.5955760870737588	0.5651486913270096
-33.6	0.9581141810554785	0.5955746457447719	0.5645209727609437
-33.2	0.9581141810554344	0.5955739250802785	0.5639077710268126
-32.8	0.9581141810554105	0.5955732044157851	0.5633117744268263
-32.4	0.9581141810554005	0.595572123419045	0.5627372842445215
-32.0	0.9581141810553986	0.5955714027545516	0.5621864511216659
-31.6	0.9581141810554022	0.5955703217578119	0.5616625010209111
-31.2	0.9581141810554096	0.595569601093318	0.5611675845840267
-30.8	0.9581141810554169	0.5955688804288246	0.5607030459621143
-30.4	0.9581141810554241	0.5955681597643312	0.5602710357969478
-30.0	0.9581141810554298	0.5955674390998378	0.5598723605791847
-29.6	0.9581141810554351	0.5955667184353444	0.5595080956297114
-29.2	0.9581141810554389	0.595565997770851	0.5591785097787492
-28.8	0.9581141810554417	0.595565277106358	0.5588833341960777
-28.4	0.9581141810554417	0.5955645564418641	0.5586239130327995
-28.0	0.9581141810554417	0.5955641961096174	0.558398902137812
-27.6	0.9581141810554417	0.5955638357773707	0.5582083015111134
-27.2	0.9581141810554417	0.5955631151128769	0.5580504981713785
-26.8	0.9581141810554417	0.5955623944483834	0.5579260297790496
-26.4	0.9581141810554417	0.5955623944483834	0.5578319392016953
-26.0	0.9581141810554417	0.5955620341161363	0.5577690329299783
-25.6	0.9581141810554417	0.5955613134516433	0.5577343538314672
-25.2	0.9581141810554417	0.5955609531193966	0.5577276330759418
-24.8	0.9581141810554417	0.5955605927871499	0.5577456447007494
-24.4	0.9581141810554417	0.5955602324549032	0.5577891951965546
-24.0	0.9581141810554417	0.5955598721226565	0.5578534456193758
-23.6	0.9581141810554417	0.5955595117904098	0.5579397401203208
-23.2	0.9581141810554417	0.5955591514581631	0.5580437774158531
-22.8	0.9581141810554417	0.5955587911259164	0.5581652886757515
-22.4	0.9581141810554417	0.5955584307936697	0.5583015855978051
-22.0	0.9581141810554417	0.5955584307936697	0.5584513240309095
-21.6	0.9581141810554417	0.595558070461423	0.5586120845030758
-21.2	0.9581141810554417	0.5955577101291762	0.5587827916934192
-20.8	0.9581141810554417	0.5955573497969295	0.5589610261299507
-20.4	0.9581141810554417	0.5955569894646837	0.5591451748313441
-20.0	0.9581141810554417	0.5955569894646837	0.5593338936464951
-19.6	0.9581141810554417	0.5955569894646837	0.5595247631034148
-19.2	0.9581141810554417	0.5955566291324361	0.5597175143718811
-18.8	0.9581141810554417	0.5955562688001903	0.5599094591496847
-18.4	0.9581141810554417	0.5955562688001903	0.5601003286066044
-18.0	0.9581141810554417	0.5955559084679427	0.5602877032706504
-17.6	0.9581141810554417	0.595555548135696	0.5604713143116022
-17.2	0.9581141810554417	0.595555548135696	0.5606490110876914
-16.8	0.9581141810554417	0.595555548135696	0.5608213312593611
-16.4	0.9581141810554417	0.5955551878034493	0.5609858553546205
-16.0	0.9581141810554417	0.5955551878034493	0.5611425833734716
-15.6	0.9581141810554417	0.5955548274712026	0.5612904399950294
-15.2	0.9581141810554417	0.5955548274712026	0.5614291563890719
-14.8	0.9581141810554417	0.5955544671389559	0.5615584637253797
-14.4	0.9581141810554417	0.5955544671389559	0.561677286683067
-14.0	0.9581141810554417	0.5955541068067092	0.5617853564319137
-13.6	0.9581141810554417	0.5955541068067092	0.561883210632363
-13.2	0.9581141810554417	0.5955541068067092	0.5619705804541919
-12.8	0.9581141810554417	0.5955541068067092	0.5620466594067386
-12.4	0.9581141810554417	0.5955541068067092	0.5621119851504455
-12.0	0.9581141810554417	0.5955537464744625	0.562166826515532
-11.6	0.9581141810554417	0.5955537464744625	0.5622117211624404
-11.2	0.9581141810554417	0.5955537464744625	0.5622466690911727
-10.8	0.9581141810554417	0.5955533861422158	0.5622708638110634
-10.4	0.9581141810554417	0.5955533861422158	0.5622861871336617
-10.0	0.9581141810554417	0.5955533861422158	0.5622929078891863
-9.6	0.9581141810554417	0.5955533861422158	0.5622907572474185
-9.2	0.9581141810554417	0.5955533861422158	0.5622808105292414
-8.8	0.9581141810554417	0.5955530258099695	0.5622633365648753
-8.4	0.9581141810554417	0.5955530258099695	0.5622388730147634
-8.0	0.9581141810554417	0.5955530258099695	0.56220876403001
-7.6	0.9581141810554417	0.5955530258099695	0.5621727407803938
-7.2	0.9581141810554417	0.5955530258099695	0.562131072096137
-6.8	0.9581141810554417	0.5955530258099695	0.5620859086190064
-6.4	0.9581141810554417	0.5955526654777223	0.5620361750281191
-6.0	0.9581141810554417	0.5955526654777223	0.5619837531350216
-5.6	0.9581141810554417	0.5955526654777223	0.5619283741094927
-5.2	0.9581141810554417	0.5955526654777223	0.5618713821026384
-4.8	0.9581141810554417	0.5955526654777223	0.5618125082842367
-4.4	0.9581141810554417	0.5955526654777223	0.561752559144951
-4.0	0.9581141810554417	0.5955526654777223	0.5616923411754442
-3.6	0.9581141810554417	0.5955526654777223	0.5616318543757153
-3.2	0.9581141810554417	0.5955526654777223	0.5615719052364296
-2.8	0.9581141810554417	0.5955526654777223	0.5615130314180279
-2.4	0.9581141810554417	0.5955526654777223	0.5614549640902888
-2.0	0.9581141810554417	0.5955526654777223	0.5613987785740973
-1.6	0.9581141810554417	0.5955526654777223	0.5613444748694523
-1.2	0.9581141810554417	0.5955526654777223	0.561292321806576
-0.8	0.9581141810554417	0.5955526654777223	0.5612428570459098
-0.4	0.9581141810554417	0.5955523051454756	0.561196080587453
0.0	0.9581141810554417	0.5955523051454756	0.5611522612614275
0.4	0.9581141810554417	0.5955519448132289	0.5611111302376139
0.8	0.9581141810554417	0.5955519448132289	0.5610734940066715
1.2	0.9581141810554417	0.5955519448132289	0.5610390837383816
1.6	0.9325882731771457	0.5869252304946082	0.5319129422729363
2.0	0.843873479541181	0.5495130143148574	0.43988913165749377
2.4	0.7024322818904056	0.4689755141836778	0.31720039539152634
2.8	0.5458070038769351	0.35134505224333745	0.22515561601884482
3.2	0.39772406734057786	0.22435135687208962	0.16981852800461983
3.6	0.2711570215730236	0.12197664159319865	0.1348192527007006
4.0	0.17132258500387848	0.060457117111427205	0.119907240341103
4.4	0.0983034944876641	0.03459390977116117	0.11909752371541149
4.8	0.04916003282079817	0.03108139103017704	0.12344961616339312
5.2	0.01950614488574446	0.03914238372145329	0.13180351528137546
5.6	0.004595669507025765	0.05307030605375607	0.14654939056438732
6.0	0.0	0.07075144906784825	0.16726571622587905
6.4	0.001970428391404537	0.0917134171882874	0.1920819715880424
6.8	0.007575045034696991	0.11584558841533177	0.2197257832148214
7.2	0.014688064423555941	0.14277682053486274	0.24916000411354755
7.6	0.02189372658355987	0.17169024034357694	0.2791068842437463
8.0	0.028350770343242414	0.20141152504942816	0.30841179780616557
8.4	0.03364886844387128	0.2306582521863545	0.336320676030863
8.8	0.03767634363262206	0.2583090678025779	0.36240554120598745
9.2	0.04050924737979743	0.2835762856067756	0.3864376188134546
9.6	0.04232533770082475	0.30605128883117416	0.4083225494456908
10.0	0.04334225697962158	0.3256468770720673	0.4280511928751807
10.4	0.0437768026503866	0.34249637326074023	0.44565419574712006
10.8	0.04382111652659886	0.3568588562825812	0.46117672153863776
11.2	0.0436314574530143	0.3690449325342593	0.47467199863349663
11.6	0.04332561052056362	0.37936809107041736	0.4862042774545179
12.0	0.042985653963167406	0.38811803901741504	0.4958531317471202
12.4	0.042663562242194204	0.3955484502769395	0.5037223299766165
12.8	0.0423878493422843	0.4018730018712926	0.5099398353282076
13.2	0.0421700822648452	0.4072657342756405	0.5146602251789778
13.6	0.04201059248040673	0.4118657357372131	0.5180598521539093
14.0	0.04190308016847743	0.41578290759126	0.5203320051819116
14.4	0.04183805552060373	0.4191030089124981	0.5216748121358723
14.8	0.04180521399754266	0.421894863160051	0.5222842502469094
15.2	0.04179492120687013	0.4242136011676667	0.5223439305559738
15.6	0.04179900972608181	0.42610642645966434	0.5220205278000956
16.0	0.041811083295859995	0.4276144169121694	0.521454909015084
16.4	0.041826497980267635	0.42877576774333415	0.5207645530075222
16.8	0.04184215583202051	0.42962507084884294	0.5200411308827766
17.2	0.0418562115070811	0.43019511646314745	0.519350774875214
17.6	0.04186776048210639	0.4305165328272178	0.5187389172921879
18.0	0.04187655121900773	0.4306163448595579	0.5182340541371255
18.4	0.04188274346064996	0.4305219378109184	0.5178482827699717
18.8	0.04188672053711745	0.430256372945089	0.517583485002274
19.2	0.041888954288249444	0.429841990861366	0.5174348218900535
19.6	0.04188991592059674	0.429299330497813	0.5173893895827026
20.0	0.04189002375820357	0.4286474894635033	0.5174334777389484
20.4	0.04188961846969933	0.4279055653675159	0.5175501500548689
20.8	0.041888957182442156	0.4270897731609513	0.5177238143776428
21.2	0.041888219337756126	0.4262163277949127	0.5179388785544532
21.6	0.04188751878474316	0.4252996425592679	0.5181805569231441
22.0	0.041886918187912965	0.4243534100793922	0.5184375586144325
22.4	0.041886443187265275	0.42338988165167546	0.5186993992496998
22.8	0.04188609483509504	0.42241950691126906	0.5189577450920932
23.2	0.04188585963542684	0.42145201482883765	0.5192058753860884
23.6	0.04188571705760046	0.42049569304605416	0.5194400265085903
24.0	0.0418856447300795	0.41955666721111307	0.5196564348365058
24.4	0.04188562169394452	0.41864034230771496	0.5198532185582883
24.8	0.041885630155010865	0.4177517629873142	0.5200311841645986
25.2	0.04188565615950581	0.416893811907884	0.5201889875043326
25.6	0.041885689562664655	0.41606937172739844	0.520328779219259
26.0	0.041885723585826894	0.41527988377484437	0.5204513658000423
26.4	0.04188575418137185	0.4145264290469619	0.5205580913977839
26.8	0.04188577935564246	0.41380972820824447	0.5206505689938128
27.2	0.04188579854266422	0.4131297812586916	0.5207317557205577
27.6	0.04188581207746908	0.4124858675338108	0.5208021892384638
28.0	0.04188582078657159	0.41187798703360157	0.5208637513590757
28.4	0.04188582569284101	0.4113046984290767	0.5209180550637198
28.8	0.04188582782040343	0.41076528105574317	0.5209661756732817
29.2	0.04188582807999494	0.4102582935846142	0.521009726169086
29.6	0.04188582721430925	0.4097826550189496	0.5210492442115751
30.0	0.04188582578464762	0.4093369240297622	0.5210855362914115
30.4	0.041885824183297664	0.4089192989558188	0.5211188712388175
30.8	0.04188582265963342	0.4085290591326256	0.521150324374676
31.2	0.04188582135136015	0.4081644028989495	0.521179895698987
31.6	0.0418858203152968	0.40782352859355697	0.5212081228721939
32.0	0.041885819554456694	0.40750607588419996	0.5212347370640744
32.4	0.04188581903993779	0.40720988277740044	0.5212605447652914
32.8	0.0418858187273271	0.4069338682764152	0.5212847394851821
33.2	0.04188581856805733	0.4066769513845072	0.5213075900539694
33.6	0.04188581851653521	0.4064376907726879	0.5213301717925338
34.0	0.04188581853399386	0.4062153657764642	0.5213511405497719
34.4	0.0418858185899931	0.4060085350668494	0.5213710339861279
34.8	0.04188581866237206	0.40581647797935005	0.521389583271378
35.2	0.041885818736298756	0.40563775318497974	0.5214078637264068
35.6	0.04188581880289552	0.40547200035148956	0.5214245312001093
36.0	0.04188581885776873	0.4053181384821416	0.5214406610133704
36.4	0.04188581889964613	0.4051754469124429	0.5214554466755255
36.8	0.04188581892922926	0.40504284464565155	0.5214694258470187
37.2	0.04188581894829994	0.4049199713495213	0.5214823296976272
37.6	0.041885818959075415	0.40480610635955916	0.5214946958877942
38.0	0.04188581896378148	0.4047005290112713	0.5215059867570764
38.4	0.04188581896440085	0.4046025186401647	0.5215164711356959
38.8	0.04188581896255263	0.4045117149139932	0.5215261490236527
39.2	0.041885818959462105	0.40442775750050775	0.5215355580813883
39.6	0.041885818955986844	0.4043499257352172	0.5215436229880179
40.0	0.041885818952673064	0.40427785928587445	0.5215519567248696
40.4	0.041885818949823336	0.40421119782023096	0.5215589463106154
40.8	0.04188581894756354	0.40414958100604315	0.5215662047265832
41.2	0.04188581894590182	0.4040922881788154	0.5215723878216671
41.6	0.041885818944776304	0.4040393193385481	0.5215780332563078
42.0	0.04188581894409092	0.4039903141529946	0.5215836786909493
42.4	0.04188581894374024	0.4039452726221553	0.5215885176349273
42.8	0.04188581894362508	0.4039034740815364	0.5215933565789053
43.2	0.04188581894366099	0.4038645581988911	0.5215976578624426
43.6	0.04188581894378156	0.4038288853064662	0.5216019591459773
44.0	0.04188581894393838	0.40379573473976826	0.5216057227690722
44.4	0.041885818944099	0.40376510649879727	0.5216089487317239
44.8	0.04188581894424396	0.40373664025130696	0.5216124435245977
45.2	0.041885818944363565	0.40371033599729733	0.5216156694872494
45.6	0.041885818944454964	0.4036865540690142	0.5216186266196807
46.0	0.04188581894451962	0.40366385313747033	0.5216213149218909
46.4	0.04188581894456138	0.4036433141994076	0.5216237343938799
46.8	0.04188581894458505	0.40362457692257836	0.5216261538658689
47.2	0.04188581894459545	0.403606560310243	0.5216280356774163
47.6	0.04188581894459692	0.4035903453591403	0.5216299174889629
48.0	0.04188581894459297	0.40357521140477814	0.5216323369609528
48.4	0.041885818944586296	0.40356151877940327	0.5216339499422782
48.8	0.041885818944578754	0.40354854681852137	0.5216358317538257
49.2	0.041885818944571544	0.40353665585437914	0.5216371759049307
49.6	0.04188581894456534	0.4035258458869788	0.5216385200560358
50.0	0.04188581894456041	0.40351575658407013	0.5216401330373621
50.4	0.04188581894455678	0.40350602761340904	0.5216409395280248
50.8	0.041885818944554315	0.4034977399717343	0.5216425525093511
51.2	0.041885818944552816	0.40348981266230677	0.5216433590000138
51.6	0.041885818944552046	0.40348224568512636	0.5216444343208977
52.0	0.04188581894455179	0.40347575970468474	0.5216452408115613
52.4	0.04188581894455186	0.403469273724244	0.5216463161324452
52.8	0.04188581894455212	0.40346350840829626	0.5216471226231079
53.2	0.04188581894455246	0.40345810342459565	0.5216476602835503
53.6	0.04188581894455281	0.40345305877314175	0.5216487356044341
54.0	0.04188581894455312	0.40344873478618126	0.5216490044346553
54.4	0.041885818944553385	0.4034444107992199	0.5216495420950977
54.8	0.041885818944553586	0.40344044714450655	0.5216500797555392
55.2	0.041885818944553725	0.4034368438220395	0.5216506174159816
55.6	0.041885818944553815	0.40343360083181956	0.5216508862462019
56.0	0.04188581894455387	0.40343071817384546	0.5216514239066443
56.4	0.04188581894455389	0.40342783551587225	0.5216519615670867
56.8	0.04188581894455389	0.4034249528578977	0.5216524992275282
57.2	0.041885818944553885	0.40342279086441746	0.5216530368879706
57.6	0.04188581894455387	0.4034206288709372	0.5216533057181918
58.0	0.04188581894455386	0.4034188272097041	0.5216533057181918
58.4	0.04188581894455384	0.40341666521622344	0.5216538433786333
58.8	0.04188581894455383	0.4034148635549899	0.5216543810390757
59.2	0.041885818944553815	0.40341306189375636	0.5216543810390757
59.6	0.04188581894455381	0.40341162056476954	0.5216543810390757
60.0	0.0418858189445538	0.4034101792357827	0.5216549186995172
60.4	0.0418858189445538	0.40340909823904214	0.5216549186995172
60.8	0.041885818944553795	0.403408017242302	0.5216551875297384
61.2	0.041885818944553795	0.4034069362455619	0.5216551875297384
61.6	0.041885818944553795	0.4034058552488218	0.5216551875297384
62.0	0.041885818944553795	0.40340513458432836	0.5216557251901808
62.4	0.0418858189445538	0.40340405358758824	0.5216557251901808
62.8	0.0418858189445538	0.4034033329230948	0.5216557251901808
63.2	0.0418858189445538	0.4034026122586014	0.5216562628506223
63.6	0.0418858189445538	0.403401891594108	0.5216562628506223
64.0	0.0418858189445538	0.4034011709296146	0.5216562628506223
64.4	0.0418858189445538	0.4034008105973679	0.5216562628506223
64.8	0.0418858189445538	0.40340045026512117	0.5216562628506223
65.2	0.0418858189445538	0.40339972960062775	0.5216568005110647
65.6	0.0418858189445538	0.40339936926838105	0.5216568005110647
66.0	0.0418858189445538	0.40339900893613434	0.5216568005110647
66.4	0.0418858189445538	0.40339864860388763	0.5216568005110647
66.8	0.0418858189445538	0.40339828827164004	0.5216568005110647
67.2	0.0418858189445538	0.4033979279393942	0.5216568005110647
67.6	0.0418858189445538	0.4033975676071475	0.5216573381715071
68.0	0.0418858189445538	0.4033975676071475	0.5216573381715071
68.4	0.0418858189445538	0.4033972072749008	0.5216573381715071
68.8	0.0418858189445538	0.4033968469426541	0.5216573381715071
69.2	0.0418858189445538	0.4033964866104074	0.5216573381715071
69.6	0.0418858189445538	0.4033964866104074	0.5216573381715071
70.0	0.0418858189445538	0.4033961262781607	0.5216573381715071
70.4	0.0418858189445538	0.4033961262781607	0.5216573381715071
70.8	0.0418858189445538	0.4033961262781607	0.5216573381715071
71.2	0.0418858189445538	0.4033957659459144	0.5216573381715071
71.6	0.0418858189445538	0.40339540561366727	0.5216573381715071
72.0	0.0418858189445538	0.40339540561366727	0.5216573381715071
72.4	0.0418858189445538	0.40339540561366727	0.5216573381715071
72.8	0.0418858189445538	0.40339540561366727	0.5216573381715071
73.2	0.0418858189445538	0.40339540561366727	0.5216573381715071
73.6	0.0418858189445538	0.4033950452814197	0.5216576070017274
74.0	0.0418858189445538	0.4033950452814197	0.5216576070017274
74.4	0.0418858189445538	0.4033950452814197	0.5216576070017274
74.8	0.0418858189445538	0.4033950452814197	0.5216573381715071
75.2	0.0418858189445538	0.40339468494917385	0.5216576070017274
75.6	0.0418858189445538	0.40339468494917385	0.5216576070017274
76.0	0.0418858189445538	0.40339468494917385	0.5216576070017274
76.4	0.0418858189445538	0.40339468494917385	0.5216576070017274
76.8	0.0418858189445538	0.40339468494917385	0.5216576070017274
77.2	0.0418858189445538	0.40339468494917385	0.5216576070017274
77.6	0.0418858189445538	0.40339468494917385	0.5216576070017274
78.0	0.0418858189445538	0.40339468494917385	0.5216576070017274
78.4	0.0418858189445538	0.40339468494917385	0.5216576070017274
78.8	0.0418858189445538	0.40339468494917385	0.5216576070017274
79.2	0.0418858189445538	0.40339432461692715	0.5216576070017274
79.6	0.0418858189445538	0.40339432461692715	0.5216576070017274
80.0	0.0418858189445538	0.40339432461692715	0.5216576070017274
80.4	0.0418858189445538	0.40339432461692715	0.5216576070017274
80.8	0.0418858189445538	0.40339432461692715	0.5216576070017274
