Time	ABP	LCBFV	RCBFV
-78.0	0.06741172682284972	0.10972227678508517	0.13809204047283874
-77.6	0.15612652045881448	0.1323548460099211	0.16033606345854512
-77.2	0.2975677181095899	0.1723128398387921	0.19460394870787656
-76.8	0.4541929961230602	0.25806060560040756	0.2625322394792837
-76.4	0.6022759326594176	0.4348853401977051	0.40459070837617706
-76.0	0.728842978426972	0.6871762166372397	0.6417728445693305
-75.6	0.8286774149961178	0.8654848293474524	0.859692143492385
-75.2	0.9016965055123313	0.9286196996398468	0.9505925096181942
-74.8	0.9508399671791976	0.9399207818047444	0.9687625894352365
-74.4	0.9804938551142541	0.9306031719105059	0.9532901866904187
-74.0	0.9954043304929681	0.9111690784091699	0.891986602198144
-73.6	1.0	0.8880917630725476	0.7883810297605702
-73.2	0.9980295716085953	0.8644391394277848	0.7157208059326399
-72.8	0.9924249549652986	0.8405230066926599	0.6945461862397098
-72.4	0.9853119355764359	0.8165770652369062	0.6874698756751814
-72.0	0.9781062734164401	0.7936923142355461	0.6769941769900498
-71.6	0.9716492296567552	0.7731666253847749	0.6652128178093211
-71.2	0.9663511315561246	0.7557786024674185	0.65606504754005
-70.8	0.9623236563673749	0.7416242295639046	0.6499907933874933
-70.4	0.9594907526201965	0.7303583216893514	0.6457979069374087
-70.0	0.9576746622991714	0.7214800923371856	0.6425929557791257
-69.6	0.9566577430203744	0.7145012746635038	0.6400511541487637
-69.2	0.9562231973496089	0.7090057389283269	0.6380546450049156
-68.8	0.9561788834733969	0.7046572427629556	0.6364850281861658
-68.4	0.9563685425469809	0.7011928732514452	0.6352152136109979
-68.0	0.9566743894794315	0.6984063540470382	0.6341479827982512
-67.6	0.9570143460368283	0.6961444683257039	0.6332246787872213
-67.2	0.9573364377578013	0.6942909620769875	0.6324116281375094
-66.8	0.9576121506577112	0.6927611785343029	0.631688192288868
-66.4	0.9578299177351507	0.6914919232099166	0.6310413363611396
-66.0	0.957989407519589	0.6904355021508222	0.6304639997942436
-65.6	0.958096919831518	0.689554952543439	0.6299496651481009
-65.2	0.9581619444793907	0.6888222541903772	0.6294934443426516
-64.8	0.9581947860024498	0.6882141562895425	0.6290931648978697
-64.4	0.9582050787931264	0.6877109850853227	0.6287433956136912
-64.0	0.9582009902739096	0.6872978362174047	0.6284403346500715
-63.6	0.958188916704134	0.686960401499884	0.6281801801669644
-63.2	0.9581735020197326	0.6866873536189209	0.6279558716042857
-62.8	0.9581578441679759	0.686467961435091	0.6277652364820066
-62.4	0.958143788492917	0.6862944746810307	0.6276028436000685
-62.0	0.9581322395178903	0.6861579507405491	0.6274654342384274
-61.6	0.9581234487809865	0.6860536202183471	0.6273481203170244
-61.2	0.9581172565393483	0.6859749251958851	0.6272481862358328
-60.8	0.9581132794628786	0.6859170962778665	0.6271640026348262
-60.4	0.9581110457117459	0.6858771525922229	0.6270917676739645
-60.0	0.9581100840793987	0.6858509209180683	0.6270303951132297
-59.6	0.9581099762417915	0.6858360165577544	0.626977712472601
-59.2	0.9581103815302958	0.6858300548136285	0.6269326335120624
-58.8	0.9581110428175537	0.6858324395112794	0.6268940719916021
-58.4	0.9581117806622393	0.6858395936042303	0.626859855431193
-58.0	0.9581124812152524	0.6858515170924822	0.6268316131908547
-57.6	0.9581130818120823	0.6858664214527961	0.6268066296705568
-57.2	0.9581135568127304	0.685884902859585	0.6267854479903043
-56.8	0.9581139051649005	0.6859045766152017	0.6267669819100838
-56.4	0.9581141403645693	0.6859260388940545	0.6267506883098886
-56.0	0.9581142829423992	0.6859492896961452	0.626737110309727
-55.6	0.9581143552699152	0.685972540498236	0.6267257047895907
-55.2	0.9581143783060494	0.6859963874747388	0.6267153855094669
-54.8	0.9581143698449829	0.6860196382768295	0.6267066955893634
-54.4	0.9581143438404887	0.6860434852533333	0.6266990919092725
-54.0	0.9581143104373315	0.686066736055424	0.6266920313491893
-53.6	0.9581142764141715	0.6860899868575148	0.6266866001491236
-53.2	0.9581142458186219	0.6861132376596064	0.6266817120690646
-52.8	0.9581142206443499	0.6861352961128704	0.6266773671090133
-52.4	0.9581142014573277	0.6861567583917232	0.6266741083889746
-52.0	0.9581141879225274	0.6861782206705769	0.626670849668935
-51.6	0.958114179213424	0.6861978944261917	0.626668677188909
-51.2	0.958114174307155	0.6862181643562204	0.6266659615888779
-50.8	0.958114172179592	0.6862366457630094	0.6266643322288576
-50.4	0.9581141719200008	0.6862545309953871	0.6266621597488315
-50.0	0.9581141727856862	0.686272416227764	0.6266605303888122
-49.6	0.958114174215348	0.686289705285728	0.6266594441487987
-49.2	0.958114175816698	0.6863058019948687	0.6266583579087861
-48.8	0.9581141773403621	0.6863207063551835	0.6266572716687744
-48.4	0.9581141786486354	0.6863362068899104	0.6266567285487668
-48.0	0.9581141796846981	0.6863499189014002	0.62665618542876
-47.6	0.9581141804455386	0.6863636309128891	0.6266556423087533
-47.2	0.9581141809600576	0.6863761505755539	0.6266545560687407
-46.8	0.9581141812726701	0.6863886702382178	0.6266545560687407
-46.4	0.9581141814319384	0.6864005937264697	0.6266540129487339
-46.0	0.9581141814834578	0.6864113248658956	0.626653469828728
-45.6	0.9581141814660036	0.6864226521797363	0.6266529267087204
-45.2	0.9581141814100037	0.6864327871447475	0.6266529267087204
-44.8	0.9581141813376217	0.6864423259353494	0.6266529267087204
-44.4	0.9581141812637005	0.68645126855154	0.6266529267087204
-44.0	0.9581141811970996	0.686460211167728	0.6266523835887154
-43.6	0.9581141811422268	0.686468557609504	0.6266523835887154
-43.2	0.9581141811003462	0.6864757117024558	0.6266518404687078
-42.8	0.9581141810707701	0.6864834619698179	0.6266518404687078
-42.4	0.9581141810516962	0.6864906160627697	0.6266518404687078
-42.0	0.9581141810409202	0.6864971739813077	0.6266518404687078
-41.6	0.9581141810362146	0.6865037318998457	0.6266518404687078
-41.2	0.9581141810355953	0.6865090974695578	0.6266518404687078
-40.8	0.9581141810374432	0.6865150592136855	0.6266518404687078
-40.4	0.9581141810405337	0.6865210209578105	0.626651297348702
-40.0	0.9581141810440088	0.6865257903531115	0.626651297348702
-39.6	0.9581141810473229	0.6865305597484124	0.626651297348702
-39.2	0.9581141810501724	0.6865353291437133	0.6266518404687078
-38.8	0.958114181052432	0.6865400985390133	0.626651297348702
-38.4	0.958114181054094	0.6865442717599013	0.626651297348702
-38.0	0.9581141810552191	0.6865472526319634	0.626651297348702
-37.6	0.958114181055909	0.6865514258528522	0.626651297348702
-37.2	0.958114181056257	0.6865544067249152	0.626651297348702
-36.8	0.9581141810563671	0.6865579837713911	0.626651297348702
-36.4	0.9581141810563303	0.6865615608178679	0.626651297348702
-36.0	0.9581141810562113	0.686563945515517	0.626651297348702
-35.6	0.9581141810560556	0.68656692638758	0.626651297348702
-35.2	0.9581141810558998	0.68656931108523	0.626651297348702
-34.8	0.9581141810557531	0.686572291957293	0.626651297348702
-34.4	0.9581141810556342	0.6865740804805309	0.6266507542286952
-34.0	0.9581141810555424	0.6865764651781809	0.626651297348702
-33.6	0.9581141810554785	0.6865782537014189	0.626651297348702
-33.2	0.9581141810554344	0.6865806383990698	0.626651297348702
-32.8	0.9581141810554105	0.6865830230967198	0.626651297348702
-32.4	0.9581141810554005	0.6865842154455448	0.626651297348702
-32.0	0.9581141810553986	0.6865860039687828	0.626651297348702
-31.6	0.9581141810554022	0.6865877924920198	0.626651297348702
-31.2	0.9581141810554096	0.6865889848408449	0.626651297348702
-30.8	0.9581141810554169	0.6865901771896716	0.626651297348702
-30.4	0.9581141810554241	0.6865913695384958	0.626651297348702
-30.0	0.9581141810554298	0.6865925618873208	0.626651297348702
-29.6	0.9581141810554351	0.6865943504105596	0.6266507542286952
-29.2	0.9581141810554389	0.6865949465849699	0.626651297348702
-28.8	0.9581141810554417	0.6865961389337967	0.6266507542286952
-28.4	0.9581141810554417	0.6865973312826217	0.6266507542286952
-28.0	0.9581141810554417	0.6865979274570337	0.626651297348702
-27.6	0.9581141810554417	0.6865991198058587	0.626651297348702
-27.2	0.9581141810554417	0.6865997159802726	0.626651297348702
-26.8	0.9581141810554417	0.6866003121546829	0.626651297348702
-26.4	0.9581141810554417	0.6866015045035097	0.626651297348702
-26.0	0.9581141810554417	0.6866021006779217	0.626651297348702
-25.6	0.9581141810554417	0.6866026968523347	0.6266507542286952
-25.2	0.9581141810554417	0.6866032930267476	0.626651297348702
-24.8	0.9581141810554417	0.6866038892011606	0.626651297348702
-24.4	0.9581141810554417	0.6866044853755708	0.626651297348702
-24.0	0.9581141810554417	0.6866044853755708	0.626651297348702
-23.6	0.9581141810554417	0.6866056777243976	0.626651297348702
-23.2	0.9581141810554417	0.6866062738988106	0.626651297348702
-22.8	0.9581141810554417	0.6866068700732226	0.626651297348702
-22.4	0.9581141810554417	0.6866068700732226	0.626651297348702
-22.0	0.9581141810554417	0.6866074662476356	0.6266507542286952
-21.6	0.9581141810554417	0.6866074662476356	0.6266507542286952
-21.2	0.9581141810554417	0.6866080624220476	0.6266507542286952
-20.8	0.9581141810554417	0.6866080624220476	0.626651297348702
-20.4	0.9581141810554417	0.6866086585964606	0.6266507542286952
-20.0	0.9581141810554417	0.6866092547708744	0.626651297348702
-19.6	0.9581141810554417	0.6866092547708744	0.6266507542286952
-19.2	0.9581141810554417	0.6866092547708744	0.6266507542286952
-18.8	0.9581141810554417	0.6866092547708744	0.626651297348702
-18.4	0.9581141810554417	0.6866098509452847	0.626651297348702
-18.0	0.9581141810554417	0.6866098509452847	0.6266507542286952
-17.6	0.9581141810554417	0.6866098509452847	0.6266507542286952
-17.2	0.9581141810554417	0.6866104471196985	0.6266507542286952
-16.8	0.9581141810554417	0.6866104471196985	0.626651297348702
-16.4	0.9581141810554417	0.6866110432941106	0.6266507542286952
-16.0	0.9581141810554417	0.6866110432941106	0.6266507542286952
-15.6	0.9581141810554417	0.6866110432941106	0.626651297348702
-15.2	0.9581141810554417	0.6866110432941106	0.626651297348702
-14.8	0.9581141810554417	0.6866110432941106	0.6266507542286952
-14.4	0.9581141810554417	0.6866116394685235	0.6266507542286952
-14.0	0.9581141810554417	0.6866116394685235	0.626651297348702
-13.6	0.9581141810554417	0.6866116394685235	0.626651297348702
-13.2	0.9581141810554417	0.6866116394685235	0.6266507542286952
-12.8	0.9581141810554417	0.6866116394685235	0.626651297348702
-12.4	0.9581141810554417	0.6866116394685235	0.626651297348702
-12.0	0.9581141810554417	0.6866116394685235	0.626651297348702
-11.6	0.9581141810554417	0.6866116394685235	0.6266507542286952
-11.2	0.9581141810554417	0.6866116394685235	0.626651297348702
-10.8	0.9581141810554417	0.6866122356429356	0.626651297348702
-10.4	0.9581141810554417	0.6866122356429356	0.626651297348702
-10.0	0.9581141810554417	0.6866122356429356	0.626651297348702
-9.6	0.9581141810554417	0.6866122356429356	0.626651297348702
-9.2	0.9581141810554417	0.6866122356429356	0.626651297348702
-8.8	0.9581141810554417	0.6866122356429356	0.626651297348702
-8.4	0.9581141810554417	0.6866122356429356	0.626651297348702
-8.0	0.9581141810554417	0.6866122356429356	0.626651297348702
-7.6	0.9581141810554417	0.6866122356429356	0.6266507542286952
-7.2	0.9581141810554417	0.6866122356429356	0.6266507542286952
-6.8	0.9581141810554417	0.6866128318173486	0.626651297348702
-6.4	0.9581141810554417	0.6866122356429356	0.626651297348702
-6.0	0.9581141810554417	0.6866128318173486	0.626651297348702
-5.6	0.9581141810554417	0.6866128318173486	0.626651297348702
-5.2	0.9581141810554417	0.6866122356429356	0.626651297348702
-4.8	0.9581141810554417	0.6866128318173486	0.626651297348702
-4.4	0.9581141810554417	0.6866128318173486	0.626651297348702
-4.0	0.9581141810554417	0.6866128318173486	0.626651297348702
-3.6	0.9581141810554417	0.6866128318173486	0.626651297348702
-3.2	0.9581141810554417	0.6866128318173486	0.626651297348702
-2.8	0.9581141810554417	0.6866128318173486	0.626651297348702
-2.4	0.9581141810554417	0.6866128318173486	0.626651297348702
-2.0	0.9581141810554417	0.6866128318173486	0.6266507542286952
-1.6	0.9581141810554417	0.6866128318173486	0.6266507542286952
-1.2	0.9581141810554417	0.6866128318173486	0.6266507542286952
-0.8	0.9581141810554417	0.6866128318173486	0.6266507542286952
-0.4	0.9581141810554417	0.6866128318173486	0.6266507542286952
0.0	0.9581141810554417	0.6866128318173486	0.6266507542286952
0.4	0.9581141810554417	0.6866128318173486	0.6266507542286952
0.8	0.9581141810554417	0.6866134279917624	0.626651297348702
1.2	0.9581141810554417	0.6866128318173486	0.626651297348702
1.6	0.9325882731771457	0.6776165599314918	0.6073401223980275
2.0	0.843873479541181	0.6374159231167003	0.5295066805083044
2.4	0.7024322818904056	0.5440526254087654	0.3805668811292122
2.8	0.5458070038769351	0.3902777821251098	0.2114776010694328
3.2	0.39772406734057786	0.20703046058107066	0.09308857361527068
3.6	0.2711570215730236	0.07156294115897222	0.04508871368190981
4.0	0.17132258500387848	0.044648051128561406	0.040752443550113426
4.4	0.0983034944876641	0.11499365094113134	0.05036295206491115
4.8	0.04916003282079817	0.2210146256897918	0.06240690976877694
5.2	0.01950614488574446	0.3108789757702839	0.07758331211005931
5.6	0.004595669507025765	0.3723633372014472	0.09705687994267276
6.0	0.0	0.4140281783735382	0.11916023484669758
6.4	0.001970428391404537	0.44410815836034434	0.14166767103554978
6.8	0.007575045034696991	0.4661517072655501	0.16338405293495395
7.2	0.014688064423555941	0.4815210836219048	0.1839585250207163
7.6	0.02189372658355987	0.49127628553497793	0.20334057713223608
8.0	0.028350770343242414	0.4965828339813667	0.2215345542295637
8.4	0.03364886844387128	0.4986026728911934	0.23856353891297655
8.8	0.03767634363262206	0.4983653954749867	0.25445685966282117
9.2	0.04050924737979743	0.49670743443359644	0.2692275513592586
9.6	0.04232533770082475	0.49426192699318605	0.28284438460191197
10.0	0.04334225697962158	0.4914676575214161	0.2952370253499428
10.4	0.0437768026503866	0.4886012509457238	0.3063191175223192
10.8	0.04382111652659886	0.4858165202645548	0.31601815459817484
11.2	0.0436314574530143	0.4831790446632942	0.3243026356171326
11.6	0.04332561052056362	0.4807007476301921	0.33119292757943786
12.0	0.042985653963167406	0.4783649362816975	0.33675719204590315
12.4	0.042663562242194204	0.4761441865948308	0.34110269521781067
12.8	0.0423878493422843	0.4740134592442624	0.3443635877367619
13.2	0.0421700822648452	0.4719542728232069	0.34668624044450613
13.6	0.04201059248040673	0.4699606655875339	0.3482213691428431
14.0	0.04190308016847743	0.4680314451884202	0.3491120859534833
14.4	0.04183805552060373	0.4661755542420529	0.349491183718011
14.8	0.04180521399754266	0.46440014684138475	0.3494754332378234
15.2	0.04179492120687013	0.4627141656026046	0.3491653117141187
15.6	0.04179900972608181	0.46112536079307453	0.3486447311879006
16.0	0.041811083295859995	0.45963671328485756	0.3479804954199661
16.4	0.041826497980267635	0.45824583838030364	0.347226644850962
16.8	0.04184215583202051	0.45695154373059044	0.34642445660137966
17.2	0.0418562115070811	0.4557472714171755	0.34560624631160586
17.6	0.04186776048210639	0.45462705969593475	0.34479428190190653
18.0	0.04187655121900773	0.4535837544739163	0.34400567165248663
18.4	0.04188274346064996	0.452610201658171	0.3432515495234787
18.8	0.04188672053711745	0.4516998433301591	0.34254033387498417
19.2	0.041888954288249444	0.45084731392016675	0.3418755549870429
19.6	0.04188991592059674	0.4500472478584836	0.34125992845968867
20.0	0.04189002375820357	0.4492960680986293	0.3406934542929223
20.4	0.04188961846969933	0.4485907937685454	0.3401755893667362
20.8	0.041888957182442156	0.44792844399616705	0.33970443276110807
21.2	0.041888219337756126	0.4473066340838443	0.33927726887600596
21.6	0.04188751878474316	0.4467235755083401	0.3388919252314029
22.0	0.041886918187912965	0.4461780759208276	0.33854541466726396
22.4	0.041886443187265275	0.44566834679807066	0.3382344784635505
22.8	0.04188609483509504	0.44519379196565545	0.3379564010202287
23.2	0.04188585963542684	0.44475202672593284	0.33770792361726
23.6	0.04188571705760046	0.44434185873007603	0.337487145334622
24.0	0.0418856447300795	0.4439620956292609	0.3372908074522778
24.4	0.04188562169394452	0.4436115450746634	0.33711673749019777
24.8	0.041885630155010865	0.4432878223686316	0.3369622198483526
25.2	0.04188565615950581	0.4429903313367536	0.33682589672672414
25.6	0.041885689562664655	0.4427172834557913	0.33670505252528127
26.0	0.041885723585826894	0.4424674863769198	0.33659887256401255
26.4	0.04188575418137185	0.44223855540248813	0.33650491280288986
26.8	0.04188577935564246	0.4420292981836731	0.3364223585619035
27.2	0.04188579854266422	0.4418391185460573	0.33634958048103414
27.6	0.04188581207746908	0.4416656317919969	0.3362854923202683
28.0	0.04188582078657159	0.4415076455726634	0.3362292793995971
28.4	0.04188582569284101	0.44136456371364385	0.3361801270390101
28.8	0.04188582782040343	0.44123459769170115	0.33613667743849085
29.2	0.04188582807999494	0.44111715133242235	0.336099202158044
29.6	0.04188582721430925	0.4410104361125704	0.33606580027764466
30.0	0.04188582578464762	0.4409144520321444	0.3360367433572975
30.4	0.041885824183297664	0.4408274105679091	0.3360114882769958
30.8	0.04188582265963342	0.44074871554544703	0.3359889487967269
31.2	0.04188582135136015	0.44067777079034975	0.33596939647649293
31.6	0.0418858203152968	0.4406139801282025	0.3359528313162956
32.0	0.041885819554456694	0.44055674738459416	0.33593735239611
32.4	0.04188581903993779	0.44050488021070056	0.3359245890759581
32.8	0.0418858187273271	0.440457782432107	0.3359131835558218
33.2	0.04188581856805733	0.44041664639763844	0.3359036789557086
33.6	0.04188581851653521	0.44037849123523376	0.3358949890356051
34.0	0.04188581853399386	0.44034450929371616	0.3358873853555133
34.4	0.0418858185899931	0.44031410439867447	0.3358805963554321
34.8	0.04188581866237206	0.44028668037569574	0.3358748935953644
35.2	0.041885818736298756	0.44026223722478	0.3358697339553025
35.6	0.04188581880289552	0.4402401787715142	0.3358653889952503
36.0	0.04188581885776873	0.4402199088414873	0.33586158715520575
36.4	0.04188581889964613	0.4402026197835216	0.33585832843516616
36.8	0.04188581892922926	0.44018652307438266	0.3358553412751304
37.2	0.04188581894829994	0.4401722148884799	0.3358531687951052
37.6	0.041885818959075415	0.44015909905140393	0.335851267875082
38.0	0.04188581896378148	0.44014777173756414	0.33584936695505974
38.4	0.04188581896440085	0.4401370405981373	0.33584746603503657
38.8	0.04188581896255263	0.4401280979819493	0.3358458366750172
39.2	0.041885818959462105	0.44011975154017335	0.3358444788750008
39.6	0.041885818955986844	0.44011200127281036	0.3358433926349882
40.0	0.041885818952673064	0.4401054433542715	0.3358425779549785
40.4	0.041885818949823336	0.44009948161014556	0.33584203483497177
40.8	0.04188581894756354	0.44009351986601875	0.3358412201549621
41.2	0.04188581894590182	0.4400887504707196	0.33584067703495535
41.6	0.041885818944776304	0.44008457724983074	0.33583959079494274
42.0	0.04188581894409092	0.4400810002033557	0.3358393192349389
42.4	0.04188581894374024	0.4400774231568798	0.33583877611493307
42.8	0.04188581894362508	0.44007444228481596	0.33583877611493307
43.2	0.04188581894366099	0.4400714614127539	0.3358382329949263
43.6	0.04188581894378156	0.44006907671510387	0.3358382329949263
44.0	0.04188581894393838	0.44006669201745297	0.3358376898749196
44.4	0.041885818944099	0.4400649034942141	0.3358376898749196
44.8	0.04188581894424396	0.440062518796565	0.33583741831491665
45.2	0.041885818944363565	0.44006132644774	0.33583741831491665
45.6	0.041885818944454964	0.44006013409891587	0.33583741831491665
46.0	0.04188581894451962	0.440058345575677	0.3358368751949099
46.4	0.04188581894456138	0.44005774940126496	0.3358368751949099
46.8	0.04188581894458505	0.440055960878027	0.3358368751949099
47.2	0.04188581894459545	0.44005536470361317	0.3358368751949099
47.6	0.04188581894459692	0.44005417235478905	0.3358368751949099
48.0	0.04188581894459297	0.440053576180377	0.3358368751949099
48.4	0.041885818944586296	0.44005298000596405	0.33583633207490404
48.8	0.041885818944578754	0.4400523838315511	0.33583633207490404
49.2	0.041885818944571544	0.44005178765713904	0.33583633207490404
49.6	0.04188581894456534	0.4400511914827252	0.33583633207490404
50.0	0.04188581894456041	0.4400505953083149	0.33583633207490404
50.4	0.04188581894455678	0.4400505953083149	0.33583633207490404
50.8	0.041885818944554315	0.4400499991339011	0.33583633207490404
51.2	0.041885818944552816	0.4400499991339011	0.33583633207490404
51.6	0.041885818944552046	0.44004940295948813	0.33583633207490404
52.0	0.04188581894455179	0.44004940295948813	0.33583633207490404
52.4	0.04188581894455186	0.4400488067850761	0.33583633207490404
52.8	0.04188581894455212	0.4400488067850761	0.33583633207490404
53.2	0.04188581894455246	0.4400482106106631	0.33583633207490404
53.6	0.04188581894455281	0.4400482106106631	0.33583633207490404
54.0	0.04188581894455312	0.4400482106106631	0.33583633207490404
54.4	0.041885818944553385	0.4400482106106631	0.33583633207490404
54.8	0.041885818944553586	0.4400482106106631	0.33583633207490404
55.2	0.041885818944553725	0.4400482106106631	0.33583633207490404
55.6	0.041885818944553815	0.4400482106106631	0.33583633207490404
56.0	0.04188581894455387	0.4400482106106631	0.33583633207490404
56.4	0.04188581894455389	0.4400482106106631	0.33583633207490404
56.8	0.04188581894455389	0.44004761443625107	0.33583633207490404
57.2	0.041885818944553885	0.44004761443625107	0.33583633207490404
57.6	0.04188581894455387	0.44004761443625107	0.33583633207490404
58.0	0.04188581894455386	0.44004761443625107	0.33583633207490404
58.4	0.04188581894455384	0.44004761443625107	0.33583633207490404
58.8	0.04188581894455383	0.44004761443625107	0.33583633207490404
59.2	0.041885818944553815	0.44004761443625107	0.33583633207490404
59.6	0.04188581894455381	0.44004761443625107	0.33583633207490404
60.0	0.0418858189445538	0.44004761443625107	0.33583633207490404
60.4	0.0418858189445538	0.44004761443625107	0.33583633207490404
60.8	0.041885818944553795	0.44004761443625107	0.33583633207490404
61.2	0.041885818944553795	0.4400470182618381	0.33583633207490404
61.6	0.041885818944553795	0.4400470182618381	0.33583633207490404
62.0	0.041885818944553795	0.4400470182618381	0.33583633207490404
62.4	0.0418858189445538	0.4400470182618381	0.33583633207490404
62.8	0.0418858189445538	0.4400470182618381	0.33583633207490404
63.2	0.0418858189445538	0.4400470182618381	0.33583633207490404
63.6	0.0418858189445538	0.4400470182618381	0.33583633207490404
64.0	0.0418858189445538	0.4400470182618381	0.33583633207490404
64.4	0.0418858189445538	0.4400470182618381	0.33583633207490404
64.8	0.0418858189445538	0.4400470182618381	0.33583633207490404
65.2	0.0418858189445538	0.4400470182618381	0.33583633207490404
65.6	0.0418858189445538	0.4400470182618381	0.33583633207490404
66.0	0.0418858189445538	0.4400470182618381	0.33583633207490404
66.4	0.0418858189445538	0.4400470182618381	0.33583633207490404
66.8	0.0418858189445538	0.4400470182618381	0.33583633207490404
67.2	0.0418858189445538	0.4400470182618381	0.33583633207490404
67.6	0.0418858189445538	0.4400470182618381	0.33583633207490404
68.0	0.0418858189445538	0.4400470182618381	0.33583633207490404
68.4	0.0418858189445538	0.4400470182618381	0.33583633207490404
68.8	0.0418858189445538	0.4400470182618381	0.33583633207490404
69.2	0.0418858189445538	0.4400470182618381	0.33583633207490404
69.6	0.0418858189445538	0.4400470182618381	0.33583633207490404
70.0	0.0418858189445538	0.4400470182618381	0.33583633207490404
70.4	0.0418858189445538	0.4400470182618381	0.33583633207490404
70.8	0.0418858189445538	0.4400470182618381	0.33583633207490404
71.2	0.0418858189445538	0.4400470182618381	0.33583633207490404
71.6	0.0418858189445538	0.4400470182618381	0.33583633207490404
72.0	0.0418858189445538	0.4400470182618381	0.33583633207490404
72.4	0.0418858189445538	0.4400470182618381	0.33583633207490404
72.8	0.0418858189445538	0.4400470182618381	0.33583633207490404
73.2	0.0418858189445538	0.4400470182618381	0.33583633207490404
73.6	0.0418858189445538	0.4400470182618381	0.33583633207490404
74.0	0.0418858189445538	0.4400470182618381	0.33583633207490404
74.4	0.0418858189445538	0.4400470182618381	0.33583633207490404
74.8	0.0418858189445538	0.4400470182618381	0.33583633207490404
75.2	0.0418858189445538	0.4400470182618381	0.33583633207490404
75.6	0.0418858189445538	0.4400470182618381	0.33583633207490404
76.0	0.0418858189445538	0.4400470182618381	0.33583633207490404
76.4	0.0418858189445538	0.4400470182618381	0.33583633207490404
76.8	0.0418858189445538	0.4400470182618381	0.33583633207490404
77.2	0.0418858189445538	0.4400470182618381	0.33583633207490404
77.6	0.0418858189445538	0.4400470182618381	0.33583633207490404
78.0	0.0418858189445538	0.4400470182618381	0.33583633207490404
78.4	0.0418858189445538	0.4400470182618381	0.33583633207490404
78.8	0.0418858189445538	0.4400470182618381	0.33583633207490404
79.2	0.0418858189445538	0.4400470182618381	0.33583633207490404
79.6	0.0418858189445538	0.4400470182618381	0.33583633207490404
80.0	0.0418858189445538	0.4400470182618381	0.33583633207490404
80.4	0.0418858189445538	0.4400470182618381	0.33583633207490404
80.8	0.0418858189445538	0.4400470182618381	0.33583633207490404
