Time	ABP	LCBFV	RCBFV
-78.0	0.06741172682284972	0.19018690531709836	0.1295860894687042
-77.6	0.15612652045881448	0.21876309429531515	0.1514380315150512
-77.2	0.2975677181095899	0.2564752063728406	0.1861767943675976
-76.8	0.4541929961230602	0.31763819989402586	0.25393652957439006
-76.4	0.6022759326594176	0.41316480494832764	0.37539833055805083
-76.0	0.728842978426972	0.5293367568230973	0.5326656415918971
-75.6	0.8286774149961178	0.6293872350999248	0.6618655706026337
-75.2	0.9016965055123313	0.6906690616748792	0.730571576075751
-74.8	0.9508399671791976	0.7152994243862794	0.7532057994003658
-74.4	0.9804938551142541	0.7136812721647252	0.7502937666994463
-74.0	0.9954043304929681	0.6951951472148945	0.7340665767627481
-73.6	1.0	0.6671815189699513	0.7101316704515406
-73.2	0.9980295716085953	0.6354142200345021	0.6815833164463379
-72.8	0.9924249549652986	0.6041288902666051	0.650981240149894
-72.4	0.9853119355764359	0.5759521826180842	0.6203433716777398
-72.0	0.9781062734164401	0.5520853854862304	0.5911046731593292
-71.6	0.9716492296567552	0.5327092768145438	0.5642252170725364
-71.2	0.9663511315561246	0.517413945776589	0.5402142816299178
-70.8	0.9623236563673749	0.5055398057148692	0.5191923437627852
-70.4	0.9594907526201965	0.49638523593956974	0.501025358264068
-70.0	0.9576746622991714	0.48931782969379034	0.48544406504067705
-69.6	0.9566577430203744	0.4838148479590836	0.47212493089648744
-69.2	0.9562231973496089	0.4794676440904362	0.4607409135985385
-68.8	0.9561788834733969	0.47596997013810416	0.4509944468232794
-68.4	0.9563685425469809	0.473099014126269	0.44262609578075773
-68.0	0.9566743894794315	0.47069580524097665	0.4354190019946125
-67.6	0.9570143460368283	0.46864941156235185	0.42919326884313636
-67.2	0.9573364377578013	0.46688271802358416	0.4238026864582314
-66.8	0.9576121506577112	0.465341364823483	0.41912607610121855
-66.4	0.9578299177351507	0.4639886907007784	0.41506424899758176
-66.0	0.957989407519589	0.4627962515734487	0.41153345613487424
-65.6	0.958096919831518	0.46174287240266	0.4084635167764086
-65.2	0.9581619444793907	0.4608118027845549	0.4057947772960038
-64.8	0.9581947860024498	0.4599885046327681	0.4034746021411415
-64.4	0.9582050787931264	0.45926096822378026	0.4014585435119207
-64.0	0.9582009902739096	0.45861718383407224	0.39970730019579914
-63.6	0.958188916704134	0.4580479861483262	0.39818508001706476
-63.2	0.9581735020197326	0.4575435777605139	0.39686264100209856
-62.8	0.9581578441679759	0.45709637358209676	0.3957128465993822
-62.4	0.958143788492917	0.45669815643382305	0.3947127711015961
-62.0	0.9581322395178903	0.45634386959000217	0.39384206209510353
-61.6	0.9581234487809865	0.4560271921435177	0.39308317439573104
-61.2	0.9581172565393483	0.45574338341403475	0.39242113611298635
-60.8	0.9581132794628786	0.45548833481192696	0.3918423789711105
-60.4	0.9581110457117459	0.45525856983827984	0.39133614192380994
-60.0	0.9581100840793987	0.45505092803953806	0.390891897860584
-59.6	0.9581099762417915	0.4548631970982093	0.39050239477197257
-59.2	0.9581103815302958	0.4546928486514483	0.3901596788411523
-58.8	0.9581110428175537	0.4545376703817632	0.3898581356091886
-58.4	0.9581117806622393	0.45439671415309	0.38959191668135773
-58.0	0.9581124812152524	0.45426839973864563	0.38935681121345667
-57.6	0.9581130818120823	0.4541511469116535	0.38914907623286377
-57.2	0.9581135568127304	0.45404400753604746	0.3889649687669561
-56.8	0.9581139051649005	0.453946349521114	0.3888019155220541
-56.4	0.9581141403645693	0.4538565926400744	0.38865710926869035
-56.0	0.9581142829423992	0.4537744208475738	0.3885286785205535
-55.6	0.9581143552699152	0.45369983414361137	0.3884142839197544
-55.2	0.9581143783060494	0.45363093625605355	0.3883125218515593
-54.8	0.9581143698449829	0.4535677271848986	0.38822152082965466
-54.4	0.9581143438404887	0.45350989088479254	0.3881408129824653
-54.0	0.9581143104373315	0.45345711131037847	0.38806852682367765
-53.6	0.9581142764141715	0.4534081242802337	0.3880039605459267
-53.2	0.9581142458186219	0.4533632458397139	0.3879461784060543
-52.8	0.9581142206443499	0.4533218438981086	0.3878944785966949
-52.4	0.9581142014573277	0.45328391845541516	0.38784815931048167
-52.0	0.9581141879225274	0.45324915346628014	0.38780675267583664
-51.6	0.958114179213424	0.4532169168399913	0.3877695568853925
-51.2	0.958114174307155	0.4531872085765487	0.38773633800336116
-50.8	0.958114172179592	0.4531600286759532	0.3877063942223744
-50.4	0.9581141719200008	0.4531350610928464	0.3876797255424336
-50.0	0.9581141727856862	0.45311198978187495	0.38765539622038236
-49.6	0.958114174215348	0.4530904986976827	0.38763364019200885
-49.2	0.958114175816698	0.45307058784026877	0.3876139895857369
-48.8	0.9581141773403621	0.4530525732549897	0.38759644440156604
-48.4	0.9581141786486354	0.45303582285113375	0.38758053676791704
-48.0	0.9581141796846981	0.4530203366287009	0.38756650062057973
-47.6	0.9581141804455386	0.453006114587692	0.38755363415218635
-47.2	0.9581141809600576	0.4529928406827488	0.3875419373627387
-46.8	0.9581141812726701	0.4529805149138739	0.3875314102522358
-46.4	0.9581141814319384	0.4529694533264217	0.3875220528206782
-46.0	0.9581141814834578	0.45295902382968123	0.38751339719648614
-45.6	0.9581141814660036	0.4529495424690082	0.3875059112512398
-45.2	0.9581141814100037	0.4529403771536913	0.3874988931775709
-44.8	0.9581141813376217	0.4529321599744405	0.38749257691126937
-44.4	0.9581141812637005	0.4529245748859023	0.38748696245233427
-44.0	0.9581141811970996	0.45291730584271983	0.3874818158649771
-43.6	0.9581141811422268	0.4529109849356039	0.38747737108498725
-43.2	0.9581141811003462	0.45290498007384494	0.3874729263049965
-42.8	0.9581141810707701	0.452899607302796	0.38746941726816253
-42.4	0.9581141810516962	0.45289423453174793	0.38746590823132854
-42.0	0.9581141810409202	0.4528894938514112	0.3874628670660716
-41.6	0.9581141810362146	0.45288506921643057	0.3874600598366049
-41.2	0.9581141810355953	0.4528809606268056	0.38745748654292633
-40.8	0.9581141810374432	0.4528771680825363	0.38745514718503626
-40.4	0.9581141810405337	0.4528736915836227	0.387453275698725
-40.0	0.9581141810440088	0.4528702150847095	0.3874511702766239
-39.6	0.9581141810473229	0.45286737067650806	0.38744953272610116
-39.2	0.9581141810501724	0.45286452626830576	0.3874478951755784
-38.8	0.958114181052432	0.4528619979054591	0.3874467254966345
-38.4	0.958114181054094	0.4528594695426138	0.38744555581768925
-38.0	0.9581141810552191	0.4528572572251228	0.38744438613874443
-37.6	0.958114181055909	0.45285536095298795	0.38744345039558814
-37.2	0.958114181056257	0.4528534646808535	0.38744228071664333
-36.8	0.9581141810563671	0.4528515684087191	0.3874415789092769
-36.4	0.9581141810563303	0.4528496721365842	0.38744087710191
-36.0	0.9581141810562113	0.4528484079551611	0.3874401752945431
-35.6	0.9581141810560556	0.4528468277283819	0.3874394734871762
-35.2	0.9581141810558998	0.45284556354695926	0.38743877167980934
-34.8	0.9581141810557531	0.4528442993655366	0.3874383038082314
-34.4	0.9581141810556342	0.45284303518411306	0.3874378359366535
-34.0	0.9581141810555424	0.45284177100268996	0.38743736806507556
-33.6	0.9581141810554785	0.4528408228666225	0.38743690019349764
-33.2	0.9581141810554344	0.45284019077591076	0.3874366662577087
-32.8	0.9581141810554105	0.4528392426398442	0.38743619838613075
-32.4	0.9581141810554005	0.45283861054913155	0.38743619838613075
-32.0	0.9581141810553986	0.45283797845842066	0.3874357305145524
-31.6	0.9581141810554022	0.45283703032235323	0.3874354965787643
-31.2	0.9581141810554096	0.4528360821862858	0.3874354965787643
-30.8	0.9581141810554169	0.45283576614093013	0.3874352626429749
-30.4	0.9581141810554241	0.45283513405021836	0.3874350287071864
-30.0	0.9581141810554298	0.4528348180048627	0.387434794771397
-29.6	0.9581141810554351	0.45283386986879526	0.387434560835608
-29.2	0.9581141810554389	0.45283386986879526	0.387434560835608
-28.8	0.9581141810554417	0.45283323777808393	0.3874343268998186
-28.4	0.9581141810554417	0.45283292173272827	0.3874343268998186
-28.0	0.9581141810554417	0.4528326056873726	0.3874340929640301
-27.6	0.9581141810554417	0.4528319735966613	0.3874340929640301
-27.2	0.9581141810554417	0.4528319735966613	0.3874340929640301
-26.8	0.9581141810554417	0.4528313415059486	0.3874340929640301
-26.4	0.9581141810554417	0.4528310254605934	0.3874338590282407
-26.0	0.9581141810554417	0.4528310254605934	0.3874338590282407
-25.6	0.9581141810554417	0.45283070941523773	0.3874338590282407
-25.2	0.9581141810554417	0.45283039336988207	0.3874338590282407
-24.8	0.9581141810554417	0.4528300773245264	0.38743362509245216
-24.4	0.9581141810554417	0.4528300773245264	0.38743362509245216
-24.0	0.9581141810554417	0.4528297612791703	0.38743362509245216
-23.6	0.9581141810554417	0.4528297612791703	0.38743362509245216
-23.2	0.9581141810554417	0.45282944523381463	0.38743362509245216
-22.8	0.9581141810554417	0.45282912918845897	0.38743362509245216
-22.4	0.9581141810554417	0.45282912918845897	0.38743339115666364
-22.0	0.9581141810554417	0.45282912918845897	0.38743339115666364
-21.6	0.9581141810554417	0.4528288131431033	0.38743339115666364
-21.2	0.9581141810554417	0.4528288131431033	0.38743339115666364
-20.8	0.9581141810554417	0.4528284970977472	0.38743339115666364
-20.4	0.9581141810554417	0.4528284970977472	0.38743339115666364
-20.0	0.9581141810554417	0.45282818105239153	0.38743339115666364
-19.6	0.9581141810554417	0.45282818105239153	0.38743339115666364
-19.2	0.9581141810554417	0.45282818105239153	0.38743339115666364
-18.8	0.9581141810554417	0.45282818105239153	0.38743339115666364
-18.4	0.9581141810554417	0.45282818105239153	0.38743339115666364
-18.0	0.9581141810554417	0.45282786500703587	0.38743339115666364
-17.6	0.9581141810554417	0.45282786500703587	0.38743339115666364
-17.2	0.9581141810554417	0.45282786500703587	0.38743339115666364
-16.8	0.9581141810554417	0.45282786500703587	0.3874331572208738
-16.4	0.9581141810554417	0.4528275489616802	0.38743339115666364
-16.0	0.9581141810554417	0.4528275489616802	0.38743339115666364
-15.6	0.9581141810554417	0.4528275489616802	0.38743339115666364
-15.2	0.9581141810554417	0.4528275489616802	0.38743339115666364
-14.8	0.9581141810554417	0.4528275489616802	0.38743339115666364
-14.4	0.9581141810554417	0.4528275489616802	0.38743339115666364
-14.0	0.9581141810554417	0.4528275489616802	0.38743339115666364
-13.6	0.9581141810554417	0.4528272329163241	0.38743339115666364
-13.2	0.9581141810554417	0.4528272329163241	0.38743339115666364
-12.8	0.9581141810554417	0.4528272329163241	0.38743339115666364
-12.4	0.9581141810554417	0.4528272329163241	0.38743339115666364
-12.0	0.9581141810554417	0.4528272329163241	0.38743339115666364
-11.6	0.9581141810554417	0.4528272329163241	0.38743339115666364
-11.2	0.9581141810554417	0.4528272329163241	0.38743339115666364
-10.8	0.9581141810554417	0.4528272329163241	0.38743339115666364
-10.4	0.9581141810554417	0.4528272329163241	0.38743339115666364
-10.0	0.9581141810554417	0.4528272329163241	0.38743339115666364
-9.6	0.9581141810554417	0.4528272329163241	0.38743339115666364
-9.2	0.9581141810554417	0.4528272329163241	0.38743339115666364
-8.8	0.9581141810554417	0.4528272329163241	0.38743339115666364
-8.4	0.9581141810554417	0.4528272329163241	0.38743339115666364
-8.0	0.9581141810554417	0.4528272329163241	0.38743339115666364
-7.6	0.9581141810554417	0.4528272329163241	0.38743339115666364
-7.2	0.9581141810554417	0.4528272329163241	0.38743339115666364
-6.8	0.9581141810554417	0.4528272329163241	0.38743339115666364
-6.4	0.9581141810554417	0.4528272329163241	0.38743339115666364
-6.0	0.9581141810554417	0.4528272329163241	0.38743339115666364
-5.6	0.9581141810554417	0.4528272329163241	0.38743339115666364
-5.2	0.9581141810554417	0.4528269168709689	0.38743339115666364
-4.8	0.9581141810554417	0.4528269168709689	0.38743339115666364
-4.4	0.9581141810554417	0.4528269168709689	0.38743339115666364
-4.0	0.9581141810554417	0.4528269168709689	0.38743339115666364
-3.6	0.9581141810554417	0.4528269168709689	0.38743339115666364
-3.2	0.9581141810554417	0.4528269168709689	0.38743339115666364
-2.8	0.9581141810554417	0.4528269168709689	0.38743339115666364
-2.4	0.9581141810554417	0.4528269168709689	0.38743339115666364
-2.0	0.9581141810554417	0.4528269168709689	0.38743339115666364
-1.6	0.9581141810554417	0.4528269168709689	0.38743339115666364
-1.2	0.9581141810554417	0.4528269168709689	0.38743339115666364
-0.8	0.9581141810554417	0.4528269168709689	0.38743339115666364
-0.4	0.9581141810554417	0.4528269168709689	0.38743339115666364
0.0	0.9581141810554417	0.4528269168709689	0.38743339115666364
0.4	0.9581141810554417	0.4528269168709689	0.38743339115666364
0.8	0.9581141810554417	0.4528269168709689	0.38743339115666364
1.2	0.9581141810554417	0.4528269168709689	0.38743339115666364
1.6	0.9325882731771457	0.4409265450447193	0.36366036841141236
2.0	0.843873479541181	0.4028889062507477	0.2926737229317662
2.4	0.7024322818904056	0.35055116324414914	0.2107098744911653
2.8	0.5458070038769351	0.3055617908046111	0.16324336716890908
3.2	0.39772406734057786	0.2768835191764798	0.15032285960909952
3.6	0.2711570215730236	0.2647729771886427	0.1578174604798721
4.0	0.17132258500387848	0.2647533823765844	0.1744570792124982
4.4	0.0983034944876641	0.2718719879699987	0.19409786018163544
4.8	0.04916003282079817	0.28264312974007355	0.2136977023877069
5.2	0.01950614488574446	0.2951692713707508	0.23199732947876273
5.6	0.004595669507025765	0.30849690402366825	0.24868537291970183
6.0	0.0	0.3220391314731539	0.2637782082157538
6.4	0.001970428391404537	0.33529502183030946	0.2773003986247571
6.8	0.007575045034696991	0.34779145519754584	0.2892051569889209
7.2	0.014688064423555941	0.35912136515662585	0.29941598630525723
7.6	0.02189372658355987	0.3689886172091912	0.3078905441959643
8.0	0.028350770343242414	0.37722602336204014	0.31465643508413965
8.4	0.03364886844387128	0.38378712494787237	0.31981401742324467
8.8	0.03767634363262206	0.38872122504218876	0.3235169870266237
9.2	0.04050924737979743	0.39214557647198145	0.3259492174243954
9.6	0.04232533770082475	0.39422009818727055	0.3273041735140265
10.0	0.04334225697962158	0.3951268323129815	0.3277699396698375
10.4	0.0437768026503866	0.3950560381532884	0.3275200962472331
10.8	0.04382111652659886	0.394194814558809	0.3267095087385017
11.2	0.0436314574530143	0.3927185667019968	0.3254729241580816
11.6	0.04332561052056362	0.39078531726073695	0.3239245031709843
12.0	0.042985653963167406	0.38853570641835056	0.32215969157910296
12.4	0.042663562242194204	0.3860879351378945	0.32025685787173774
12.8	0.0423878493422843	0.38353966143430274	0.31827916471190676
13.2	0.0421700822648452	0.3809695806011626	0.3162771422300241
13.6	0.04201059248040673	0.37843932148284987	0.3142896237670567
14.0	0.04190308016847743	0.3759937625198839	0.31234655310399173
14.4	0.04183805552060373	0.373666088474621	0.3104694523334115
14.8	0.04180521399754266	0.3714771583405425	0.30867422908896636
15.2	0.04179492120687013	0.3694402460225903	0.306970474738002
15.6	0.04179900972608181	0.3675613563825242	0.3053647394826102
16.0	0.041811083295859995	0.36584017337498853	0.303860298423837
16.4	0.041826497980267635	0.36427448468249235	0.30245691762589155
16.8	0.04184215583202051	0.3628576533525658	0.30115366134562027
17.2	0.0418562115070811	0.3615814622059572	0.29994795628934234
17.6	0.04186776048210639	0.36043674592734964	0.29883559161285866
18.0	0.04187655121900773	0.35941402315607096	0.29781235647196613
18.4	0.04188274346064996	0.3585028643953794	0.29687333821509876
18.8	0.04188672053711745	0.35769347223924663	0.2960136241906861
19.2	0.041888954288249444	0.35697668137235583	0.29522806781137323
19.6	0.04188991592059674	0.3563430104340317	0.29451152248980206
20.0	0.04189002375820357	0.3557836101543148	0.2938586077028269
20.4	0.04188961846969933	0.35529121149002174	0.2932646447346685
20.8	0.041888957182442156	0.3548585453979691	0.2927251888053366
21.2	0.041888219337756126	0.35447834283497537	0.2922357951348413
21.6	0.04188751878474316	0.3541455470753472	0.2917917850074039
22.0	0.041886918187912965	0.3538538372119695	0.2913898833219779
22.4	0.041886443187265275	0.3535987886098617	0.29102564529857444
22.8	0.04188609483509504	0.35337566058868575	0.29069673157930254
23.2	0.04188585963542684	0.35318129269488585	0.2903991652557507
23.6	0.04188571705760046	0.3530115763388362	0.29013037303424083
24.0	0.0418856447300795	0.35286366711233486	0.28988778162109385
24.4	0.04188562169394452	0.3527347206071796	0.2896685837868427
24.8	0.041885630155010865	0.3526225245058807	0.2894709080451747
25.2	0.04188565615950581	0.3525251825363025	0.2892926489739911
25.6	0.041885689562664655	0.35244016633560005	0.2891321690227673
26.0	0.041885723585826894	0.3523662117223494	0.28898736276940395
26.4	0.04188575418137185	0.3523020545151274	0.28885682659916556
26.8	0.04188577935564246	0.35224674657786714	0.2887393908331104
27.2	0.04188579854266422	0.35219839163843414	0.28863318398492455
27.6	0.04188581207746908	0.35215635760611663	0.2885377381830305
28.0	0.04188582078657159	0.35211969634484674	0.2884521176842729
28.4	0.04188582569284101	0.35208840785462536	0.28837468493812857
28.8	0.04188582782040343	0.3520609119086733	0.2883052060088085
29.2	0.04188582807999494	0.3520372085069905	0.2882427451531573
29.6	0.04188582721430925	0.35201666555886524	0.2881863666280191
30.0	0.04188582578464762	0.3519986509735862	0.28813560256181603
30.4	0.041885824183297664	0.3519831647511533	0.28808998508296924
30.8	0.04188582265963342	0.3519698908462101	0.2880490463199026
31.2	0.04188582135136015	0.35195819716804744	0.2880120844652474
31.6	0.0418858203152968	0.35194808371666264	0.2879790995190046
32.0	0.041885819554456694	0.3519395504920566	0.28794915573801827
32.4	0.04188581903993779	0.351931965403518	0.2879222531222885
32.8	0.0418858187273271	0.35192532845104685	0.2878981577360258
33.2	0.04188581856805733	0.3519196396346431	0.28787640170765316
33.6	0.04188581851653521	0.35191489895430683	0.2878569850371697
34.0	0.04188581853399386	0.35191047431932576	0.2878394398529984
34.4	0.0418858185899931	0.3519069978204121	0.2878237661551384
34.8	0.04188581866237206	0.3519038373668546	0.2878094960720121
35.2	0.041885818736298756	0.3519009929586523	0.28779686353940814
35.6	0.04188581880289552	0.3518984645958061	0.2877854006857494
36.0	0.04188581885776873	0.35189656832367167	0.28777510751103463
36.4	0.04188581889964613	0.3518946720515377	0.287765750079477
36.8	0.04188581892922926	0.35189309182475803	0.28775756232686334
37.2	0.04188581894829994	0.35189182764333493	0.287750076381617
37.6	0.041885818959075415	0.35189056346191183	0.28774329224373707
38.0	0.04188581896378148	0.35188961532584484	0.2877372099132245
38.4	0.04188581896440085	0.3518886671897774	0.2877318293900788
38.8	0.04188581896255263	0.35188803509906563	0.2877269167385097
39.2	0.041885818959462105	0.35188771905370997	0.2877227058943097
39.6	0.041885818955986844	0.35188677091764253	0.2877187289858969
40.0	0.041885818952673064	0.35188645487228687	0.2877149860132735
40.4	0.041885818949823336	0.35188582278157554	0.28771194484801743
40.8	0.04188581894756354	0.35188582278157554	0.2877091376185499
41.2	0.04188581894590182	0.35188550673621943	0.2877065643248713
41.6	0.041885818944776304	0.3518848746455081	0.28770399103119315
42.0	0.04188581894409092	0.3518848746455081	0.2877018856090925
42.4	0.04188581894374024	0.3518848746455081	0.28770024805856886
42.8	0.04188581894362508	0.35188455860015244	0.2876986105080461
43.2	0.04188581894366099	0.35188424255479633	0.2876969729575234
43.6	0.04188581894378156	0.35188424255479633	0.287695803278579
44.0	0.04188581894393838	0.35188392650944067	0.2876946335996342
44.4	0.041885818944099	0.35188392650944067	0.28769346392068984
44.8	0.04188581894424396	0.35188392650944067	0.287692528177534
45.2	0.041885818944363565	0.35188392650944067	0.2876913584985892
45.6	0.041885818944454964	0.35188392650944067	0.28769065669122273
46.0	0.04188581894451962	0.35188392650944067	0.2876899548838554
46.4	0.04188581894456138	0.351883610464085	0.2876892530764885
46.8	0.04188581894458505	0.351883610464085	0.2876887852049106
47.2	0.04188581894459545	0.351883610464085	0.28768831733333267
47.6	0.04188581894459692	0.351883610464085	0.2876878494617543
48.0	0.04188581894459297	0.351883610464085	0.28768738159017726
48.4	0.041885818944586296	0.351883610464085	0.2876869137185989
48.8	0.041885818944578754	0.351883610464085	0.28768667978280993
49.2	0.041885818944571544	0.351883610464085	0.28768644584702097
49.6	0.04188581894456534	0.351883610464085	0.287686211911232
50.0	0.04188581894456041	0.351883610464085	0.28768597797544304
50.4	0.04188581894455678	0.351883610464085	0.2876857440396545
50.8	0.041885818944554315	0.351883610464085	0.2876855101038651
51.2	0.041885818944552816	0.351883610464085	0.2876852761680757
51.6	0.041885818944552046	0.351883610464085	0.2876850422322872
52.0	0.04188581894455179	0.351883610464085	0.2876850422322872
52.4	0.04188581894455186	0.351883610464085	0.2876848082964987
52.8	0.04188581894455212	0.351883610464085	0.2876848082964987
53.2	0.04188581894455246	0.351883610464085	0.28768457436070927
53.6	0.04188581894455281	0.35188329441872934	0.28768457436070927
54.0	0.04188581894455312	0.35188329441872934	0.28768457436070927
54.4	0.041885818944553385	0.35188329441872934	0.2876843404249203
54.8	0.041885818944553586	0.35188329441872934	0.2876843404249203
55.2	0.041885818944553725	0.35188329441872934	0.2876843404249203
55.6	0.041885818944553815	0.35188329441872934	0.2876843404249203
56.0	0.04188581894455387	0.35188329441872934	0.28768410648913134
56.4	0.04188581894455389	0.35188329441872934	0.28768410648913134
56.8	0.04188581894455389	0.35188329441872934	0.28768410648913134
57.2	0.041885818944553885	0.35188329441872934	0.28768410648913134
57.6	0.04188581894455387	0.35188329441872934	0.28768410648913134
58.0	0.04188581894455386	0.35188329441872934	0.28768387255334193
58.4	0.04188581894455384	0.35188329441872934	0.28768387255334193
58.8	0.04188581894455383	0.35188329441872934	0.28768387255334193
59.2	0.041885818944553815	0.35188329441872934	0.28768387255334193
59.6	0.04188581894455381	0.35188329441872934	0.28768387255334193
60.0	0.0418858189445538	0.35188329441872934	0.28768387255334193
60.4	0.0418858189445538	0.35188329441872934	0.28768387255334193
60.8	0.041885818944553795	0.35188329441872934	0.28768387255334193
61.2	0.041885818944553795	0.35188329441872934	0.28768387255334193
61.6	0.041885818944553795	0.35188329441872934	0.28768387255334193
62.0	0.041885818944553795	0.35188329441872934	0.28768387255334193
62.4	0.0418858189445538	0.35188329441872934	0.28768387255334193
62.8	0.0418858189445538	0.35188329441872934	0.28768387255334193
63.2	0.0418858189445538	0.35188329441872934	0.28768387255334193
63.6	0.0418858189445538	0.35188329441872934	0.28768387255334193
64.0	0.0418858189445538	0.35188329441872934	0.28768387255334193
64.4	0.0418858189445538	0.35188329441872934	0.28768387255334193
64.8	0.0418858189445538	0.35188329441872934	0.28768387255334193
65.2	0.0418858189445538	0.35188329441872934	0.28768387255334193
65.6	0.0418858189445538	0.35188329441872934	0.28768387255334193
66.0	0.0418858189445538	0.35188329441872934	0.28768387255334193
66.4	0.0418858189445538	0.35188329441872934	0.28768387255334193
66.8	0.0418858189445538	0.35188329441872934	0.28768387255334193
67.2	0.0418858189445538	0.35188329441872934	0.28768387255334193
67.6	0.0418858189445538	0.35188329441872934	0.28768387255334193
68.0	0.0418858189445538	0.35188329441872934	0.28768387255334193
68.4	0.0418858189445538	0.35188329441872934	0.28768387255334193
68.8	0.0418858189445538	0.35188329441872934	0.28768387255334193
69.2	0.0418858189445538	0.35188329441872934	0.28768387255334193
69.6	0.0418858189445538	0.35188329441872934	0.28768387255334193
70.0	0.0418858189445538	0.35188329441872934	0.28768387255334193
70.4	0.0418858189445538	0.35188329441872934	0.28768387255334193
70.8	0.0418858189445538	0.35188329441872934	0.28768387255334193
71.2	0.0418858189445538	0.35188329441872934	0.28768387255334193
71.6	0.0418858189445538	0.35188329441872934	0.28768387255334193
72.0	0.0418858189445538	0.35188329441872934	0.28768387255334193
72.4	0.0418858189445538	0.35188329441872934	0.28768387255334193
72.8	0.0418858189445538	0.35188329441872934	0.28768387255334193
73.2	0.0418858189445538	0.35188329441872934	0.28768387255334193
73.6	0.0418858189445538	0.35188329441872934	0.28768387255334193
74.0	0.0418858189445538	0.35188329441872934	0.28768387255334193
74.4	0.0418858189445538	0.35188329441872934	0.28768387255334193
74.8	0.0418858189445538	0.35188329441872934	0.28768387255334193
75.2	0.0418858189445538	0.35188329441872934	0.28768387255334193
75.6	0.0418858189445538	0.35188329441872934	0.28768387255334193
76.0	0.0418858189445538	0.35188329441872934	0.28768387255334193
76.4	0.0418858189445538	0.35188329441872934	0.28768387255334193
76.8	0.0418858189445538	0.35188329441872934	0.28768387255334193
77.2	0.0418858189445538	0.35188329441872934	0.28768387255334193
77.6	0.0418858189445538	0.35188329441872934	0.28768387255334193
78.0	0.0418858189445538	0.35188329441872934	0.28768387255334193
78.4	0.0418858189445538	0.35188329441872934	0.28768387255334193
78.8	0.0418858189445538	0.35188329441872934	0.28768387255334193
79.2	0.0418858189445538	0.35188329441872934	0.28768387255334193
79.6	0.0418858189445538	0.35188329441872934	0.28768387255334193
80.0	0.0418858189445538	0.35188329441872934	0.28768387255334193
80.4	0.0418858189445538	0.35188329441872934	0.28768387255334193
80.8	0.0418858189445538	0.35188329441872934	0.28768387255334193
