Time	ABP	LCBFV	RCBFV
-78.0	0.06741172682284972	0.11482889864507007	0.25705313943231856
-77.6	0.15612652045881448	0.13803051391448928	0.34638594768669995
-77.2	0.2975677181095899	0.18213128908942666	0.4594376006396015
-76.8	0.4541929961230602	0.2810930404419594	0.546390838947528
-76.4	0.6022759326594176	0.4732384900896651	0.4908065443508449
-76.0	0.728842978426972	0.696595195164647	0.24422083333841726
-75.6	0.8286774149961178	0.8184670206537703	0.00042531630811470933
-75.2	0.9016965055123313	0.8367789438046067	-0.06390187887928711
-74.8	0.9508399671791976	0.7921716240884868	-0.02530151164266803
-74.4	0.9804938551142541	0.7161090440627911	0.019693416111397077
-74.0	0.9954043304929681	0.6392592811728393	0.07386285106289492
-73.6	1.0	0.5814022128747784	0.15893156171098122
-73.2	0.9980295716085953	0.5479905523829007	0.2571002282254766
-72.8	0.9924249549652986	0.5337623856536138	0.34946892172990873
-72.4	0.9853119355764359	0.5307270434180325	0.4230865162222548
-72.0	0.9781062734164401	0.5324180692109155	0.4717524179755377
-71.6	0.9716492296567552	0.5349880795261854	0.4948813108509733
-71.2	0.9663511315561246	0.5368498433198199	0.49620321282676505
-70.8	0.9623236563673749	0.5378417809512612	0.4828021814642094
-70.4	0.9594907526201965	0.5384545188594498	0.46221876723650945
-70.0	0.9576746622991714	0.5392774629396997	0.4406374609672836
-69.6	0.9566577430203744	0.5407057310175056	0.4220154291654583
-69.2	0.9562231973496089	0.5428542387076765	0.40802103021244074
-68.8	0.9561788834733969	0.5456024009343312	0.3984673728359054
-68.4	0.9563685425469809	0.5486977086235609	0.3921286845134495
-68.0	0.9566743894794315	0.5518584331713159	0.38753154958767144
-67.6	0.9570143460368283	0.5548473294373442	0.38352168266775033
-67.2	0.9573364377578013	0.5575071789049892	0.37948863732632665
-66.8	0.9576121506577112	0.5597666771984584	0.3753326243592472
-66.4	0.9578299177351507	0.561621463193851	0.37128054831385393
-66.0	0.957989407519589	0.5631149300739864	0.3676722780443846
-65.6	0.958096919831518	0.5643100960792466	0.3647820508747235
-65.2	0.9581619444793907	0.5652730322367416	0.3627252709456119
-64.8	0.9581947860024498	0.5660628317753393	0.3614502137795941
-64.4	0.9582050787931264	0.5667233239902507	0.36078950677508237
-64.0	0.9582009902739096	0.5672869992545446	0.3605325922714817
-63.6	0.958188916704134	0.5677730465133894	0.3604862354284766
-63.2	0.9581735020197326	0.568193240801318	0.3605118536838221
-62.8	0.9581578441679759	0.5685552140851589	0.3605308843877921
-62.4	0.958143788492917	0.5688635455450086	0.3605179532684284
-62.0	0.9581322395178903	0.5691225963047701	0.36047720804326033
-61.6	0.9581234487809865	0.5693373816569283	0.36042597153257105
-61.2	0.9581172565393483	0.5695126988377766	0.3603798586729501
-60.8	0.9581132794628786	0.5696537811959961	0.36034838481638376
-60.4	0.9581110457117459	0.5697660801364655	0.360330574029335
-60.0	0.9581100840793987	0.5698552651202551	0.3603220346108862
-59.6	0.9581099762417915	0.5699248250464866	0.3603149590927437
-59.2	0.9581103815302958	0.5699793390952581	0.3603049557739899
-58.8	0.9581110428175537	0.5700218600532994	0.36028885287062984
-58.4	0.9581117806622393	0.5700545684825622	0.36026616241589604
-58.0	0.9581124812152524	0.5700796449449972	0.36023908026024554
-57.6	0.9581130818120823	0.5700986158339694	0.36021004623752173
-57.2	0.9581135568127304	0.57011322559904	0.36018150018156625
-56.8	0.9581139051649005	0.5701236922964039	0.3601546620092999
-56.4	0.9581141403645693	0.5701311062070369	0.36013001968749236
-56.0	0.9581142829423992	0.570136775668109	0.3601068412659898
-55.6	0.9581143552699152	0.5701404826234255	0.36008610267832974
-55.2	0.9581143783060494	0.5701428812415719	0.36006634002420723
-54.8	0.9581143698449829	0.5701437534663518	0.3600475533036205
-54.4	0.9581143438404887	0.5701444076349378	0.36002949853318666
-54.0	0.9581143104373315	0.5701446256911322	0.3600124196962904
-53.6	0.9581142764141715	0.570144189578742	0.35999656077631537
-53.2	0.9581142458186219	0.5701437534663518	0.3599814338064924
-52.8	0.9581142206443499	0.5701430992977667	0.35996752675359067
-52.4	0.9581142014573277	0.5701420090167915	0.3599545956342265
-52.0	0.9581141879225274	0.5701413548482064	0.35994264044839896
-51.6	0.958114179213424	0.5701407006796209	0.3599316611961081
-51.2	0.958114174307155	0.5701400465110353	0.35992141389397014
-50.8	0.958114172179592	0.5701391742862549	0.3599123865087539
-50.4	0.9581141719200008	0.5701389562300601	0.35990360310692093
-50.0	0.9581141727856862	0.570138302061475	0.3598953076718572
-49.6	0.958114174215348	0.5701380840052797	0.3598879881703301
-49.2	0.958114175816698	0.5701376478928895	0.35988091265218713
-48.8	0.9581141773403621	0.570137429836695	0.3598745690841971
-48.4	0.9581141786486354	0.570136775668109	0.35986871348297544
-48.0	0.9581141796846981	0.5701365576119142	0.3598631018651379
-47.6	0.9581141804455386	0.5701363395557189	0.359857734230685
-47.2	0.9581141809600576	0.5701363395557189	0.35985309854638414
-46.8	0.9581141812726701	0.570136121499524	0.35984895082885204
-46.4	0.9581141814319384	0.570136121499524	0.3598445591279358
-46.0	0.9581141814834578	0.570136121499524	0.3598411433605566
-45.6	0.9581141814660036	0.5701363395557189	0.35983748360979284
-45.2	0.9581141814100037	0.570136121499524	0.3598338238590295
-44.8	0.9581141813376217	0.570136121499524	0.3598308960584191
-44.4	0.9581141812637005	0.570136121499524	0.35982821224119244
-44.0	0.9581141811970996	0.570136121499524	0.35982528444058115
-43.6	0.9581141811422268	0.570136121499524	0.3598228446067391
-43.2	0.9581141811003462	0.570136121499524	0.35982089273966444
-42.8	0.9581141810707701	0.5701363395557189	0.3598186968892074
-42.4	0.9581141810516962	0.5701363395557189	0.3598167450221328
-42.0	0.9581141810409202	0.5701363395557189	0.3598147931550586
-41.6	0.9581141810362146	0.570136121499524	0.3598130852713699
-41.2	0.9581141810355953	0.5701363395557189	0.35981162137106404
-40.8	0.9581141810374432	0.5701363395557189	0.3598104014541428
-40.4	0.9581141810405337	0.5701365576119142	0.35980893755383736
-40.0	0.9581141810440088	0.5701365576119142	0.3598077176369161
-39.6	0.9581141810473229	0.570136775668109	0.3598064977199953
-39.2	0.9581141810501724	0.5701365576119142	0.3598052778030745
-38.8	0.958114181052432	0.570136775668109	0.35980430186953694
-38.4	0.958114181054094	0.570136775668109	0.35980332593599984
-38.0	0.9581141810552191	0.570136775668109	0.3598023500024632
-37.6	0.958114181055909	0.570136775668109	0.35980137406892654
-37.2	0.958114181056257	0.570136775668109	0.35980088610215777
-36.8	0.9581141810563671	0.570136775668109	0.359800398135389
-36.4	0.9581141810563303	0.570136775668109	0.35979942220185235
-36.0	0.9581141810562113	0.570136775668109	0.3597989342350836
-35.6	0.9581141810560556	0.570136775668109	0.3597982022849311
-35.2	0.9581141810558998	0.570136775668109	0.35979771431816276
-34.8	0.9581141810557531	0.570136775668109	0.3597969823680103
-34.4	0.9581141810556342	0.5701369937243044	0.3597964944012415
-34.0	0.9581141810555424	0.5701369937243044	0.35979600643447274
-33.6	0.9581141810554785	0.5701369937243044	0.3597955184677044
-33.2	0.9581141810554344	0.5701369937243044	0.3597952744843207
-32.8	0.9581141810554105	0.5701369937243044	0.3597952744843207
-32.4	0.9581141810554005	0.570137429836695	0.3597945425341673
-32.0	0.9581141810553986	0.5701369937243044	0.3597947865175519
-31.6	0.9581141810554022	0.5701369937243044	0.35979429855078315
-31.2	0.9581141810554096	0.570137429836695	0.359794054567399
-30.8	0.9581141810554169	0.570137429836695	0.35979381058401483
-30.4	0.9581141810554241	0.570137429836695	0.3597933226172465
-30.0	0.9581141810554298	0.570137429836695	0.3597930786338619
-29.6	0.9581141810554351	0.570137429836695	0.35979283465047773
-29.2	0.9581141810554389	0.570137429836695	0.35979283465047773
-28.8	0.9581141810554417	0.570137429836695	0.35979259066709357
-28.4	0.9581141810554417	0.570137429836695	0.3597923466837094
-28.0	0.9581141810554417	0.570137429836695	0.35979210270032524
-27.6	0.9581141810554417	0.5701369937243044	0.35979210270032524
-27.2	0.9581141810554417	0.570137429836695	0.3597918587169415
-26.8	0.9581141810554417	0.570137429836695	0.3597918587169415
-26.4	0.9581141810554417	0.570137429836695	0.3597916147335565
-26.0	0.9581141810554417	0.570137429836695	0.3597916147335565
-25.6	0.9581141810554417	0.570137429836695	0.3597916147335565
-25.2	0.9581141810554417	0.570137429836695	0.3597916147335565
-24.8	0.9581141810554417	0.570137429836695	0.35979137075017187
-24.4	0.9581141810554417	0.570137429836695	0.35979137075017187
-24.0	0.9581141810554417	0.570137429836695	0.35979137075017187
-23.6	0.9581141810554417	0.570137429836695	0.35979112676678815
-23.2	0.9581141810554417	0.570137429836695	0.35979112676678815
-22.8	0.9581141810554417	0.570137429836695	0.359790882783404
-22.4	0.9581141810554417	0.570137429836695	0.3597906388000198
-22.0	0.9581141810554417	0.570137429836695	0.3597906388000198
-21.6	0.9581141810554417	0.570137429836695	0.3597906388000198
-21.2	0.9581141810554417	0.570137429836695	0.359790882783404
-20.8	0.9581141810554417	0.570137429836695	0.359790882783404
-20.4	0.9581141810554417	0.570137429836695	0.359790882783404
-20.0	0.9581141810554417	0.570137429836695	0.359790882783404
-19.6	0.9581141810554417	0.570137429836695	0.3597906388000198
-19.2	0.9581141810554417	0.570137429836695	0.3597906388000198
-18.8	0.9581141810554417	0.570137429836695	0.3597906388000198
-18.4	0.9581141810554417	0.570137429836695	0.35979039481663566
-18.0	0.9581141810554417	0.570137429836695	0.3597906388000198
-17.6	0.9581141810554417	0.570137429836695	0.3597906388000198
-17.2	0.9581141810554417	0.570137429836695	0.3597906388000198
-16.8	0.9581141810554417	0.570137429836695	0.3597906388000198
-16.4	0.9581141810554417	0.570137429836695	0.3597906388000198
-16.0	0.9581141810554417	0.570137429836695	0.3597906388000198
-15.6	0.9581141810554417	0.570137429836695	0.3597906388000198
-15.2	0.9581141810554417	0.570137429836695	0.3597906388000198
-14.8	0.9581141810554417	0.570137429836695	0.3597906388000198
-14.4	0.9581141810554417	0.570137429836695	0.35979039481663566
-14.0	0.9581141810554417	0.5701376478928895	0.35979039481663566
-13.6	0.9581141810554417	0.570137429836695	0.35979039481663566
-13.2	0.9581141810554417	0.570137429836695	0.35979039481663566
-12.8	0.9581141810554417	0.570137429836695	0.35979039481663566
-12.4	0.9581141810554417	0.570137429836695	0.3597906388000198
-12.0	0.9581141810554417	0.570137429836695	0.3597906388000198
-11.6	0.9581141810554417	0.570137429836695	0.3597906388000198
-11.2	0.9581141810554417	0.570137429836695	0.3597906388000198
-10.8	0.9581141810554417	0.570137429836695	0.3597906388000198
-10.4	0.9581141810554417	0.570137429836695	0.3597906388000198
-10.0	0.9581141810554417	0.570137429836695	0.35979039481663566
-9.6	0.9581141810554417	0.570137429836695	0.35979039481663566
-9.2	0.9581141810554417	0.570137429836695	0.35979015083325105
-8.8	0.9581141810554417	0.570137429836695	0.35979015083325105
-8.4	0.9581141810554417	0.570137429836695	0.35979039481663566
-8.0	0.9581141810554417	0.570137429836695	0.3597906388000198
-7.6	0.9581141810554417	0.570137429836695	0.3597906388000198
-7.2	0.9581141810554417	0.570137429836695	0.3597906388000198
-6.8	0.9581141810554417	0.570137429836695	0.3597906388000198
-6.4	0.9581141810554417	0.570137429836695	0.35979039481663566
-6.0	0.9581141810554417	0.5701376478928895	0.3597906388000198
-5.6	0.9581141810554417	0.570137429836695	0.35979015083325105
-5.2	0.9581141810554417	0.570137429836695	0.35979015083325105
-4.8	0.9581141810554417	0.570137429836695	0.35979015083325105
-4.4	0.9581141810554417	0.570137429836695	0.35979015083325105
-4.0	0.9581141810554417	0.570137429836695	0.35979015083325105
-3.6	0.9581141810554417	0.570137429836695	0.3597906388000198
-3.2	0.9581141810554417	0.570137429836695	0.3597906388000198
-2.8	0.9581141810554417	0.570137429836695	0.3597906388000198
-2.4	0.9581141810554417	0.570137429836695	0.3597906388000198
-2.0	0.9581141810554417	0.570137429836695	0.35979039481663566
-1.6	0.9581141810554417	0.570137429836695	0.35979039481663566
-1.2	0.9581141810554417	0.570137429836695	0.35979015083325105
-0.8	0.9581141810554417	0.570137429836695	0.35979015083325105
-0.4	0.9581141810554417	0.570137429836695	0.35979015083325105
0.0	0.9581141810554417	0.570137429836695	0.35979015083325105
0.4	0.9581141810554417	0.570137429836695	0.35979015083325105
0.8	0.9581141810554417	0.5701376478928895	0.35979039481663566
1.2	0.9581141810554417	0.570137429836695	0.3597906388000198
1.6	0.9325882731771457	0.5554833993584065	0.3415236028222579
2.0	0.843873479541181	0.4972368826959239	0.2753379861971288
2.4	0.7024322818904056	0.38533654895183655	0.17345345274071766
2.8	0.5458070038769351	0.2454907874142589	0.10892204346071033
3.2	0.39772406734057786	0.12389676551767348	0.12443987466489892
3.6	0.2711570215730236	0.058005416711711	0.16808581828752223
4.0	0.17132258500387848	0.05664758078491827	0.22235894617732033
4.4	0.0983034944876641	0.10715462891525362	0.2997331528367506
4.8	0.04916003282079817	0.18821178608936817	0.381282647150615
5.2	0.01950614488574446	0.2766647552321757	0.4412720617496819
5.6	0.004595669507025765	0.35483920950726855	0.4628389729992377
6.0	0.0	0.41505869862287836	0.45014720133465635
6.4	0.001970428391404537	0.4572948752736452	0.42020678033811576
6.8	0.007575045034696991	0.48470584733298283	0.3920806197867548
7.2	0.014688064423555941	0.5008908503569613	0.3735969265637915
7.6	0.02189372658355987	0.5089142280551084	0.36330741530039967
8.0	0.028350770343242414	0.5111750346857482	0.35687674524208735
8.4	0.03364886844387128	0.5095204242774445	0.35192729830947256
8.8	0.03767634363262206	0.5053773565708322	0.3473840837116109
9.2	0.04050924737979743	0.49983916532806694	0.3433790964593739
9.6	0.04232533770082475	0.49371898210062026	0.34019096557756034
10.0	0.04334225697962158	0.4875892044005896	0.33818639809267603
10.4	0.0437768026503866	0.481821181928205	0.3373075699426571
10.8	0.04382111652659886	0.4766227222373818	0.33738369275853897
11.2	0.0436314574530143	0.4720773408508383	0.3380714819187012
11.6	0.04332561052056362	0.4681798044198908	0.3391354934573543
12.0	0.042985653963167406	0.46486556831079673	0.3403561423286878
12.4	0.042663562242194204	0.4620365072357657	0.34163583517900653
12.8	0.0423878493422843	0.4595816305915008	0.34288698197336975
13.2	0.0421700822648452	0.4573914741680678	0.3440800607222845
13.6	0.04201059248040673	0.4553709654644118	0.3451738382338152
14.0	0.04190308016847743	0.4534450931494223	0.3461568472889027
14.4	0.04183805552060373	0.45156217790486464	0.34701200905065077
14.8	0.04180521399754266	0.44969343631298697	0.34774615505381723
15.2	0.04179492120687013	0.44782840167642624	0.34836270106578215
15.6	0.04179900972608181	0.44596969066952274	0.34887994584036264
16.0	0.041811083295859995	0.4441295144392017	0.3493100885467708
16.4	0.041826497980267635	0.44232335497531405	0.34967118395544006
16.8	0.04184215583202051	0.4405671303801002	0.3499744553020463
17.2	0.0418562115070811	0.4388750143062423	0.3502323457391836
17.6	0.04186776048210639	0.43725790956349275	0.3504533946853017
18.0	0.04187655121900773	0.43572388423107045	0.35064516562531134
18.4	0.04188274346064996	0.43427751748907273	0.35081302619366594
18.8	0.04188672053711745	0.43292120795564504	0.3509616120746659
19.2	0.041888954288249444	0.43165430146220185	0.3510931191187687
19.6	0.04188991592059674	0.4304752716153786	0.35121047512658654
20.0	0.04189002375820357	0.4293815017408322	0.35131538798180806
20.4	0.04188961846969933	0.42836863071466347	0.35140932158473914
20.8	0.041888957182442156	0.42743316963774936	0.35149300788553184
21.2	0.041888219337756126	0.42657032127379857	0.35156717883433997
21.6	0.04188751878474316	0.4257755064427142	0.3516335423148522
22.0	0.041886918187912965	0.42504436402059476	0.35169185434368444
22.4	0.041886443187265275	0.42437253288353816	0.35174284687099
22.8	0.04188609483509504	0.4237556519076433	0.35178798379707343
23.2	0.04188585963542684	0.42318979608139795	0.35182702113855147
23.6	0.04188571705760046	0.4226706042809014	0.3518611788123449
24.0	0.0418856447300795	0.4221950237194205	0.3518907008018375
24.4	0.04188562169394452	0.42175912938544613	0.3519163190571817
24.8	0.041885630155010865	0.421360522660831	0.351938277561763
25.2	0.04188565615950581	0.4209952785340638	0.35195682029896513
25.6	0.041885689562664655	0.420661216443194	0.3519726792189397
26.0	0.041885723585826894	0.42035571971387986	0.35198609830507355
26.4	0.04188575418137185	0.42007617167178113	0.3519975655241323
26.8	0.04188577935564246	0.419820827867337	0.35200708087611776
27.2	0.04188579854266422	0.4195872896824011	0.3520148883444132
27.6	0.04188581207746908	0.4193738126674127	0.35202123191240364
28.0	0.04188582078657159	0.41917887042900714	0.3520263555634724
28.4	0.04188582569284101	0.41900071851762277	0.35203050328100405
28.8	0.04188582782040343	0.4188380485960894	0.3520336750649995
29.2	0.04188582807999494	0.41868933427104205	0.3520358709154574
29.6	0.04188582721430925	0.4185537033176985	0.3520373348157628
30.0	0.04188582578464762	0.4184296293426959	0.3520383107492999
30.4	0.041885824183297664	0.41831645817744656	0.35203855473268364
30.8	0.04188582265963342	0.4182130995409761	0.35203855473268364
31.2	0.04188582135136015	0.41811889926469936	0.35203806676591576
31.6	0.0418858203152968	0.41803276706764114	0.3520373348157628
32.0	0.041885819554456694	0.41795404878121545	0.35203611489884157
32.4	0.04188581903993779	0.41788230829303297	0.3520346509985357
32.8	0.0418858187273271	0.41781667337831196	0.3520334310816149
33.2	0.04188581856805733	0.41775692598085845	0.3520317231979253
33.6	0.04188581851653521	0.41770219387589247	0.35202977133085156
34.0	0.04188581853399386	0.41765247706341313	0.3520278194637778
34.4	0.0418858185899931	0.41760712137483535	0.352025623613319
34.8	0.04188581866237206	0.41756547264157406	0.3520239157296299
35.2	0.041885818736298756	0.4175277489198246	0.35202171987917197
35.6	0.04188581880289552	0.4174930779848056	0.35201952402871406
36.0	0.04188581885776873	0.4174614598365185	0.35201732817825615
36.4	0.04188581889964613	0.41743289447496235	0.3520151323277969
36.8	0.04188581892922926	0.4174062916191623	0.3520131804607236
37.2	0.04188581894829994	0.41738252349389793	0.35201098461026525
37.6	0.041885818959075415	0.4173607178743892	0.35200878875980735
38.0	0.04188581896378148	0.41734065670444176	0.35200683689273315
38.4	0.04188581896440085	0.41732255804024954	0.3520048850256594
38.8	0.04188581896255263	0.4173057677132279	0.35200293315858566
39.2	0.041885818959462105	0.4172905037795722	0.35200146925828024
39.6	0.041885818955986844	0.417276766239282	0.35199951739120694
40.0	0.041885818952673064	0.4172641189799666	0.3519975655241323
40.4	0.041885818949823336	0.41725234394543254	0.35199610162382733
40.8	0.04188581894756354	0.4172418772480677	0.35199439374013686
41.2	0.04188581894590182	0.41723228277548463	0.3519929298398319
41.6	0.041885818944776304	0.41722356052768106	0.35199146593952646
42.0	0.04188581894409092	0.41721549244846257	0.3519900020392215
42.4	0.04188581894374024	0.41720807853783004	0.3519885381389156
42.8	0.04188581894362508	0.4172015368519779	0.35198731822199436
43.2	0.04188581894366099	0.4171954312785151	0.35198609830507355
43.6	0.04188581894378156	0.4171899798736378	0.3519848783881523
44.0	0.04188581894393838	0.41718474652495585	0.35198365847123103
44.4	0.041885818944099	0.41718016734485897	0.35198268253769394
44.8	0.04188581894424396	0.4171758062209574	0.35198170660415684
45.2	0.041885818944363565	0.41717209926564136	0.3519807306706202
45.6	0.041885818944454964	0.41716839231032443	0.3519797547370831
46.0	0.04188581894451962	0.41716533952359347	0.351978778803546
46.4	0.04188581894456138	0.4171625047930574	0.3519778028700098
46.8	0.04188581894458505	0.41715967006252086	0.3519770709198564
47.2	0.04188581894459545	0.4171572714443754	0.35197633896970393
47.6	0.04188581894459692	0.4171550908824244	0.351975607019551
48.0	0.04188581894459297	0.4171529103204734	0.35197463108601434
48.4	0.041885818944586296	0.41715094781471773	0.3519741431192456
48.8	0.041885818944578754	0.41714942142135225	0.3519734111690931
49.2	0.041885818944571544	0.41714789502798677	0.3519729232023243
49.6	0.04188581894456534	0.41714658669081617	0.351972435235556
50.0	0.04188581894456041	0.4171450602974507	0.35197194726878767
50.4	0.04188581894455678	0.41714397001647496	0.3519714593020189
50.8	0.041885818944554315	0.4171428797354997	0.35197097133525057
51.2	0.041885818944552816	0.4171420075107193	0.3519704833684827
51.6	0.041885818944552046	0.41714113528593844	0.3519702393850981
52.0	0.04188581894455179	0.4171400450049636	0.3519699954017135
52.4	0.04188581894455186	0.4171393908363781	0.35196950743494515
52.8	0.04188581894455212	0.4171389547239879	0.351969263451561
53.2	0.04188581894455246	0.4171380824992079	0.3519687754847931
53.6	0.04188581894455281	0.4171376463868177	0.35196828751802434
54.0	0.04188581894455312	0.4171369922182322	0.35196804353463973
54.4	0.041885818944553385	0.41713677416203776	0.35196779955125557
54.8	0.041885818944553586	0.4171363380496471	0.3519675555678714
55.2	0.041885818944553725	0.41713568388106204	0.35196731158448724
55.6	0.041885818944553815	0.4171352477686723	0.3519670676011031
56.0	0.04188581894455387	0.4171350297124765	0.35196682361771847
56.4	0.04188581894455389	0.41713481165628163	0.35196657963433475
56.8	0.04188581894455389	0.4171345936000863	0.35196633565095015
57.2	0.041885818944553885	0.41713437554389143	0.3519660916675664
57.6	0.04188581894455387	0.4171341574876961	0.3519658476841818
58.0	0.04188581894455386	0.41713393943150123	0.3519658476841818
58.4	0.04188581894455384	0.41713372137530635	0.35196535971741305
58.8	0.04188581894455383	0.41713350331911103	0.35196535971741305
59.2	0.041885818944553815	0.41713350331911103	0.35196535971741305
59.6	0.04188581894455381	0.41713306720672083	0.35196535971741305
60.0	0.0418858189445538	0.4171328491505255	0.35196487175064517
60.4	0.0418858189445538	0.4171328491505255	0.35196487175064517
60.8	0.041885818944553795	0.41713263109433063	0.35196487175064517
61.2	0.041885818944553795	0.41713263109433063	0.35196462776726056
61.6	0.041885818944553795	0.41713263109433063	0.35196462776726056
62.0	0.041885818944553795	0.41713241303813575	0.35196462776726056
62.4	0.0418858189445538	0.41713241303813575	0.35196462776726056
62.8	0.0418858189445538	0.41713241303813575	0.35196438378387596
63.2	0.0418858189445538	0.41713241303813575	0.35196438378387596
63.6	0.0418858189445538	0.4171321949819409	0.35196413980049224
64.0	0.0418858189445538	0.4171321949819409	0.35196413980049224
64.4	0.0418858189445538	0.4171321949819409	0.35196413980049224
64.8	0.0418858189445538	0.41713197692574555	0.35196413980049224
65.2	0.0418858189445538	0.41713197692574555	0.35196413980049224
65.6	0.0418858189445538	0.41713197692574555	0.35196413980049224
66.0	0.0418858189445538	0.41713197692574555	0.35196389581710763
66.4	0.0418858189445538	0.41713197692574555	0.35196389581710763
66.8	0.0418858189445538	0.41713197692574555	0.35196389581710763
67.2	0.0418858189445538	0.41713197692574555	0.35196389581710763
67.6	0.0418858189445538	0.41713197692574555	0.35196365183372347
68.0	0.0418858189445538	0.4171317588695498	0.35196365183372347
68.4	0.0418858189445538	0.4171317588695498	0.35196365183372347
68.8	0.0418858189445538	0.4171317588695498	0.35196365183372347
69.2	0.0418858189445538	0.4171317588695498	0.35196365183372347
69.6	0.0418858189445538	0.4171317588695498	0.35196365183372347
70.0	0.0418858189445538	0.4171317588695498	0.35196365183372347
70.4	0.0418858189445538	0.4171317588695498	0.3519634078503393
70.8	0.0418858189445538	0.4171317588695498	0.3519634078503393
71.2	0.0418858189445538	0.4171317588695498	0.3519634078503393
71.6	0.0418858189445538	0.4171317588695498	0.3519634078503393
72.0	0.0418858189445538	0.4171317588695498	0.3519634078503393
72.4	0.0418858189445538	0.4171317588695498	0.3519634078503393
72.8	0.0418858189445538	0.4171317588695498	0.3519634078503393
73.2	0.0418858189445538	0.41713154081335535	0.3519634078503393
73.6	0.0418858189445538	0.41713154081335535	0.3519634078503393
74.0	0.0418858189445538	0.41713154081335535	0.3519634078503393
74.4	0.0418858189445538	0.41713154081335535	0.3519634078503393
74.8	0.0418858189445538	0.41713154081335535	0.3519634078503393
75.2	0.0418858189445538	0.41713154081335535	0.3519634078503393
75.6	0.0418858189445538	0.41713154081335535	0.3519634078503393
76.0	0.0418858189445538	0.41713154081335535	0.3519634078503393
76.4	0.0418858189445538	0.41713154081335535	0.3519631638669547
76.8	0.0418858189445538	0.41713154081335535	0.3519631638669547
77.2	0.0418858189445538	0.41713154081335535	0.3519631638669547
77.6	0.0418858189445538	0.41713154081335535	0.3519631638669547
78.0	0.0418858189445538	0.41713154081335535	0.3519631638669547
78.4	0.0418858189445538	0.41713154081335535	0.3519631638669547
78.8	0.0418858189445538	0.41713154081335535	0.3519631638669547
79.2	0.0418858189445538	0.41713154081335535	0.351962919883571
79.6	0.0418858189445538	0.41713154081335535	0.351962919883571
80.0	0.0418858189445538	0.41713154081335535	0.3519631638669547
80.4	0.0418858189445538	0.41713154081335535	0.3519631638669547
80.8	0.0418858189445538	0.41713154081335535	0.3519631638669547
