Time	ABP	LCBFV	RCBFV
-78.0	0.06741172682284972	0.14427183057423498	0.14130338520089758
-77.6	0.15612652045881448	0.19631078383914247	0.18070250720669367
-77.2	0.2975677181095899	0.3206422258308854	0.2705645270534709
-76.8	0.4541929961230602	0.5763794817202776	0.4672897308706312
-76.4	0.6022759326594176	0.8044856193757925	0.6931312122549951
-76.0	0.728842978426972	0.8879068058924489	0.7911616350580779
-75.6	0.8286774149961178	0.9060124606444755	0.7821397420681651
-75.2	0.9016965055123313	0.8982751919265528	0.7240673388803258
-74.8	0.9508399671791976	0.8768501183987234	0.6649525317300715
-74.4	0.9804938551142541	0.8493286605142285	0.6255518844676411
-74.0	0.9954043304929681	0.8215304930147926	0.6012658767664059
-73.6	1.0	0.7962866805869697	0.5832464948927236
-73.2	0.9980295716085953	0.774141138563698	0.5673517955101577
-72.8	0.9924249549652986	0.7548103949418223	0.5531248553099317
-72.4	0.9853119355764359	0.737929829059647	0.5410720594945224
-72.0	0.9781062734164401	0.7232101203620509	0.5313853725060054
-71.6	0.9716492296567552	0.7104145852616175	0.523854526822698
-71.2	0.9663511315561246	0.6993301171460473	0.5181245734364954
-70.8	0.9623236563673749	0.6897498234895054	0.5138658390206556
-70.4	0.9594907526201965	0.6814713809473809	0.5108070457881375
-70.0	0.9576746622991714	0.6743016045375123	0.508720930500481
-69.6	0.9566577430203744	0.6680643066318921	0.5074096455828796
-69.2	0.9562231973496089	0.6626034039998987	0.5067010549295001
-68.8	0.9561788834733969	0.6577865731532779	0.5064506949477243
-68.4	0.9563685425469809	0.6535056158806394	0.5065419924519574
-68.0	0.9566743894794315	0.6496711589972355	0.5068829962565511
-67.6	0.9570143460368283	0.646213750948458	0.507401801405905
-67.2	0.9573364377578013	0.6430785615596162	0.50804328076739
-66.8	0.9576121506577112	0.6402219094582051	0.5087642913676467
-66.4	0.9578299177351507	0.6376097999359174	0.5095312775607268
-66.0	0.957989407519589	0.6352150006726549	0.5103180920900487
-65.6	0.958096919831518	0.6330159451330406	0.5111051245131755
-65.2	0.9581619444793907	0.6309930772214338	0.5118755970071338
-64.8	0.9581947860024498	0.6291317755579171	0.5126183969878753
-64.4	0.9582050787931264	0.6274181498315681	0.5133235013403774
-64.0	0.9582009902739096	0.6258394063349599	0.5139852448257143
-63.6	0.958188916704134	0.624385127334901	0.5145981800987642
-63.2	0.9581735020197326	0.6230447123309499	0.5151599103276734
-62.8	0.9581578441679759	0.621809571262407	0.5156691281496135
-62.4	0.958143788492917	0.620670382999573	0.5161262693521937
-62.0	0.9581322395178903	0.6196196540852408	0.5165322055106336
-61.6	0.9581234487809865	0.6186502565967009	0.516888897669177
-61.2	0.9581172565393483	0.6177552453784916	0.5171987426596774
-60.8	0.9581132794628786	0.6169284063441483	0.5174654446768163
-60.4	0.9581110457117459	0.6161644392434513	0.517691618446253
-60.0	0.9581100840793987	0.6154585921279265	0.5178814039502795
-59.6	0.9581099762417915	0.6148055647473547	0.5180385053835783
-59.2	0.9581103815302958	0.614201336222258	0.5181655374718073
-58.8	0.9581110428175537	0.6136422512076565	0.5182670759848689
-58.4	0.9581117806622393	0.6131246543585718	0.5183461714360296
-58.0	0.9581124812152524	0.612645438631771	0.5184054385509498
-57.6	0.9581130818120823	0.6122013142167724	0.5184481457367007
-57.2	0.9581135568127304	0.6117897223720905	0.5184764719313315
-56.8	0.9581139051649005	0.6114084698907378	0.5184934676481099
-56.4	0.9581141403645693	0.6110551807984779	0.5185004402498654
-56.0	0.9581142829423992	0.6107272963538244	0.5184993507808411
-55.6	0.9581143552699152	0.6104235371860356	0.518491942391476
-55.2	0.9581143783060494	0.6101417100881226	0.5184797403384045
-54.8	0.9581143698449829	0.6098805356893435	0.5184640519844548
-54.4	0.9581143438404887	0.6096381863172082	0.5184455310110425
-54.0	0.9581143104373315	0.6094131998337255	0.5184250489933864
-53.6	0.9581142764141715	0.6092044796354013	0.5184034775067063
-53.2	0.9581142458186219	0.6090111118859904	0.5183814702324159
-52.8	0.9581142206443499	0.6088314516802522	0.5183588092767111
-52.4	0.9581142014573277	0.608664767949191	0.5183370198962258
-52.0	0.9581141879225274	0.6085103296238108	0.5183156663033506
-51.6	0.958114179213424	0.6083664917988711	0.5182947484980844
-51.2	0.958114174307155	0.6082332544743716	0.5182753559494526
-50.8	0.958114172179592	0.6081095210468179	0.5182568349760404
-50.4	0.9581141719200008	0.6079945604472154	0.5182396213654572
-50.0	0.9581141727856862	0.6078880071410655	0.5182232793300932
-49.6	0.958114174215348	0.607789130059373	0.5182082446575587
-49.2	0.958114175816698	0.6076970153658912	0.5181945173478524
-48.8	0.9581141773403621	0.607611480293373	0.5181818795071713
-48.4	0.9581141786486354	0.6075323420745686	0.5181703311355137
-48.0	0.9581141796846981	0.6074586868732341	0.5181600901266856
-47.6	0.9581141804455386	0.6073905146893677	0.5181507206930771
-47.2	0.9581141809600576	0.6073267289194773	0.5181424407284929
-46.8	0.9581141812726701	0.6072678778653082	0.518134814445323
-46.4	0.9581141814319384	0.6072130476906175	0.5181278418435675
-46.0	0.9581141814834578	0.6071620556281543	0.5181219587108368
-45.6	0.9581141814660036	0.6071150844451689	0.5181167292595203
-45.2	0.9581141814100037	0.6070708547709178	0.5181119355958135
-44.8	0.9581141813376217	0.6070300976743979	0.5181080135073262
-44.4	0.9581141812637005	0.6069922648538606	0.5181040914188388
-44.0	0.9581141811970996	0.606957173542058	0.5181012587993759
-43.6	0.9581141811422268	0.6069246409717413	0.5180984261799124
-43.2	0.9581141811003462	0.6068941188411632	0.5180958114542542
-42.8	0.9581141810707701	0.6068659726848225	0.5180938504100108
-42.4	0.9581141810516962	0.6068396542009702	0.5180921072595717
-42.0	0.9581141810409202	0.6068153461568575	0.5180905820029378
-41.6	0.9581141810362146	0.6067926830179848	0.5180892746401091
-41.2	0.9581141810355953	0.6067716647843531	0.5180881851710843
-40.8	0.9581141810374432	0.6067521086887133	0.5180870957020605
-40.4	0.9581141810405337	0.6067340147310651	0.5180864420206457
-40.0	0.9581141810440088	0.606717382911409	0.5180857883392309
-39.6	0.9581141810473229	0.6067016649279973	0.5180853525516214
-39.2	0.9581141810501724	0.6066870435480798	0.5180846988702066
-38.8	0.958114181052432	0.6066735187716557	0.5180842630825975
-38.4	0.958114181054094	0.6066610905987257	0.5180838272949875
-38.0	0.9581141810552191	0.6066493934947919	0.5180836094011827
-37.6	0.958114181055909	0.6066384274598535	0.5180833915073779
-37.2	0.958114181056257	0.6066283752611601	0.5180833915073779
-36.8	0.9581141810563671	0.6066188713642138	0.5180831736135731
-36.4	0.9581141810563303	0.6066102813035124	0.5180829557197679
-36.0	0.9581141810562113	0.6066022395445572	0.5180829557197679
-35.6	0.9581141810560556	0.6065947460873495	0.5180829557197679
-35.2	0.9581141810558998	0.6065879836991375	0.5180829557197679
-34.8	0.9581141810557531	0.6065814040781752	0.5180827378259636
-34.4	0.9581141810556342	0.606575555526208	0.5180827378259636
-34.0	0.9581141810555424	0.6065697069742408	0.5180827378259636
-33.6	0.9581141810554785	0.6065647722585181	0.5180827378259636
-33.2	0.9581141810554344	0.6065598375427963	0.5180827378259636
-32.8	0.9581141810554105	0.6065552683615718	0.5180827378259636
-32.4	0.9581141810554005	0.6065512474820944	0.5180827378259636
-32.0	0.9581141810553986	0.6065472266026175	0.5180827378259636
-31.6	0.9581141810554022	0.6065435712576379	0.5180823020383531
-31.2	0.9581141810554096	0.6065404642144054	0.5180823020383531
-30.8	0.9581141810554169	0.6065371744039236	0.5180823020383531
-30.4	0.9581141810554241	0.6065344328951894	0.5180823020383531
-30.0	0.9581141810554298	0.6065316913864551	0.5180827378259636
-29.6	0.9581141810554351	0.60652894987772	0.5180823020383531
-29.2	0.9581141810554389	0.6065269394379813	0.5180823020383531
-28.8	0.9581141810554417	0.6065247462309937	0.5180823020383531
-28.4	0.9581141810554417	0.606522735791255	0.5180823020383531
-28.0	0.9581141810554417	0.6065209081187652	0.5180823020383531
-27.6	0.9581141810554417	0.6065192632135248	0.5180823020383531
-27.2	0.9581141810554417	0.6065176183082839	0.5180823020383531
-26.8	0.9581141810554417	0.606515973403043	0.5180823020383531
-26.4	0.9581141810554417	0.6065146940323003	0.5180823020383531
-26.0	0.9581141810554417	0.6065132318943087	0.5180823020383531
-25.6	0.9581141810554417	0.6065121352908149	0.5180823020383531
-25.2	0.9581141810554417	0.6065112214545705	0.5180823020383531
-24.8	0.9581141810554417	0.6065099420838269	0.5180823020383531
-24.4	0.9581141810554417	0.6065090282475825	0.5180823020383531
-24.0	0.9581141810554417	0.6065081144113376	0.5180823020383531
-23.6	0.9581141810554417	0.6065073833423416	0.5180823020383531
-23.2	0.9581141810554417	0.606506652273346	0.5180823020383531
-22.8	0.9581141810554417	0.60650592120435	0.5180823020383531
-22.4	0.9581141810554417	0.6065053729026033	0.5180823020383531
-22.0	0.9581141810554417	0.6065046418336069	0.5180823020383531
-21.6	0.9581141810554417	0.6065039107646113	0.5180823020383531
-21.2	0.9581141810554417	0.6065035452301131	0.5180823020383531
-20.8	0.9581141810554417	0.6065029969283664	0.5180823020383531
-20.4	0.9581141810554417	0.6065026313938682	0.5180823020383531
-20.0	0.9581141810554417	0.606502083092122	0.5180823020383531
-19.6	0.9581141810554417	0.6065015347903744	0.5180823020383531
-19.2	0.9581141810554417	0.6065011692558766	0.5180820841445488
-18.8	0.9581141810554417	0.6065008037213788	0.5180820841445488
-18.4	0.9581141810554417	0.6065006209541295	0.5180820841445488
-18.0	0.9581141810554417	0.606500438186881	0.5180820841445488
-17.6	0.9581141810554417	0.6065002554196317	0.5180820841445488
-17.2	0.9581141810554417	0.6064997071178846	0.5180820841445488
-16.8	0.9581141810554417	0.6064997071178846	0.5180820841445488
-16.4	0.9581141810554417	0.6064995243506361	0.5180820841445488
-16.0	0.9581141810554417	0.6064991588161375	0.5180820841445488
-15.6	0.9581141810554417	0.6064991588161375	0.5180820841445488
-15.2	0.9581141810554417	0.606498976048889	0.5180820841445488
-14.8	0.9581141810554417	0.6064987932816401	0.5180820841445488
-14.4	0.9581141810554417	0.6064984277471419	0.5180820841445488
-14.0	0.9581141810554417	0.6064984277471419	0.5180820841445488
-13.6	0.9581141810554417	0.606498244979893	0.5180820841445488
-13.2	0.9581141810554417	0.6064980622126441	0.5180820841445488
-12.8	0.9581141810554417	0.6064980622126441	0.5180820841445488
-12.4	0.9581141810554417	0.6064980622126441	0.5180820841445488
-12.0	0.9581141810554417	0.6064976966781459	0.5180820841445488
-11.6	0.9581141810554417	0.6064976966781459	0.5180820841445488
-11.2	0.9581141810554417	0.6064976966781459	0.5180820841445488
-10.8	0.9581141810554417	0.6064976966781459	0.5180820841445488
-10.4	0.9581141810554417	0.606497513910897	0.5180820841445488
-10.0	0.9581141810554417	0.606497513910897	0.5180820841445488
-9.6	0.9581141810554417	0.606497513910897	0.5180820841445488
-9.2	0.9581141810554417	0.6064973311436481	0.5180820841445488
-8.8	0.9581141810554417	0.6064973311436481	0.5180820841445488
-8.4	0.9581141810554417	0.6064973311436481	0.5180820841445488
-8.0	0.9581141810554417	0.6064973311436481	0.5180820841445488
-7.6	0.9581141810554417	0.6064973311436481	0.5180820841445488
-7.2	0.9581141810554417	0.6064971483763992	0.5180820841445488
-6.8	0.9581141810554417	0.6064971483763992	0.5180820841445488
-6.4	0.9581141810554417	0.6064971483763992	0.5180820841445488
-6.0	0.9581141810554417	0.6064971483763992	0.5180820841445488
-5.6	0.9581141810554417	0.6064967828419014	0.5180820841445488
-5.2	0.9581141810554417	0.6064967828419014	0.5180820841445488
-4.8	0.9581141810554417	0.6064967828419014	0.5180820841445488
-4.4	0.9581141810554417	0.6064967828419014	0.5180820841445488
-4.0	0.9581141810554417	0.6064967828419014	0.5180820841445488
-3.6	0.9581141810554417	0.6064967828419014	0.5180820841445488
-3.2	0.9581141810554417	0.6064966000746521	0.5180820841445488
-2.8	0.9581141810554417	0.6064966000746521	0.5180820841445488
-2.4	0.9581141810554417	0.6064966000746521	0.5180820841445488
-2.0	0.9581141810554417	0.6064966000746521	0.5180820841445488
-1.6	0.9581141810554417	0.6064966000746521	0.5180820841445488
-1.2	0.9581141810554417	0.6064966000746521	0.5180820841445488
-0.8	0.9581141810554417	0.6064966000746521	0.5180820841445488
-0.4	0.9581141810554417	0.6064966000746521	0.5180820841445488
0.0	0.9581141810554417	0.6064964173074032	0.5180820841445488
0.4	0.9581141810554417	0.6064964173074032	0.5180820841445488
0.8	0.9581141810554417	0.6064964173074032	0.5180820841445488
1.2	0.9581141810554417	0.6064964173074032	0.5180820841445488
1.6	0.9325882731771457	0.6029587744363281	0.5098485309405922
2.0	0.843873479541181	0.5865354922110773	0.47784363520246087
2.4	0.7024322818904056	0.5472090977155699	0.41875236058313137
2.8	0.5458070038769351	0.48004048881362626	0.345746169692124
3.2	0.39772406734057786	0.3900590546624172	0.2764228198907315
3.6	0.2711570215730236	0.2972295584704998	0.2251240814143376
4.0	0.17132258500387848	0.22874338047072618	0.1990626749911648
4.4	0.0983034944876641	0.1989850342260806	0.1975722813659746
4.8	0.04916003282079817	0.20263453065352577	0.21425858894156935
5.2	0.01950614488574446	0.22582385643566916	0.2407498998417159
5.6	0.004595669507025765	0.2573630867542849	0.2700258935678761
6.0	0.0	0.2915465936310073	0.29786465975722987
6.4	0.001970428391404537	0.3259139643601938	0.3224722787144274
6.8	0.007575045034696991	0.3588723823670663	0.34339923552005924
7.2	0.014688064423555941	0.3889778036175069	0.3606878015722659
7.6	0.02189372658355987	0.41520819365527295	0.3745133813839536
8.0	0.028350770343242414	0.43720679081037295	0.3851378833085555
8.4	0.03364886844387128	0.45516952157370394	0.39293238049573453
8.8	0.03767634363262206	0.4695777948790534	0.3983644730507043
9.2	0.04050924737979743	0.48099252341351395	0.4019409819635511
9.6	0.04232533770082475	0.4899623744584938	0.4041447599058281
10.0	0.04334225697962158	0.49699087178490764	0.4053908945757789
10.4	0.0437768026503866	0.5025243330147426	0.40600971298155963
10.8	0.04382111652659886	0.506936334404894	0.40624678144123916
11.2	0.0436314574530143	0.5105231416659421	0.4062748897420647
11.6	0.04332561052056362	0.5135079136088812	0.4062084321315851
12.0	0.042985653963167406	0.5160527647835482	0.40611778830876677
12.4	0.042663562242194204	0.5182726557895454	0.4060397823266291
12.8	0.0423878493422843	0.5202487352854157	0.4059916277957569
13.2	0.0421700822648452	0.522037112816593	0.4059750678665881
13.6	0.04201059248040673	0.5236769005743578	0.4059861804506357
14.0	0.04190308016847743	0.5251951481115564	0.40601646768950994
14.4	0.04183805552060373	0.5266117770583278	0.406057649618627
14.8	0.04180521399754266	0.5279410432600913	0.4061025357424266
15.2	0.04179492120687013	0.5291946438207811	0.4061454608219828
15.6	0.04179900972608181	0.5303804377321022	0.40618337434402685
16.0	0.041811083295859995	0.5315061012185125	0.40621387947670584
16.4	0.041826497980267635	0.5325763862284845	0.4062365404324111
16.8	0.04184215583202051	0.5335958619432422	0.4062520108925556
17.2	0.0418562115070811	0.53456745263877	0.40626094453855455
17.6	0.04186776048210639	0.5354933515220552	0.40626486662704187
18.0	0.04187655121900773	0.5363748379638404	0.40626508452084664
18.4	0.04188274346064996	0.5372131913348688	0.40626246979518843
18.8	0.04188672053711745	0.5380082288678909	0.40625832981289633
19.2	0.041888954288249444	0.5387612299336495	0.40625353614918946
19.6	0.04188991592059674	0.5394716462303988	0.4062485245916778
20.0	0.04189002375820357	0.5401400260598845	0.4062437309279714
20.4	0.04188961846969933	0.5407665521893557	0.4062398088394841
20.8	0.041888957182442156	0.541352138455057	0.4062361046448011
21.2	0.041888219337756126	0.5418971503914878	0.40623327202533766
21.6	0.04188751878474316	0.5424025018348919	0.40623109308728944
22.0	0.041886918187912965	0.5428700204577588	0.40622956783065556
22.4	0.041886443187265275	0.5433008028635822	0.40622847836163123
22.8	0.04188609483509504	0.5436966767248528	0.40622782468021645
23.2	0.04188585963542684	0.5440591041795613	0.4062273888926069
23.6	0.04188571705760046	0.5443902784346961	0.4062273888926069
24.0	0.0418856447300795	0.5446918443954978	0.4062276067864121
24.4	0.04188562169394452	0.5449659952689538	0.40622782468021645
24.8	0.041885630155010865	0.5452143759603048	0.4062282604678269
25.2	0.04188565615950581	0.5454395452110363	0.406228696255436
25.6	0.041885689562664655	0.545642965159141	0.4062293499368512
26.0	0.041885723585826894	0.5458264634771073	0.4062300036182651
26.4	0.04188575418137185	0.545991502302928	0.40623087519348466
26.8	0.04188577935564246	0.54614027484359	0.40623174676870466
27.2	0.04188579854266422	0.5462735121680895	0.40623261834392377
27.6	0.04188581207746908	0.5463934074834143	0.40623327202533766
28.0	0.04188582078657159	0.5465006918585598	0.4062345793881672
28.4	0.04188582569284101	0.5465968274315185	0.40623545096338676
28.8	0.04188582782040343	0.5466829108057838	0.4062365404324111
29.2	0.04188582807999494	0.5467598558176001	0.40623762990143497
29.6	0.04188582721430925	0.5468285763032132	0.40623871937045974
30.0	0.04188582578464762	0.5468899860988672	0.4062402446270936
30.4	0.041885824183297664	0.5469448162735584	0.40624176988372707
30.8	0.04188582265963342	0.5469937978962829	0.4062430772465566
31.2	0.04188582135136015	0.547037296501538	0.4062448203969953
31.6	0.0418858203152968	0.5470764086928175	0.40624634565362916
32.0	0.041885819554456694	0.5471113172373712	0.40624808880406826
32.4	0.04188581903993779	0.547142204902447	0.4062500498483117
32.8	0.0418858187273271	0.5471696199897926	0.40625179299875036
33.2	0.04188581856805733	0.5471944763356524	0.40625375404299424
33.6	0.04188581851653521	0.5472164084055291	0.4062557150872377
34.0	0.04188581853399386	0.54723578173392	0.40625789402528634
34.4	0.0418858185899931	0.5472531446225721	0.406260072963335
34.8	0.04188581866237206	0.5472688626059834	0.40626225190138365
35.2	0.041885818736298756	0.5472825701496564	0.40626443083943187
35.6	0.04188581880289552	0.5472948155553374	0.40626639188367575
36.0	0.04188581885776873	0.5473057815902758	0.4062685708217244
36.4	0.04188581889964613	0.5473156510217199	0.4062709676535774
36.8	0.04188581892922926	0.5473242410824217	0.4062731465916256
37.2	0.04188581894829994	0.5473321000741271	0.4062755434234795
37.6	0.041885818959075415	0.5473390452295881	0.40627772236152815
38.0	0.04188581896378148	0.5473452593160535	0.40627990129957636
38.4	0.04188581896440085	0.5473509251007713	0.4062822981314298
38.8	0.04188581896255263	0.5473556770492443	0.4062842591756737
39.2	0.041885818959462105	0.5473602462304692	0.4062864381137219
39.6	0.041885818955986844	0.5473640843426972	0.40628861705177055
40.0	0.041885818952673064	0.547367374153179	0.406290578096014
40.4	0.041885818949823336	0.5473706639636604	0.40629275703406265
40.8	0.04188581894756354	0.547373588239644	0.4062945001845022
41.2	0.04188581894590182	0.5473759642138805	0.4062964612287452
41.6	0.041885818944776304	0.547378157420868	0.40629842227298907
42.0	0.04188581894409092	0.5473799850933578	0.4063003833172325
42.4	0.04188581894374024	0.5473818127658472	0.4063019085738664
42.8	0.04188581894362508	0.5473832749038396	0.4063036517243055
43.2	0.04188581894366099	0.5473849198090801	0.40630539487474415
43.6	0.04188581894378156	0.5473861991798228	0.40630670223757326
44.0	0.04188581894393838	0.5473872957833166	0.4063084453880119
44.4	0.041885818944099	0.5473883923868104	0.4063099706446467
44.8	0.04188581894424396	0.5473893062230553	0.4063110601136706
45.2	0.041885818944363565	0.5473902200593002	0.40631258537030446
45.6	0.041885818944454964	0.5473907683610473	0.4063136748393288
46.0	0.04188581894451962	0.5473914994300428	0.40631520009596267
46.4	0.04188581894456138	0.5473918649645406	0.406316289564987
46.8	0.04188581894458505	0.5473925960335366	0.4063175969278161
47.2	0.04188581894459545	0.5473931443352837	0.40631846850303477
47.6	0.04188581894459692	0.5473935098697815	0.40631934007825476
48.0	0.04188581894459297	0.5473938754042793	0.40632042954727954
48.4	0.041885818944586296	0.5473942409387775	0.40632130112249865
48.8	0.041885818944578754	0.5473946064732753	0.40632217269771775
49.2	0.041885818944571544	0.5473947892405242	0.4063232621667421
49.6	0.04188581894456534	0.5473947892405242	0.4063239158481573
50.0	0.04188581894456041	0.5473953375422713	0.4063245695295712
50.4	0.04188581894455678	0.5473955203095202	0.4063254411047903
50.8	0.041885818944554315	0.5473957030767687	0.40632609478620507
51.2	0.041885818944552816	0.5473957030767687	0.40632674846761985
51.6	0.041885818944552046	0.547395885844018	0.4063271842552294
52.0	0.04188581894455179	0.5473962513785162	0.40632805583044895
52.4	0.04188581894455186	0.5473962513785162	0.4063284916180585
52.8	0.04188581894455212	0.5473964341457651	0.4063291452994733
53.2	0.04188581894455246	0.5473964341457651	0.40632958108708284
53.6	0.04188581894455281	0.5473964341457651	0.4063302347684976
54.0	0.04188581894455312	0.5473964341457651	0.40633067055610717
54.4	0.041885818944553385	0.5473966169130136	0.4063311063437167
54.8	0.041885818944553586	0.5473966169130136	0.4063313242375215
55.2	0.041885818944553725	0.5473966169130136	0.4063315421313267
55.6	0.041885818944553815	0.5473966169130136	0.40633197791893627
56.0	0.04188581894455387	0.5473969824475122	0.40633219581274105
56.4	0.04188581894455389	0.5473969824475122	0.40633284949415627
56.8	0.04188581894455389	0.5473969824475122	0.4063332852817654
57.2	0.041885818944553885	0.5473969824475122	0.4063332852817654
57.6	0.04188581894455387	0.5473969824475122	0.40633350317557015
58.0	0.04188581894455386	0.5473969824475122	0.40633372106937493
58.4	0.04188581894455384	0.5473969824475122	0.40633415685698493
58.8	0.04188581894455383	0.5473969824475122	0.40633437475079015
59.2	0.041885818944553815	0.5473969824475122	0.4063345926445945
59.6	0.04188581894455381	0.5473969824475122	0.4063345926445945
60.0	0.0418858189445538	0.5473971652147607	0.40633481053839926
60.4	0.0418858189445538	0.5473971652147607	0.4063352463260088
60.8	0.041885818944553795	0.5473971652147607	0.40633546421981404
61.2	0.041885818944553795	0.5473971652147607	0.40633546421981404
61.6	0.041885818944553795	0.5473971652147607	0.4063356821136188
62.0	0.041885818944553795	0.5473971652147607	0.40633590000742315
62.4	0.0418858189445538	0.5473971652147607	0.40633611790122837
62.8	0.0418858189445538	0.5473971652147607	0.40633611790122837
63.2	0.0418858189445538	0.5473971652147607	0.40633611790122837
63.6	0.0418858189445538	0.5473971652147607	0.40633611790122837
64.0	0.0418858189445538	0.5473971652147607	0.4063363357950327
64.4	0.0418858189445538	0.5473971652147607	0.4063365536888379
64.8	0.0418858189445538	0.5473971652147607	0.4063365536888379
65.2	0.0418858189445538	0.5473971652147607	0.4063365536888379
65.6	0.0418858189445538	0.5473971652147607	0.40633677158264314
66.0	0.0418858189445538	0.5473971652147607	0.40633677158264314
66.4	0.0418858189445538	0.5473971652147607	0.40633677158264314
66.8	0.0418858189445538	0.5473971652147607	0.4063369894764479
67.2	0.0418858189445538	0.5473971652147607	0.4063369894764479
67.6	0.0418858189445538	0.5473971652147607	0.4063369894764479
68.0	0.0418858189445538	0.5473971652147607	0.4063369894764479
68.4	0.0418858189445538	0.5473971652147607	0.4063369894764479
68.8	0.0418858189445538	0.5473971652147607	0.4063372073702527
69.2	0.0418858189445538	0.5473971652147607	0.4063372073702527
69.6	0.0418858189445538	0.5473971652147607	0.4063372073702527
70.0	0.0418858189445538	0.5473971652147607	0.4063372073702527
70.4	0.0418858189445538	0.5473971652147607	0.4063372073702527
70.8	0.0418858189445538	0.5473971652147607	0.4063374252640575
71.2	0.0418858189445538	0.5473971652147607	0.4063374252640575
71.6	0.0418858189445538	0.5473971652147607	0.4063374252640575
72.0	0.0418858189445538	0.5473971652147607	0.4063374252640575
72.4	0.0418858189445538	0.5473971652147607	0.4063374252640575
72.8	0.0418858189445538	0.5473971652147607	0.4063374252640575
73.2	0.0418858189445538	0.5473971652147607	0.4063374252640575
73.6	0.0418858189445538	0.5473971652147607	0.4063374252640575
74.0	0.0418858189445538	0.5473971652147607	0.40633786105166747
74.4	0.0418858189445538	0.5473971652147607	0.40633786105166747
74.8	0.0418858189445538	0.5473971652147607	0.40633786105166747
75.2	0.0418858189445538	0.5473971652147607	0.40633786105166747
75.6	0.0418858189445538	0.5473971652147607	0.40633786105166747
76.0	0.0418858189445538	0.5473971652147607	0.40633786105166747
76.4	0.0418858189445538	0.5473971652147607	0.40633786105166747
76.8	0.0418858189445538	0.5473971652147607	0.40633786105166747
77.2	0.0418858189445538	0.5473971652147607	0.40633786105166747
77.6	0.0418858189445538	0.5473971652147607	0.40633807894547225
78.0	0.0418858189445538	0.5473971652147607	0.40633786105166747
78.4	0.0418858189445538	0.5473971652147607	0.40633786105166747
78.8	0.0418858189445538	0.5473971652147607	0.40633807894547225
79.2	0.0418858189445538	0.5473971652147607	0.40633807894547225
79.6	0.0418858189445538	0.5473971652147607	0.40633807894547225
80.0	0.0418858189445538	0.5473971652147607	0.40633807894547225
80.4	0.0418858189445538	0.5473971652147607	0.40633807894547225
80.8	0.0418858189445538	0.5473971652147607	0.40633807894547225
