Time	ABP	LCBFV	RCBFV
-78.0	0.06741172682284972	0.1992587048270078	0.18849575646305006
-77.6	0.15612652045881448	0.28140939292118006	0.23609436863699873
-77.2	0.2975677181095899	0.428503058295016	0.32483951890741736
-76.8	0.4541929961230602	0.6745552662735959	0.49852992772597693
-76.4	0.6022759326594176	0.8898118044272052	0.7080970290057915
-76.0	0.728842978426972	0.959321140697809	0.8178772656627769
-75.6	0.8286774149961178	0.9620826746031974	0.8273562436169066
-75.2	0.9016965055123313	0.9302541128099557	0.7893641104898483
-74.8	0.9508399671791976	0.8769305388212763	0.74323425503548
-74.4	0.9804938551142541	0.8351828048315202	0.7084318440819297
-74.0	0.9954043304929681	0.8154050702361406	0.6865631120528679
-73.6	1.0	0.8079206020292191	0.6740438615629092
-73.2	0.9980295716085953	0.8042086728245827	0.6671131096739544
-72.8	0.9924249549652986	0.800873660799077	0.663170751941927
-72.4	0.9853119355764359	0.7973930168986638	0.6608290417312239
-72.0	0.9781062734164401	0.7941405015421812	0.659541659805571
-71.6	0.9716492296567552	0.791481036219639	0.6591679359452574
-71.2	0.9663511315561246	0.7895434167510436	0.6596801351707922
-70.8	0.9623236563673749	0.7882687169442355	0.6610183978142126
-70.4	0.9594907526201965	0.7875159348394059	0.6630526288638134
-70.0	0.9576746622991714	0.7871324936890005	0.6655986600744965
-69.6	0.9566577430203744	0.7869902290250743	0.6684567596874915
-69.2	0.9562231973496089	0.7869921230812507	0.6714403650709824
-68.8	0.9561788834733969	0.7870702002858612	0.674398629861702
-68.4	0.9563685425469809	0.7871790032906691	0.6772210132061462
-68.0	0.9566743894794315	0.7872903317037121	0.6798380778894781
-67.6	0.9570143460368283	0.7873881912728331	0.6822139081109202
-67.2	0.9573364377578013	0.7874658475760707	0.6843385272591451
-66.8	0.9576121506577112	0.7875216170079353	0.6862191184943085
-66.4	0.9578299177351507	0.7875576040752899	0.6878736397167984
-66.0	0.957989407519589	0.7875771759891137	0.6893278305838413
-65.6	0.958096919831518	0.7875843313124475	0.6906064330915251
-65.2	0.9581619444793907	0.787583279059016	0.6917357854937563
-64.8	0.9581947860024498	0.7875773864398004	0.69273863446436
-64.4	0.9582050787931264	0.7875687579616626	0.6936361304193475
-64.0	0.9582009902739096	0.7875594981314666	0.694444635001298
-63.6	0.958188916704134	0.7875508696533284	0.6951785145305216
-63.2	0.9581735020197326	0.7875432934286226	0.6958489428117045
-62.8	0.9581578441679759	0.7875374008094069	0.6964650983272676
-62.4	0.958143788492917	0.7875327708943085	0.6970329670440076
-62.0	0.9581322395178903	0.787529614134014	0.6975585349287208
-61.6	0.9581234487809865	0.7875275096271515	0.6980465907548439
-61.2	0.9581172565393483	0.7875262469230337	0.6984995289090952
-60.8	0.9581132794628786	0.7875256155709747	0.6989209409715533
-60.4	0.9581110457117459	0.787525405120288	0.6993132213289357
-60.0	0.9581100840793987	0.787525405120288	0.6996779662390558
-59.6	0.9581099762417915	0.7875256155709747	0.7000179691530835
-59.2	0.9581103815302958	0.7875258260216613	0.7003344272643806
-58.8	0.9581110428175537	0.7875258260216613	0.7006289368307574
-58.4	0.9581117806622393	0.7875260364723475	0.7009034931744798
-58.0	0.9581124812152524	0.7875262469230337	0.7011588944244544
-57.6	0.9581130818120823	0.7875262469230337	0.7013971359029454
-57.2	0.9581135568127304	0.7875262469230337	0.7016194148033144
-56.8	0.9581139051649005	0.7875262469230337	0.7018261301900126
-56.4	0.9581141403645693	0.7875262469230337	0.7020196764497588
-56.0	0.9581142829423992	0.7875262469230337	0.7022000535825534
-55.6	0.9581143552699152	0.7875262469230337	0.7023680597173021
-55.2	0.9581143783060494	0.7875262469230337	0.7025256901762709
-54.8	0.9581143698449829	0.7875262469230337	0.7026729449594589
-54.4	0.9581143438404887	0.7875262469230337	0.702810622195774
-54.0	0.9581143104373315	0.7875262469230337	0.7029391209496669
-53.6	0.9581142764141715	0.7875260364723475	0.7030596384144991
-53.2	0.9581142458186219	0.7875260364723475	0.7031725736547214
-52.8	0.9581142206443499	0.7875260364723475	0.703277926670336
-52.4	0.9581142014573277	0.7875260364723475	0.7033764955902475
-52.0	0.9581141879225274	0.7875260364723475	0.7034690785433639
-51.6	0.958114179213424	0.7875260364723475	0.7035556755296835
-51.2	0.958114174307155	0.7875260364723475	0.7036366856136596
-50.8	0.958114172179592	0.7875260364723475	0.7037129069241987
-50.4	0.9581141719200008	0.7875260364723475	0.703784339461301
-50.0	0.9581141727856862	0.7875260364723475	0.7038513822894199
-49.6	0.958114174215348	0.7875260364723475	0.7039136363441005
-49.2	0.958114175816698	0.7875260364723475	0.7039726978831577
-48.8	0.9581141773403621	0.7875260364723475	0.7040273697132307
-48.4	0.9581141786486354	0.7875260364723475	0.704079248092131
-48.0	0.9581141796846981	0.7875260364723475	0.7041275348909544
-47.6	0.9581141804455386	0.7875260364723475	0.7041726291741526
-47.2	0.9581141809600576	0.7875260364723475	0.7042153290706334
-46.8	0.9581141812726701	0.7875260364723475	0.7042552355159413
-46.4	0.9581141814319384	0.7875260364723475	0.7042931466389843
-46.0	0.9581141814834578	0.7875260364723475	0.7043278652464022
-45.6	0.9581141814660036	0.7875260364723475	0.7043605885315558
-45.2	0.9581141814100037	0.7875260364723475	0.7043917155588959
-44.8	0.9581141813376217	0.7875260364723475	0.7044208472639717
-44.4	0.9581141812637005	0.7875260364723475	0.7044479836467814
-44.0	0.9581141811970996	0.7875260364723475	0.704473523771779
-43.6	0.9581141811422268	0.7875260364723475	0.7044974676389639
-43.2	0.9581141811003462	0.7875260364723475	0.7045198152483367
-42.8	0.9581141810707701	0.7875260364723475	0.7045409656643509
-42.4	0.9581141810516962	0.7875260364723475	0.7045609188870046
-42.0	0.9581141810409202	0.7875260364723475	0.7045796749162987
-41.6	0.9581141810362146	0.7875260364723475	0.704596834687782
-41.2	0.9581141810355953	0.7875260364723475	0.7046127972659058
-40.8	0.9581141810374432	0.7875260364723475	0.704628360779576
-40.4	0.9581141810405337	0.7875260364723475	0.7046431261643407
-40.0	0.9581141810440088	0.7875262469230337	0.7046562952912914
-39.6	0.9581141810473229	0.7875260364723475	0.7046690653537899
-39.2	0.9581141810501724	0.7875262469230337	0.7046810372873833
-38.8	0.958114181052432	0.7875262469230337	0.7046922110920697
-38.4	0.958114181054094	0.7875262469230337	0.7047025867678496
-38.0	0.9581141810552191	0.7875260364723475	0.7047125633791769
-37.6	0.958114181055909	0.7875260364723475	0.7047217418615976
-37.2	0.958114181056257	0.7875260364723475	0.7047301222151119
-36.8	0.9581141810563671	0.7875260364723475	0.7047385025686275
-36.4	0.9581141810563303	0.7875260364723475	0.7047460847932361
-36.0	0.9581141810562113	0.7875260364723475	0.7047532679533917
-35.6	0.9581141810560556	0.7875262469230337	0.7047600520490942
-35.2	0.9581141810558998	0.7875262469230337	0.7047664370803433
-34.8	0.9581141810557531	0.7875260364723475	0.7047720239826867
-34.4	0.9581141810556342	0.7875260364723475	0.7047776108850292
-34.0	0.9581141810555424	0.7875260364723475	0.70478279872292
-33.6	0.9581141810554785	0.7875260364723475	0.7047875874963561
-33.2	0.9581141810554344	0.7875262469230337	0.7047923762697939
-32.8	0.9581141810554105	0.7875260364723475	0.7047967659787773
-32.4	0.9581141810554005	0.7875260364723475	0.7048007566233085
-32.0	0.9581141810553986	0.7875262469230337	0.7048043482033863
-31.6	0.9581141810554022	0.7875262469230337	0.7048083388479172
-31.2	0.9581141810554096	0.7875260364723475	0.7048115313635419
-30.8	0.9581141810554169	0.7875260364723475	0.7048147238791667
-30.4	0.9581141810554241	0.7875260364723475	0.7048175173303384
-30.0	0.9581141810554298	0.7875260364723475	0.7048203107815096
-29.6	0.9581141810554351	0.7875260364723475	0.7048227051682283
-29.2	0.9581141810554389	0.7875260364723475	0.7048254986194009
-28.8	0.9581141810554417	0.7875260364723475	0.7048278930061183
-28.4	0.9581141810554417	0.7875260364723475	0.7048294892639309
-28.0	0.9581141810554417	0.7875262469230337	0.70483188365065
-27.6	0.9581141810554417	0.7875260364723475	0.7048338789729147
-27.2	0.9581141810554417	0.7875260364723475	0.7048354752307269
-26.8	0.9581141810554417	0.7875260364723475	0.7048370714885395
-26.4	0.9581141810554417	0.7875260364723475	0.7048386677463512
-26.0	0.9581141810554417	0.7875260364723475	0.7048402640041642
-25.6	0.9581141810554417	0.7875260364723475	0.7048414611975224
-25.2	0.9581141810554417	0.7875260364723475	0.7048426583908824
-24.8	0.9581141810554417	0.7875262469230337	0.704844254648695
-24.4	0.9581141810554417	0.7875260364723475	0.7048450527776002
-24.0	0.9581141810554417	0.7875260364723475	0.7048462499709602
-23.6	0.9581141810554417	0.7875262469230337	0.7048470480998668
-23.2	0.9581141810554417	0.7875262469230337	0.7048482452932259
-22.8	0.9581141810554417	0.7875262469230337	0.704849043422132
-22.4	0.9581141810554417	0.7875262469230337	0.704849841551038
-22.0	0.9581141810554417	0.7875260364723475	0.7048506396799445
-21.6	0.9581141810554417	0.7875260364723475	0.7048514378088497
-21.2	0.9581141810554417	0.7875260364723475	0.7048522359377567
-20.8	0.9581141810554417	0.7875260364723475	0.7048526350022097
-20.4	0.9581141810554417	0.7875260364723475	0.7048534331311158
-20.0	0.9581141810554417	0.7875260364723475	0.7048538321955697
-19.6	0.9581141810554417	0.7875260364723475	0.7048546303244754
-19.2	0.9581141810554417	0.7875260364723475	0.7048550293889284
-18.8	0.9581141810554417	0.7875260364723475	0.7048558275178345
-18.4	0.9581141810554417	0.7875262469230337	0.7048558275178345
-18.0	0.9581141810554417	0.7875262469230337	0.7048562265822875
-17.6	0.9581141810554417	0.7875260364723475	0.7048566256467406
-17.2	0.9581141810554417	0.7875260364723475	0.7048570247111936
-16.8	0.9581141810554417	0.7875260364723475	0.7048574237756475
-16.4	0.9581141810554417	0.7875260364723475	0.7048578228400992
-16.0	0.9581141810554417	0.7875260364723475	0.7048582219045532
-15.6	0.9581141810554417	0.7875260364723475	0.7048582219045532
-15.2	0.9581141810554417	0.7875262469230337	0.7048586209690062
-14.8	0.9581141810554417	0.7875262469230337	0.7048586209690062
-14.4	0.9581141810554417	0.7875262469230337	0.7048590200334592
-14.0	0.9581141810554417	0.7875262469230337	0.7048594190979123
-13.6	0.9581141810554417	0.7875262469230337	0.7048594190979123
-13.2	0.9581141810554417	0.7875262469230337	0.7048598181623653
-12.8	0.9581141810554417	0.7875260364723475	0.7048598181623653
-12.4	0.9581141810554417	0.7875262469230337	0.7048598181623653
-12.0	0.9581141810554417	0.7875262469230337	0.7048602172268192
-11.6	0.9581141810554417	0.7875260364723475	0.7048602172268192
-11.2	0.9581141810554417	0.7875260364723475	0.7048606162912705
-10.8	0.9581141810554417	0.7875260364723475	0.7048606162912705
-10.4	0.9581141810554417	0.7875260364723475	0.7048606162912705
-10.0	0.9581141810554417	0.7875262469230337	0.7048606162912705
-9.6	0.9581141810554417	0.7875260364723475	0.7048610153557244
-9.2	0.9581141810554417	0.7875260364723475	0.7048610153557244
-8.8	0.9581141810554417	0.7875260364723475	0.7048610153557244
-8.4	0.9581141810554417	0.7875260364723475	0.7048610153557244
-8.0	0.9581141810554417	0.7875260364723475	0.7048614144201775
-7.6	0.9581141810554417	0.7875260364723475	0.7048614144201775
-7.2	0.9581141810554417	0.7875260364723475	0.7048614144201775
-6.8	0.9581141810554417	0.7875260364723475	0.7048614144201775
-6.4	0.9581141810554417	0.7875262469230337	0.7048618134846305
-6.0	0.9581141810554417	0.7875260364723475	0.7048618134846305
-5.6	0.9581141810554417	0.7875262469230337	0.7048618134846305
-5.2	0.9581141810554417	0.7875262469230337	0.7048618134846305
-4.8	0.9581141810554417	0.7875262469230337	0.7048618134846305
-4.4	0.9581141810554417	0.7875260364723475	0.7048618134846305
-4.0	0.9581141810554417	0.7875262469230337	0.7048618134846305
-3.6	0.9581141810554417	0.7875260364723475	0.7048618134846305
-3.2	0.9581141810554417	0.7875260364723475	0.7048618134846305
-2.8	0.9581141810554417	0.7875260364723475	0.7048618134846305
-2.4	0.9581141810554417	0.7875260364723475	0.704862212549084
-2.0	0.9581141810554417	0.7875260364723475	0.704862212549084
-1.6	0.9581141810554417	0.7875260364723475	0.704862212549084
-1.2	0.9581141810554417	0.7875260364723475	0.704862212549084
-0.8	0.9581141810554417	0.7875262469230337	0.704862212549084
-0.4	0.9581141810554417	0.7875260364723475	0.704862212549084
0.0	0.9581141810554417	0.7875260364723475	0.704862212549084
0.4	0.9581141810554417	0.7875260364723475	0.704862212549084
0.8	0.9581141810554417	0.7875260364723475	0.704862212549084
1.2	0.9581141810554417	0.7875260364723475	0.704862212549084
1.6	0.9325882731771457	0.7812743883856634	0.6923599222983814
2.0	0.843873479541181	0.7553929525360563	0.6401966113778186
2.4	0.7024322818904056	0.7009674587540058	0.5287065830715907
2.8	0.5458070038769351	0.619302911745145	0.3655159590781518
3.2	0.39772406734057786	0.522696786911657	0.19529322082467448
3.6	0.2711570215730236	0.4351503536719088	0.07444373436801577
4.0	0.17132258500387848	0.3826397506843353	0.025029179400303025
4.4	0.0983034944876641	0.37819271723251724	0.033244120699285507
4.8	0.04916003282079817	0.41440391456757464	0.07567305241574385
5.2	0.01950614488574446	0.4687982616480557	0.1360361401860719
5.6	0.004595669507025765	0.5186479261582835	0.2053983309056946
6.0	0.0	0.5525140714961041	0.27748433604985
6.4	0.001970428391404537	0.5704192158849501	0.34663801559273644
6.8	0.007575045034696991	0.5778314995064768	0.4081406319088483
7.2	0.014688064423555941	0.5803327059129346	0.4589802460385277
7.6	0.02189372658355987	0.5812193346542394	0.4981222833871506
8.0	0.028350770343242414	0.5815680514414079	0.526181502744695
8.4	0.03364886844387128	0.5813523394879692	0.5448104300113856
8.8	0.03767634363262206	0.5803956306681326	0.5561057498237321
9.2	0.04050924737979743	0.5787406464712137	0.5621753206229299
9.6	0.04232533770082475	0.5766146736383959	0.56486980381016
10.0	0.04334225697962158	0.57428203823165	0.5656489771548086
10.4	0.0437768026503866	0.5719437206563742	0.5655456194614601
10.8	0.04382111652659886	0.5697152583393374	0.565204818418525
11.2	0.0436314574530143	0.5676458967411295	0.5649657788111271
11.6	0.04332561052056362	0.5657503674097906	0.5649575979898387
12.0	0.042985653963167406	0.56402698673983	0.5651878581792689
12.4	0.042663562242194204	0.5624698621120316	0.5656084721128205
12.8	0.0423878493422843	0.5610718382030631	0.5661565871391327
13.2	0.0421700822648452	0.5598236551827256	0.5667765337670003
13.6	0.04201059248040673	0.5587166845728837	0.567426210696623
14.0	0.04190308016847743	0.5577410351912824	0.5680772843518316
14.4	0.04183805552060373	0.5568878681090963	0.5687123954289164
14.8	0.04180521399754266	0.5561470816933847	0.5693217668487773
15.2	0.04179492120687013	0.5555102579166964	0.5699004103057503
15.6	0.04179900972608181	0.5549683473995213	0.5704467295420241
16.0	0.041811083295859995	0.5545133530157802	0.5709609240898241
16.4	0.041826497980267635	0.5541374880900811	0.5714451888036427
16.8	0.04184215583202051	0.5538331763977178	0.5719023171346516
17.2	0.0418562115070811	0.5535936835167297	0.5723361001951557
17.6	0.04186776048210639	0.5534126959265269	0.5727507281619109
18.0	0.04187655121900773	0.5532836896558364	0.573149194018316
18.4	0.04188274346064996	0.5532009825361275	0.5735350893444497
18.8	0.04188672053711745	0.5531599446523026	0.5739106089948023
19.2	0.041888954288249444	0.5531555251878908	0.5742773492271875
19.6	0.04188991592059674	0.55318330467848	0.5746355095738314
20.0	0.04189002375820357	0.5532388636596584	0.5749844914380549
20.4	0.04188961846969933	0.5533179931177004	0.5753232971587234
20.8	0.041888957182442156	0.5534173258416253	0.5756499314135741
21.2	0.041888219337756126	0.5535334946204524	0.5759621993481128
21.6	0.04188751878474316	0.5536625008911429	0.5762583051723023
22.0	0.041886918187912965	0.5538020296961479	0.5765366526283286
22.4	0.041886443187265275	0.5539489242751725	0.5767950468617014
22.8	0.04188609483509504	0.5541006592199813	0.5770332883401932
23.2	0.04188585963542684	0.5542551300237122	0.5772499803382183
23.6	0.04188571705760046	0.5544104426301888	0.5774455219202297
24.0	0.0418856447300795	0.5545649134339197	0.5776205116829076
24.4	0.04188562169394452	0.5547170692801009	0.5777751491584784
24.8	0.041885630155010865	0.5548652265632432	0.5779110306047537
25.2	0.04188565615950581	0.55500917483266	0.5780295527473198
25.6	0.041885689562664655	0.5551474409335473	0.5781317132473096
26.0	0.041885723585826894	0.5552802353165909	0.578219307894762
26.4	0.04188575418137185	0.5554062952776735	0.578293932947489
26.8	0.04188577935564246	0.5555260417181676	0.5783569851310761
27.2	0.04188579854266422	0.5556390537367006	0.5784098611711102
27.6	0.04188581207746908	0.555745120882587	0.578453957793176
28.0	0.04188582078657159	0.5558446640571981	0.57849067172286
28.4	0.04188582569284101	0.5559376832605345	0.5785208010890677
28.8	0.04188582782040343	0.5560241784925966	0.5785455430851596
29.2	0.04188582807999494	0.556104781105442	0.5785658953722663
29.6	0.04188582721430925	0.5561794910990723	0.5785820574826168
30.0	0.04188582578464762	0.5562483084734864	0.5785954261417947
30.4	0.041885824183297664	0.5563122854821159	0.578605801817575
30.8	0.04188582265963342	0.556371211674275	0.5786143817033165
31.2	0.04188582135136015	0.5564250870499627	0.5786211657990186
31.6	0.0418858203152968	0.5564749638626116	0.578626353636909
32.0	0.041885819554456694	0.5565204212108483	0.5786307433458928
32.4	0.04188581903993779	0.5565623008974185	0.5786339358615176
32.8	0.0418858187273271	0.556600813373008	0.5786365297804625
33.2	0.04188581856805733	0.5566355377362444	0.5786385251027277
33.6	0.04188581851653521	0.5566677366912458	0.578639921828314
34.0	0.04188581853399386	0.5566971997873251	0.5786411190216727
34.4	0.0418858185899931	0.556723716573797	0.5786421166828055
34.8	0.04188581866237206	0.5567483393040917	0.5786429148117116
35.2	0.041885818736298756	0.556770436626151	0.5786435134083914
35.6	0.04188581880289552	0.5567908503427206	0.5786437129406181
36.0	0.04188581885776873	0.5568095804537996	0.5786443115372975
36.4	0.04188581889964613	0.5568264165087022	0.5786445110695246
36.8	0.04188581892922926	0.5568415689581148	0.5786447106017505
37.2	0.04188581894829994	0.5568556691540953	0.5786449101339768
37.6	0.041885818959075415	0.5568685066459587	0.5786449101339768
38.0	0.04188581896378148	0.55688029188439	0.578645109666204
38.4	0.04188581896440085	0.5568906039680179	0.578645508730657
38.8	0.04188581896255263	0.5569002846995872	0.578645508730657
39.2	0.041885818959462105	0.5569091236284107	0.5786457082628833
39.6	0.041885818955986844	0.5569171207544898	0.5786457082628833
40.0	0.041885818952673064	0.5569242760778232	0.5786459077951096
40.4	0.041885818949823336	0.5569310104997842	0.5786459077951096
40.8	0.04188581894756354	0.5569369031189999	0.5786459077951096
41.2	0.04188581894590182	0.5569423748368432	0.5786459077951096
41.6	0.041885818944776304	0.5569472152026278	0.5786461073273363
42.0	0.04188581894409092	0.5569516346670396	0.5786461073273363
42.4	0.04188581894374024	0.5569558436807651	0.5786463068595635
42.8	0.04188581894362508	0.5569598422438049	0.5786463068595635
43.2	0.04188581894366099	0.5569632094547852	0.5786463068595635
43.6	0.04188581894378156	0.5569663662150792	0.5786463068595635
44.0	0.04188581894393838	0.5569691020740013	0.5786467059240161
44.4	0.041885818944099	0.5569714170315501	0.5786467059240161
44.8	0.04188581894424396	0.5569739424397855	0.5786469054562424
45.2	0.041885818944363565	0.5569762573973351	0.5786469054562424
45.6	0.041885818944454964	0.556978151453511	0.5786469054562424
46.0	0.04188581894451962	0.5569798350590016	0.5786471049884692
46.4	0.04188581894456138	0.5569815186644917	0.5786471049884692
46.8	0.04188581894458505	0.5569829918192952	0.5786469054562424
47.2	0.04188581894459545	0.5569842545234134	0.5786471049884692
47.6	0.04188581894459692	0.5569855172275311	0.5786471049884692
48.0	0.04188581894459297	0.5569867799316488	0.5786471049884692
48.4	0.041885818944586296	0.5569878321850807	0.5786471049884692
48.8	0.041885818944578754	0.5569884635371389	0.5786471049884692
49.2	0.041885818944571544	0.5569893053398847	0.5786471049884692
49.6	0.04188581894456534	0.5569903575933157	0.5786473045206959
50.0	0.04188581894456041	0.5569907784946881	0.5786473045206959
50.4	0.04188581894455678	0.5569916202974334	0.5786473045206959
50.8	0.041885818944554315	0.5569922516494921	0.5786473045206959
51.2	0.041885818944552816	0.556992672550864	0.5786473045206959
51.6	0.041885818944552046	0.5569933039029236	0.5786473045206959
52.0	0.04188581894455179	0.556993724804296	0.5786473045206959
52.4	0.04188581894455186	0.5569941457056684	0.5786475040529222
52.8	0.04188581894455212	0.5569943561563551	0.5786475040529222
53.2	0.04188581894455246	0.5569945666070417	0.5786475040529222
53.6	0.04188581894455281	0.5569951979590999	0.5786475040529222
54.0	0.04188581894455312	0.5569954084097861	0.5786475040529222
54.4	0.041885818944553385	0.5569956188604728	0.5786475040529222
54.8	0.041885818944553586	0.556995829311159	0.5786475040529222
55.2	0.041885818944553725	0.5569960397618456	0.5786475040529222
55.6	0.041885818944553815	0.5569962502125314	0.5786475040529222
56.0	0.04188581894455387	0.5569962502125314	0.5786475040529222
56.4	0.04188581894455389	0.5569964606632181	0.5786475040529222
56.8	0.04188581894455389	0.5569964606632181	0.5786475040529222
57.2	0.041885818944553885	0.5569968815645905	0.5786475040529222
57.6	0.04188581894455387	0.5569970920152767	0.5786475040529222
58.0	0.04188581894455386	0.5569970920152767	0.5786475040529222
58.4	0.04188581894455384	0.5569973024659629	0.5786479031173752
58.8	0.04188581894455383	0.5569973024659629	0.5786479031173752
59.2	0.041885818944553815	0.5569975129166496	0.5786479031173752
59.6	0.04188581894455381	0.5569975129166496	0.5786475040529222
60.0	0.0418858189445538	0.5569975129166496	0.5786479031173752
60.4	0.0418858189445538	0.5569977233673353	0.5786479031173752
60.8	0.041885818944553795	0.5569977233673353	0.5786479031173752
61.2	0.041885818944553795	0.5569977233673353	0.5786479031173752
61.6	0.041885818944553795	0.556997933818022	0.5786479031173752
62.0	0.041885818944553795	0.5569977233673353	0.5786475040529222
62.4	0.0418858189445538	0.556997933818022	0.5786475040529222
62.8	0.0418858189445538	0.556997933818022	0.5786475040529222
63.2	0.0418858189445538	0.556997933818022	0.5786475040529222
63.6	0.0418858189445538	0.556997933818022	0.5786475040529222
64.0	0.0418858189445538	0.556997933818022	0.5786479031173752
64.4	0.0418858189445538	0.556997933818022	0.5786475040529222
64.8	0.0418858189445538	0.556997933818022	0.5786479031173752
65.2	0.0418858189445538	0.556997933818022	0.5786479031173752
65.6	0.0418858189445538	0.5569981442687078	0.5786479031173752
66.0	0.0418858189445538	0.556997933818022	0.5786479031173752
66.4	0.0418858189445538	0.5569981442687078	0.5786479031173752
66.8	0.0418858189445538	0.5569981442687078	0.5786479031173752
67.2	0.0418858189445538	0.5569981442687078	0.5786479031173752
67.6	0.0418858189445538	0.5569981442687078	0.5786475040529222
68.0	0.0418858189445538	0.5569981442687078	0.5786475040529222
68.4	0.0418858189445538	0.5569981442687078	0.5786475040529222
68.8	0.0418858189445538	0.5569981442687078	0.5786475040529222
69.2	0.0418858189445538	0.5569981442687078	0.5786475040529222
69.6	0.0418858189445538	0.5569983547193944	0.5786479031173752
70.0	0.0418858189445538	0.5569983547193944	0.5786479031173752
70.4	0.0418858189445538	0.5569983547193944	0.5786479031173752
70.8	0.0418858189445538	0.5569983547193944	0.5786479031173752
71.2	0.0418858189445538	0.5569983547193944	0.5786479031173752
71.6	0.0418858189445538	0.5569983547193944	0.5786475040529222
72.0	0.0418858189445538	0.5569983547193944	0.5786479031173752
72.4	0.0418858189445538	0.5569983547193944	0.5786479031173752
72.8	0.0418858189445538	0.5569983547193944	0.5786479031173752
73.2	0.0418858189445538	0.5569983547193944	0.5786479031173752
73.6	0.0418858189445538	0.5569983547193944	0.5786479031173752
74.0	0.0418858189445538	0.5569983547193944	0.5786479031173752
74.4	0.0418858189445538	0.5569983547193944	0.5786479031173752
74.8	0.0418858189445538	0.5569983547193944	0.5786479031173752
75.2	0.0418858189445538	0.5569983547193944	0.5786479031173752
75.6	0.0418858189445538	0.5569983547193944	0.5786475040529222
76.0	0.0418858189445538	0.5569983547193944	0.5786479031173752
76.4	0.0418858189445538	0.5569983547193944	0.5786479031173752
76.8	0.0418858189445538	0.5569983547193944	0.5786479031173752
77.2	0.0418858189445538	0.5569983547193944	0.5786479031173752
77.6	0.0418858189445538	0.5569983547193944	0.5786479031173752
78.0	0.0418858189445538	0.5569983547193944	0.5786479031173752
78.4	0.0418858189445538	0.5569987756207668	0.5786479031173752
78.8	0.0418858189445538	0.5569987756207668	0.5786479031173752
79.2	0.0418858189445538	0.5569987756207668	0.5786479031173752
79.6	0.0418858189445538	0.5569983547193944	0.5786479031173752
80.0	0.0418858189445538	0.5569983547193944	0.5786475040529222
80.4	0.0418858189445538	0.5569983547193944	0.5786479031173752
80.8	0.0418858189445538	0.5569983547193944	0.5786479031173752
