Time	ABP	LCBFV	RCBFV
-78.0	0.06741172682284972	0.13283334796707624	0.1376507379301053
-77.6	0.15612652045881448	0.14591724932397598	0.1551204520477154
-77.2	0.2975677181095899	0.16160585173500008	0.1817746458931091
-76.8	0.4541929961230602	0.18640108148809142	0.2348558804646732
-76.4	0.6022759326594176	0.22950231705780988	0.3381724957094874
-76.0	0.728842978426972	0.29977891544728497	0.4869007077980596
-75.6	0.8286774149961178	0.3983012295188382	0.6221016003691537
-75.2	0.9016965055123313	0.5110873256327397	0.7017310630268865
-74.8	0.9508399671791976	0.6145824904746315	0.7357489989691737
-74.4	0.9804938551142541	0.6924785824151494	0.7471429525937356
-74.0	0.9954043304929681	0.7429960739122543	0.7507864769171588
-73.6	1.0	0.7725839248448954	0.7524470950168438
-73.2	0.9980295716085953	0.788803150013909	0.7533000901062996
-72.8	0.9924249549652986	0.7974500960326578	0.7533595128939314
-72.4	0.9853119355764359	0.8021782467867786	0.7526558065812852
-72.0	0.9781062734164401	0.804990020136704	0.7513979754558937
-71.6	0.9716492296567552	0.8068963315265187	0.749869375470603
-71.2	0.9663511315561246	0.8084040766803189	0.7483217484843459
-70.8	0.9623236563673749	0.8097744926379455	0.7469266302289079
-70.4	0.9594907526201965	0.8111271732369039	0.7457727158010994
-70.0	0.9576746622991714	0.8124959115254673	0.7448840084944464
-69.6	0.9566577430203744	0.8138663274830944	0.7442444085389002
-69.2	0.9562231973496089	0.8152055867295469	0.7438146910401628
-68.8	0.9561788834733969	0.8164786978815077	0.7435491911959158
-68.4	0.9563685425469809	0.8176576198989203	0.7434028296500244
-68.0	0.9566743894794315	0.8187243777561082	0.7433372596774648
-67.6	0.9570143460368283	0.8196698641067255	0.7433214526305085
-67.2	0.9573364377578013	0.8204938392837673	0.7433328688310881
-66.8	0.9576121506577112	0.8212030139634834	0.7433562866784307
-66.4	0.9578299177351507	0.8218076938272629	0.7433811681412323
-66.0	0.957989407519589	0.8223203415595757	0.7434031223731159
-65.6	0.958096919831518	0.8227543785129265	0.7434186366969806
-65.2	0.9581619444793907	0.8231222673717857	0.7434277111128256
-64.8	0.9581947860024498	0.8234357518195954	0.7434315165130188
-64.4	0.9582050787931264	0.8237048978707349	0.7434306383437437
-64.0	0.9582009902739096	0.8239378542035114	0.743427125666642
-63.6	0.958188916704134	0.8241410918271668	0.7434215639278983
-63.2	0.9581735020197326	0.8243203627499205	0.743415124019879
-62.8	0.9581578441679759	0.8244792619769066	0.7434089768349517
-62.4	0.958143788492917	0.8246213845132608	0.7434031223731159
-62.0	0.9581322395178903	0.8247491270290737	0.7433984388036476
-61.6	0.9581234487809865	0.824863927526398	0.7433943406803625
-61.2	0.9581172565393483	0.824967703341307	0.7433911207263528
-60.8	0.9581132794628786	0.8250611734748285	0.7433890716647102
-60.4	0.9581110457117459	0.8251457759290153	0.7433876080492516
-60.0	0.9581100840793987	0.8252222297048961	0.7433864371568846
-59.6	0.9581099762417915	0.8252912538034964	0.7433858517107006
-59.2	0.9581103815302958	0.825353327558835	0.7433852662645171
-58.8	0.9581110428175537	0.8254096493059566	0.7433849735414255
-58.4	0.9581117806622393	0.825460219044861	0.7433849735414255
-58.0	0.9581124812152524	0.8255057557765775	0.7433849735414255
-57.6	0.9581130818120823	0.8255467388351216	0.7433849735414255
-57.2	0.9581135568127304	0.8255834078875024	0.7433852662645171
-56.8	0.9581139051649005	0.8256169612687665	0.743385558987609
-56.4	0.9581141403645693	0.8256466799778859	0.743385558987609
-56.0	0.9581142829423992	0.8256737623499064	0.743385558987609
-55.6	0.9581143552699152	0.8256982083848272	0.743385558987609
-55.2	0.9581143783060494	0.8257200180826487	0.743385558987609
-54.8	0.9581143698449829	0.8257401501114074	0.7433858517107006
-54.4	0.9581143438404887	0.8257578854700753	0.743385558987609
-54.0	0.9581143104373315	0.8257741828266898	0.7433858517107006
-53.6	0.9581142764141715	0.8257888025142401	0.7433858517107006
-53.2	0.9581142458186219	0.8258019841997362	0.7433858517107006
-52.8	0.9581142206443499	0.8258139675501881	0.7433858517107006
-52.4	0.9581142014573277	0.8258249922326031	0.7433858517107006
-52.0	0.9581141879225274	0.8258348185799735	0.7433858517107006
-51.6	0.958114179213424	0.825843686259307	0.7433861444337926
-51.2	0.958114174307155	0.825851355603596	0.7433861444337926
-50.8	0.958114172179592	0.8258587852808765	0.7433861444337926
-50.4	0.9581141719200008	0.8258654959571294	0.7433861444337926
-50.0	0.9581141727856862	0.8258714876323552	0.7433861444337926
-49.6	0.958114174215348	0.8258767603065538	0.7433861444337926
-49.2	0.958114175816698	0.8258817933137435	0.7433861444337926
-48.8	0.9581141773403621	0.825886107319906	0.7433861444337926
-48.4	0.9581141786486354	0.8258901816590591	0.7433861444337926
-48.0	0.9581141796846981	0.8258940163312034	0.7433861444337926
-47.6	0.9581141804455386	0.8258968923353125	0.7433861444337926
-47.2	0.9581141809600576	0.8259000080064296	0.7433861444337926
-46.8	0.9581141812726701	0.8259026443435289	0.7433861444337926
-46.4	0.9581141814319384	0.8259050410136184	0.7433861444337926
-46.0	0.9581141814834578	0.8259074376837092	0.7433861444337926
-45.6	0.9581141814660036	0.8259093550197809	0.7433861444337926
-45.2	0.9581141814100037	0.8259112723558539	0.7433864371568846
-44.8	0.9581141813376217	0.8259127103579074	0.7433861444337926
-44.4	0.9581141812637005	0.8259143880269706	0.7433861444337926
-44.0	0.9581141811970996	0.8259155863620165	0.7433861444337926
-43.6	0.9581141811422268	0.8259170243640699	0.7433864371568846
-43.2	0.9581141811003462	0.8259179830321064	0.7433861444337926
-42.8	0.9581141810707701	0.8259191813671518	0.7433861444337926
-42.4	0.9581141810516962	0.8259199003681794	0.7433861444337926
-42.0	0.9581141810409202	0.825920859036215	0.7433864371568846
-41.6	0.9581141810362146	0.8259215780372422	0.7433861444337926
-41.2	0.9581141810355953	0.8259222970382689	0.7433864371568846
-40.8	0.9581141810374432	0.8259230160392961	0.7433861444337926
-40.4	0.9581141810405337	0.8259234953733143	0.7433861444337926
-40.0	0.9581141810440088	0.8259239747073321	0.7433864371568846
-39.6	0.9581141810473229	0.8259244540413504	0.7433864371568846
-39.2	0.9581141810501724	0.8259249333753682	0.7433864371568846
-38.8	0.958114181052432	0.8259251730423776	0.7433861444337926
-38.4	0.958114181054094	0.8259256523763954	0.7433864371568846
-38.0	0.9581141810552191	0.8259258920434052	0.7433861444337926
-37.6	0.958114181055909	0.8259261317104136	0.7433861444337926
-37.2	0.958114181056257	0.8259266110444314	0.7433864371568846
-36.8	0.9581141810563671	0.8259266110444314	0.7433864371568846
-36.4	0.9581141810563303	0.8259268507114408	0.7433864371568846
-36.0	0.9581141810562113	0.8259270903784497	0.7433864371568846
-35.6	0.9581141810560556	0.8259270903784497	0.7433864371568846
-35.2	0.9581141810558998	0.8259275697124684	0.7433864371568846
-34.8	0.9581141810557531	0.8259275697124684	0.7433861444337926
-34.4	0.9581141810556342	0.8259275697124684	0.7433864371568846
-34.0	0.9581141810555424	0.8259278093794769	0.7433861444337926
-33.6	0.9581141810554785	0.8259278093794769	0.7433861444337926
-33.2	0.9581141810554344	0.8259280490464853	0.7433861444337926
-32.8	0.9581141810554105	0.8259280490464853	0.7433861444337926
-32.4	0.9581141810554005	0.8259280490464853	0.7433861444337926
-32.0	0.9581141810553986	0.8259280490464853	0.7433864371568846
-31.6	0.9581141810554022	0.8259282887134947	0.7433864371568846
-31.2	0.9581141810554096	0.8259282887134947	0.7433864371568846
-30.8	0.9581141810554169	0.8259282887134947	0.7433861444337926
-30.4	0.9581141810554241	0.8259282887134947	0.7433864371568846
-30.0	0.9581141810554298	0.8259282887134947	0.7433864371568846
-29.6	0.9581141810554351	0.825928528380504	0.7433864371568846
-29.2	0.9581141810554389	0.825928528380504	0.7433861444337926
-28.8	0.9581141810554417	0.825928528380504	0.7433864371568846
-28.4	0.9581141810554417	0.825928528380504	0.7433864371568846
-28.0	0.9581141810554417	0.8259287680475129	0.7433864371568846
-27.6	0.9581141810554417	0.8259287680475129	0.7433864371568846
-27.2	0.9581141810554417	0.825928528380504	0.7433864371568846
-26.8	0.9581141810554417	0.8259287680475129	0.7433861444337926
-26.4	0.9581141810554417	0.8259287680475129	0.7433864371568846
-26.0	0.9581141810554417	0.8259287680475129	0.7433861444337926
-25.6	0.9581141810554417	0.8259287680475129	0.7433864371568846
-25.2	0.9581141810554417	0.8259287680475129	0.7433864371568846
-24.8	0.9581141810554417	0.8259287680475129	0.7433864371568846
-24.4	0.9581141810554417	0.8259287680475129	0.7433864371568846
-24.0	0.9581141810554417	0.8259290077145218	0.7433864371568846
-23.6	0.9581141810554417	0.8259290077145218	0.7433864371568846
-23.2	0.9581141810554417	0.8259290077145218	0.7433864371568846
-22.8	0.9581141810554417	0.8259290077145218	0.7433864371568846
-22.4	0.9581141810554417	0.8259290077145218	0.7433864371568846
-22.0	0.9581141810554417	0.8259290077145218	0.7433864371568846
-21.6	0.9581141810554417	0.8259290077145218	0.7433864371568846
-21.2	0.9581141810554417	0.8259290077145218	0.7433864371568846
-20.8	0.9581141810554417	0.8259290077145218	0.7433864371568846
-20.4	0.9581141810554417	0.8259290077145218	0.7433864371568846
-20.0	0.9581141810554417	0.8259290077145218	0.7433864371568846
-19.6	0.9581141810554417	0.8259290077145218	0.7433864371568846
-19.2	0.9581141810554417	0.8259290077145218	0.7433864371568846
-18.8	0.9581141810554417	0.8259290077145218	0.7433864371568846
-18.4	0.9581141810554417	0.8259290077145218	0.7433864371568846
-18.0	0.9581141810554417	0.8259290077145218	0.7433864371568846
-17.6	0.9581141810554417	0.8259290077145218	0.7433864371568846
-17.2	0.9581141810554417	0.8259290077145218	0.7433864371568846
-16.8	0.9581141810554417	0.8259290077145218	0.7433864371568846
-16.4	0.9581141810554417	0.8259290077145218	0.7433864371568846
-16.0	0.9581141810554417	0.8259290077145218	0.7433864371568846
-15.6	0.9581141810554417	0.8259290077145218	0.7433864371568846
-15.2	0.9581141810554417	0.8259290077145218	0.7433864371568846
-14.8	0.9581141810554417	0.8259290077145218	0.7433864371568846
-14.4	0.9581141810554417	0.8259290077145218	0.7433864371568846
-14.0	0.9581141810554417	0.8259290077145218	0.7433864371568846
-13.6	0.9581141810554417	0.8259290077145218	0.7433864371568846
-13.2	0.9581141810554417	0.8259290077145218	0.7433864371568846
-12.8	0.9581141810554417	0.8259290077145218	0.7433864371568846
-12.4	0.9581141810554417	0.8259290077145218	0.7433864371568846
-12.0	0.9581141810554417	0.8259290077145218	0.7433864371568846
-11.6	0.9581141810554417	0.8259290077145218	0.7433864371568846
-11.2	0.9581141810554417	0.8259290077145218	0.7433864371568846
-10.8	0.9581141810554417	0.8259290077145218	0.7433864371568846
-10.4	0.9581141810554417	0.8259290077145218	0.7433864371568846
-10.0	0.9581141810554417	0.8259290077145218	0.7433864371568846
-9.6	0.9581141810554417	0.8259290077145218	0.7433864371568846
-9.2	0.9581141810554417	0.8259290077145218	0.7433864371568846
-8.8	0.9581141810554417	0.8259290077145218	0.7433864371568846
-8.4	0.9581141810554417	0.8259290077145218	0.7433864371568846
-8.0	0.9581141810554417	0.8259290077145218	0.7433864371568846
-7.6	0.9581141810554417	0.8259290077145218	0.7433864371568846
-7.2	0.9581141810554417	0.8259290077145218	0.7433864371568846
-6.8	0.9581141810554417	0.8259290077145218	0.7433864371568846
-6.4	0.9581141810554417	0.8259290077145218	0.7433864371568846
-6.0	0.9581141810554417	0.8259290077145218	0.7433864371568846
-5.6	0.9581141810554417	0.8259290077145218	0.7433864371568846
-5.2	0.9581141810554417	0.8259290077145218	0.7433864371568846
-4.8	0.9581141810554417	0.8259290077145218	0.7433864371568846
-4.4	0.9581141810554417	0.8259290077145218	0.7433864371568846
-4.0	0.9581141810554417	0.8259290077145218	0.7433864371568846
-3.6	0.9581141810554417	0.8259290077145218	0.7433864371568846
-3.2	0.9581141810554417	0.8259290077145218	0.7433864371568846
-2.8	0.9581141810554417	0.8259290077145218	0.7433864371568846
-2.4	0.9581141810554417	0.8259290077145218	0.7433864371568846
-2.0	0.9581141810554417	0.8259290077145218	0.7433864371568846
-1.6	0.9581141810554417	0.8259290077145218	0.7433864371568846
-1.2	0.9581141810554417	0.8259290077145218	0.7433864371568846
-0.8	0.9581141810554417	0.8259290077145218	0.7433864371568846
-0.4	0.9581141810554417	0.8259290077145218	0.7433864371568846
0.0	0.9581141810554417	0.8259290077145218	0.7433864371568846
0.4	0.9581141810554417	0.8259290077145218	0.7433864371568846
0.8	0.9581141810554417	0.8259290077145218	0.7433864371568846
1.2	0.9581141810554417	0.8259290077145218	0.7433864371568846
1.6	0.9325882731771457	0.8168887681339561	0.7373897118986177
2.0	0.843873479541181	0.7762901354725158	0.7124783913416999
2.4	0.7024322818904056	0.6790754446022236	0.6588576681119793
2.8	0.5458070038769351	0.5179720001341006	0.5730324284935677
3.2	0.39772406734057786	0.33130639148399466	0.45752799459927607
3.6	0.2711570215730236	0.18046429000743913	0.32766344399138525
4.0	0.17132258500387848	0.0904420060781006	0.21106056669517814
4.4	0.0983034944876641	0.05157616589193914	0.132586482080713
4.8	0.04916003282079817	0.047952640382431966	0.09902343782305678
5.2	0.01950614488574446	0.06606403658772875	0.10025389933936646
5.6	0.004595669507025765	0.09423976950317092	0.12067792126079668
6.0	0.0	0.1235831600866013	0.14770065347874528
6.4	0.001970428391404537	0.14902549076407023	0.17405246437032762
6.8	0.007575045034696991	0.16878891166260201	0.1967809488318193
7.2	0.014688064423555941	0.18303447901226377	0.21541570085472594
7.6	0.02189372658355987	0.19272541452234293	0.23047088854976394
8.0	0.028350770343242414	0.19898120279201237	0.24262738582842047
8.4	0.03364886844387128	0.20279550324070517	0.2524617108199627
8.8	0.03767634363262206	0.20494986998486509	0.26041821717771674
9.2	0.04050924737979743	0.20601734684307926	0.26684378176544543
9.6	0.04232533770082475	0.20639985538948924	0.27201458882024676
10.0	0.04334225697962158	0.20637037634737876	0.27615486423042546
10.4	0.0437768026503866	0.20610842030651044	0.2794466817590715
10.8	0.04382111652659886	0.20572902743121757	0.2820396229060851
11.2	0.0436314574530143	0.2053045771582278	0.2840553141161033
11.6	0.04332561052056362	0.20487820954916547	0.285593281240331
12.0	0.042985653963167406	0.20447389130493399	0.2867338767674634
12.4	0.042663562242194204	0.20410456444402048	0.2875416461392386
12.8	0.0423878493422843	0.20377502230660616	0.28806927951217753
13.2	0.0421700822648452	0.20348526489269014	0.2883587826499512
13.6	0.04201059248040673	0.2032336145332101	0.2884457214082108
14.0	0.04190308016847743	0.20301599688901195	0.2883606853500478
14.4	0.04183805552060373	0.20282905662196926	0.28813001955372286
14.8	0.04180521399754266	0.20266847972591995	0.2877791909282208
15.2	0.04179492120687013	0.2025299521947015	0.2873300073438796
15.6	0.04179900972608181	0.20240987902317809	0.2868039839479457
16.0	0.041811083295859995	0.20230466520621437	0.28622058682602214
16.4	0.041826497980267635	0.20221143473970216	0.2855978184482537
16.8	0.04184215583202051	0.20212731161953323	0.2849514858615967
17.2	0.0418562115070811	0.20204965950860787	0.28429534705136517
17.6	0.04186776048210639	0.2019772800718811	0.28364111094123023
18.0	0.04187655121900773	0.2019075369722536	0.2829985837547664
18.4	0.04188274346064996	0.2018401905427165	0.28237508356926844
18.8	0.04188672053711745	0.20177332344719767	0.28177690393121013
19.2	0.041888954288249444	0.20170717535270555	0.2812082893254213
19.6	0.04188991592059674	0.20164078759120452	0.2806715815366374
20.0	0.04189002375820357	0.20157463949671284	0.2801691223495917
20.4	0.04188961846969933	0.2015082517352118	0.27970120448737656
20.8	0.041888957182442156	0.2014423433077286	0.27926782794999205
21.2	0.041888219337756126	0.20137667454725472	0.2788684072912542
21.6	0.04188751878474316	0.20131196445481736	0.27850147889570387
22.0	0.041886918187912965	0.20124821303041562	0.2781661645940665
22.4	0.041886443187265275	0.20118565994105886	0.2778602689631535
22.8	0.04188609483509504	0.20112550352179293	0.2775821820259594
23.2	0.04188585963542684	0.20106702477158978	0.2773300010823885
23.6	0.04188571705760046	0.2010107030244681	0.2771018234323437
24.0	0.0418856447300795	0.20095701761444573	0.27689560001418245
24.4	0.04188562169394452	0.2009057288745133	0.27670986721244617
24.8	0.041885630155010865	0.2008573161386895	0.27654242960394626
25.2	0.04188565615950581	0.20081153973996502	0.2763919699347701
25.6	0.041885689562664655	0.20076839967833982	0.2762570245894578
26.0	0.041885723585826894	0.2007281356208228	0.27613598359100555
26.4	0.04188575418137185	0.20069026823339664	0.27602752968549993
26.8	0.04188577935564246	0.20065527685007822	0.27593049198057384
27.2	0.04188579854266422	0.2006224424698413	0.2758436995838598
27.6	0.04188581207746908	0.20059200475969474	0.2757659816029916
28.0	0.04188582078657159	0.20056396371963814	0.2756966062302393
28.4	0.04188582569284101	0.20053807968266302	0.2756348416578729
28.8	0.04188582782040343	0.20051435264876938	0.2755795169935258
29.2	0.04188582807999494	0.20049206361692962	0.2755301931525609
29.6	0.04188582721430925	0.20047217125518024	0.2754862846887929
30.0	0.04188582578464762	0.20045347722847584	0.27544720615604
30.4	0.041885824183297664	0.20043670053784401	0.2754120793850259
30.8	0.04188582265963342	0.20042088251524826	0.2753811970988429
31.2	0.04188582135136015	0.20040674216171528	0.27535353476666957
31.6	0.0418858203152968	0.20039403981023707	0.2753289460269599
32.0	0.041885819554456694	0.20038205645978557	0.2753069917950759
32.4	0.04188581903993779	0.20037127144437905	0.27528737934792646
32.8	0.0418858187273271	0.20036120543000013	0.2752702550470576
33.2	0.04188581856805733	0.20035233775066574	0.2752547407231929
33.6	0.04188581851653521	0.20034442873936786	0.2752411290994248
34.0	0.04188581853399386	0.20033699906208824	0.2752288347295697
34.4	0.0418858185899931	0.20033028838583533	0.27521800397517415
34.8	0.04188581866237206	0.20032405704360068	0.2752084904746912
35.2	0.041885818736298756	0.20031854470239274	0.27520000150502977
35.6	0.04188581880289552	0.20031351169520306	0.27519224434309697
36.0	0.04188581885776873	0.20030871835502273	0.2751856580735317
36.4	0.04188581889964613	0.20030488368287802	0.2751793645270584
36.8	0.04188581892922926	0.20030104901073376	0.2751742418729526
37.2	0.04188581894829994	0.2002976936726073	0.2751694119419379
37.6	0.041885818959075415	0.20029457800148975	0.2751651674571072
38.0	0.04188581896378148	0.20029170199738155	0.27516150841845954
38.4	0.04188581896440085	0.20028930532729117	0.27515814210290435
38.8	0.04188581896255263	0.20028690865720122	0.27515536123353224
39.2	0.041885818959462105	0.20028499132112865	0.2751527267257061
39.6	0.041885818955986844	0.20028307398505651	0.275150384940972
40.0	0.041885818952673064	0.2002813963159933	0.2751481895177834
40.4	0.041885818949823336	0.20027971864693006	0.27514628681768727
40.8	0.04188581894756354	0.2002785203118851	0.27514482320222866
41.2	0.04188581894590182	0.20027708230983077	0.27514335958676917
41.6	0.041885818944776304	0.2002761236417947	0.2751420423328561
42.0	0.04188581894409092	0.20027492530674973	0.27514101780203504
42.4	0.04188581894374024	0.20027420630572257	0.275139846909668
42.8	0.04188581894362508	0.2002732476376865	0.2751391151019389
43.2	0.04188581894366099	0.20027252863665934	0.2751382369326629
43.6	0.04188581894378156	0.20027180963563218	0.2751375051249334
44.0	0.04188581894393838	0.20027109063460502	0.27513691967874987
44.4	0.041885818944099	0.2002706113005872	0.27513633423256634
44.8	0.04188581894424396	0.20027013196656895	0.2751360415094748
45.2	0.041885818944363565	0.20026965263255114	0.2751356024248368
45.6	0.041885818944454964	0.2002691732985329	0.2751350169786533
46.0	0.04188581894451962	0.20026893363152398	0.27513457789401574
46.4	0.04188581894456138	0.20026845429750573	0.2751344315324702
46.8	0.04188581894458505	0.20026821463049682	0.2751341388093782
47.2	0.04188581894459545	0.20026797496348792	0.2751338460862862
47.6	0.04188581894459692	0.20026773529647857	0.2751336997247402
48.0	0.04188581894459297	0.20026749562946966	0.2751334070016487
48.4	0.041885818944586296	0.20026725596246076	0.2751334070016487
48.8	0.041885818944578754	0.20026701629545185	0.27513311427855713
49.2	0.041885818944571544	0.20026701629545185	0.27513296791701114
49.6	0.04188581894456534	0.2002667766284425	0.27513296791701114
50.0	0.04188581894456041	0.2002665369614336	0.27513296791701114
50.4	0.04188581894455678	0.2002665369614336	0.27513267519391915
50.8	0.041885818944554315	0.2002665369614336	0.27513267519391915
51.2	0.041885818944552816	0.2002662972944247	0.27513267519391915
51.6	0.041885818944552046	0.2002662972944247	0.27513252883237316
52.0	0.04188581894455179	0.2002662972944247	0.27513252883237316
52.4	0.04188581894455186	0.20026605762741534	0.27513252883237316
52.8	0.04188581894455212	0.20026605762741534	0.27513252883237316
53.2	0.04188581894455246	0.20026605762741534	0.27513252883237316
53.6	0.04188581894455281	0.20026605762741534	0.27513252883237316
54.0	0.04188581894455312	0.20026581796040643	0.2751322361092816
54.4	0.041885818944553385	0.20026581796040643	0.2751322361092816
54.8	0.041885818944553586	0.20026581796040643	0.2751322361092816
55.2	0.041885818944553725	0.20026581796040643	0.2751322361092816
55.6	0.041885818944553815	0.20026581796040643	0.2751322361092816
56.0	0.04188581894455387	0.20026581796040643	0.2751322361092816
56.4	0.04188581894455389	0.20026557829339753	0.2751322361092816
56.8	0.04188581894455389	0.20026557829339753	0.2751322361092816
57.2	0.041885818944553885	0.20026557829339753	0.2751322361092816
57.6	0.04188581894455387	0.20026557829339753	0.2751322361092816
58.0	0.04188581894455386	0.20026557829339753	0.2751322361092816
58.4	0.04188581894455384	0.20026557829339753	0.2751322361092816
58.8	0.04188581894455383	0.20026557829339753	0.2751319433861896
59.2	0.041885818944553815	0.20026557829339753	0.2751319433861896
59.6	0.04188581894455381	0.20026557829339753	0.2751319433861896
60.0	0.0418858189445538	0.20026557829339753	0.2751319433861896
60.4	0.0418858189445538	0.20026557829339753	0.2751319433861896
60.8	0.041885818944553795	0.20026557829339753	0.2751319433861896
61.2	0.041885818944553795	0.20026557829339753	0.2751319433861896
61.6	0.041885818944553795	0.20026557829339753	0.2751319433861896
62.0	0.041885818944553795	0.20026557829339753	0.2751319433861896
62.4	0.0418858189445538	0.20026557829339753	0.2751319433861896
62.8	0.0418858189445538	0.20026557829339753	0.2751319433861896
63.2	0.0418858189445538	0.20026557829339753	0.2751319433861896
63.6	0.0418858189445538	0.20026533862638862	0.2751319433861896
64.0	0.0418858189445538	0.20026533862638862	0.2751319433861896
64.4	0.0418858189445538	0.20026533862638862	0.2751319433861896
64.8	0.0418858189445538	0.20026533862638862	0.2751319433861896
65.2	0.0418858189445538	0.20026533862638862	0.2751319433861896
65.6	0.0418858189445538	0.20026533862638862	0.2751319433861896
66.0	0.0418858189445538	0.20026533862638862	0.2751319433861896
66.4	0.0418858189445538	0.20026533862638862	0.2751319433861896
66.8	0.0418858189445538	0.20026533862638862	0.2751319433861896
67.2	0.0418858189445538	0.20026533862638862	0.2751319433861896
67.6	0.0418858189445538	0.20026533862638862	0.2751319433861896
68.0	0.0418858189445538	0.20026533862638862	0.2751319433861896
68.4	0.0418858189445538	0.20026533862638862	0.2751319433861896
68.8	0.0418858189445538	0.20026533862638862	0.2751319433861896
69.2	0.0418858189445538	0.20026533862638862	0.2751319433861896
69.6	0.0418858189445538	0.20026533862638862	0.2751319433861896
70.0	0.0418858189445538	0.20026533862638862	0.2751319433861896
70.4	0.0418858189445538	0.20026533862638862	0.2751319433861896
70.8	0.0418858189445538	0.20026533862638862	0.2751319433861896
71.2	0.0418858189445538	0.20026533862638862	0.2751319433861896
71.6	0.0418858189445538	0.20026533862638862	0.2751319433861896
72.0	0.0418858189445538	0.20026533862638862	0.2751319433861896
72.4	0.0418858189445538	0.20026533862638862	0.2751319433861896
72.8	0.0418858189445538	0.20026533862638862	0.2751319433861896
73.2	0.0418858189445538	0.20026533862638862	0.2751319433861896
73.6	0.0418858189445538	0.20026533862638862	0.2751319433861896
74.0	0.0418858189445538	0.20026533862638862	0.2751319433861896
74.4	0.0418858189445538	0.20026533862638862	0.2751319433861896
74.8	0.0418858189445538	0.20026533862638862	0.2751319433861896
75.2	0.0418858189445538	0.20026533862638862	0.2751319433861896
75.6	0.0418858189445538	0.20026533862638862	0.2751319433861896
76.0	0.0418858189445538	0.20026533862638862	0.2751319433861896
76.4	0.0418858189445538	0.20026533862638862	0.2751319433861896
76.8	0.0418858189445538	0.20026533862638862	0.2751319433861896
77.2	0.0418858189445538	0.20026533862638862	0.2751319433861896
77.6	0.0418858189445538	0.20026533862638862	0.2751319433861896
78.0	0.0418858189445538	0.20026533862638862	0.2751319433861896
78.4	0.0418858189445538	0.20026533862638862	0.2751319433861896
78.8	0.0418858189445538	0.20026533862638862	0.2751319433861896
79.2	0.0418858189445538	0.20026533862638862	0.2751319433861896
79.6	0.0418858189445538	0.20026533862638862	0.2751319433861896
80.0	0.0418858189445538	0.20026533862638862	0.2751319433861896
80.4	0.0418858189445538	0.20026533862638862	0.2751319433861896
80.8	0.0418858189445538	0.20026533862638862	0.2751319433861896
