Time	ABP	LCBFV	RCBFV
-78.0	0.06741172682284972	0.1645719375005288	0.15183280641604768
-77.6	0.15612652045881448	0.2027617006997937	0.2060622446979654
-77.2	0.2975677181095899	0.26294595700545464	0.3098478566992231
-76.8	0.4541929961230602	0.3687516351213529	0.4978967511386534
-76.4	0.6022759326594176	0.525524332113128	0.6799635810736311
-76.0	0.728842978426972	0.6741099513029576	0.722264094012331
-75.6	0.8286774149961178	0.7512136317115701	0.6863480614156792
-75.2	0.9016965055123313	0.7577770730987166	0.6626391425279412
-74.8	0.9508399671791976	0.717887195482295	0.6585682223905474
-74.4	0.9804938551142541	0.6620979436915508	0.6598016741356874
-74.0	0.9954043304929681	0.6205701075864494	0.660687500710881
-73.6	1.0	0.6019877315717708	0.6602952312932207
-73.2	0.9980295716085953	0.5948916588095765	0.6588692622585315
-72.8	0.9924249549652986	0.5879129708882098	0.6567323379904846
-72.4	0.9853119355764359	0.578652673628457	0.6541382072171933
-72.0	0.9781062734164401	0.5697636269896948	0.6512807989040239
-71.6	0.9716492296567552	0.5634182930021729	0.6483171619856218
-71.2	0.9663511315561246	0.5595445932548562	0.645376464799247
-70.8	0.9623236563673749	0.5570171684523435	0.6425599950847716
-70.4	0.9594907526201965	0.5550523296892051	0.6399427481199764
-70.0	0.9576746622991714	0.5534928149777292	0.6375736031800261
-69.6	0.9566577430203744	0.5524178169617273	0.6354772645917193
-69.2	0.9562231973496089	0.5518076778927354	0.6336584967609382
-68.8	0.9561788834733969	0.5515159943488603	0.6321068885785321
-68.4	0.9563685425469809	0.5513838193925216	0.63080038260986
-68.0	0.9566743894794315	0.551316795831092	0.6297116276359667
-67.6	0.9570143460368283	0.5512784164174247	0.6288100961673084
-67.2	0.9573364377578013	0.5512550143359196	0.6280661430117276
-66.8	0.9576121506577112	0.5512340460708913	0.6274525934097457
-66.4	0.9578299177351507	0.5512037169732609	0.6269447430345649
-66.0	0.957989407519589	0.551157287243556	0.6265224755057925
-65.6	0.958096919831518	0.5510945696651226	0.6261692036325777
-65.2	0.9581619444793907	0.5510206190875679	0.6258715164946591
-64.8	0.9581947860024498	0.5509397414938877	0.6256188265234086
-64.4	0.9582050787931264	0.5508558684337745	0.6254033695018326
-64.0	0.9582009902739096	0.5507716209403575	0.6252184399698002
-63.6	0.958188916704134	0.5506892456134609	0.6250598028998602
-63.2	0.9581735020197326	0.5506100529696487	0.6249230468050841
-62.8	0.9581578441679759	0.550535540742138	0.6248053483338383
-62.4	0.958143788492917	0.5504660833642316	0.6247040605939655
-62.0	0.9581322395178903	0.5504016808359304	0.6246170660717405
-61.6	0.9581234487809865	0.5503423331572346	0.6245427766318685
-61.2	0.9581172565393483	0.5502872914615353	0.6244792512201018
-60.8	0.9581132794628786	0.5502363685321809	0.6244252546200999
-60.4	0.9581110457117459	0.5501891899358675	0.6243790222370917
-60.0	0.9581100840793987	0.5501451940226385	0.6243402011521231
-59.6	0.9581099762417915	0.5501040063591902	0.6243072032298997
-59.2	0.9581103815302958	0.55006543972887	0.6242791461730361
-58.8	0.9581110428175537	0.5500293069150275	0.6242555006031005
-58.4	0.9581117806622393	0.5499948590510522	0.6242359136011393
-58.0	0.9581124812152524	0.5499622833535971	0.6242189734913346
-57.6	0.9581130818120823	0.5499317670393153	0.6242048567331642
-57.2	0.9581135568127304	0.5499023740249449	0.6241926810292422
-56.8	0.9581139051649005	0.5498746659604437	0.6241827992985229
-56.4	0.9581141403645693	0.5498486428458105	0.6241739763246665
-56.0	0.9581142829423992	0.5498235558144373	0.6241669179455813
-55.6	0.9581143552699152	0.5497997792996285	0.6241609183233587
-55.2	0.9581143783060494	0.549777126084732	0.6241556245390449
-54.8	0.9581143698449829	0.5497559706030517	0.6241512130521167
-54.4	0.9581143438404887	0.5497357512046319	0.6241475074030969
-54.0	0.9581143104373315	0.5497164678894719	0.6241445075919858
-53.6	0.9581142764141715	0.5496983078742239	0.6241416842403515
-53.2	0.9581142458186219	0.5496808967255844	0.624139390267149
-52.8	0.9581142206443499	0.5496640472269008	0.6241376256723776
-52.4	0.9581142014573277	0.549648508244782	0.6241358610776064
-52.0	0.9581141879225274	0.5496339053459234	0.6241346258612663
-51.6	0.958114179213424	0.5496196768803681	0.6241332141854494
-51.2	0.958114174307155	0.5496060100647693	0.6241325083475409
-50.8	0.958114172179592	0.5495932793324307	0.6241316260501553
-50.4	0.9581141719200008	0.5495812974667003	0.6241309202122467
-50.0	0.9581141727856862	0.5495696900342744	0.6241302143743381
-49.6	0.958114174215348	0.5495586442518037	0.6241298614553838
-49.2	0.958114175816698	0.5495481601192895	0.6241295085364296
-48.8	0.9581141773403621	0.5495380504200797	0.6241291556174753
-48.4	0.9581141786486354	0.5495286895874776	0.6241288026985212
-48.0	0.9581141796846981	0.5495197031881798	0.6241284497795669
-47.6	0.9581141804455386	0.5495110912221863	0.6241282733200897
-47.2	0.9581141809600576	0.5495028536894964	0.6241280968606127
-46.8	0.9581141812726701	0.5494949905901103	0.6241279204011354
-46.4	0.9581141814319384	0.5494876891406812	0.6241279204011354
-46.0	0.9581141814834578	0.5494805749079039	0.6241277439416584
-45.6	0.9581141814660036	0.5494740223250822	0.6241275674821811
-45.2	0.9581141814100037	0.5494676569589132	0.6241275674821811
-44.8	0.9581141813376217	0.5494614788093959	0.6241275674821811
-44.4	0.9581141812637005	0.5494554878765308	0.6241275674821811
-44.0	0.9581141811970996	0.5494502458102737	0.6241273910227041
-43.6	0.9581141811422268	0.549445190960669	0.6241273910227041
-43.2	0.9581141811003462	0.5494399488944115	0.6241273910227041
-42.8	0.9581141810707701	0.5494348940448068	0.6241272145632271
-42.4	0.9581141810516962	0.5494304008451574	0.6241272145632271
-42.0	0.9581141810409202	0.549425907645509	0.6241272145632271
-41.6	0.9581141810362146	0.5494217888791639	0.6241272145632271
-41.2	0.9581141810355953	0.5494180445461232	0.6241272145632271
-40.8	0.9581141810374432	0.5494141129964301	0.6241272145632271
-40.4	0.9581141810405337	0.5494105558800417	0.6241272145632271
-40.0	0.9581141810440088	0.549406998763653	0.6241272145632271
-39.6	0.9581141810473229	0.5494041905138725	0.6241272145632271
-39.2	0.9581141810501724	0.5494010078307878	0.6241272145632271
-38.8	0.958114181052432	0.549397825147703	0.6241272145632271
-38.4	0.958114181054094	0.5493950168979225	0.6241272145632271
-38.0	0.9581141810552191	0.549392208648142	0.6241272145632271
-37.6	0.958114181055909	0.5493895876150134	0.6241272145632271
-37.2	0.958114181056257	0.549387341015189	0.6241272145632271
-36.8	0.9581141810563671	0.5493850944153644	0.6241272145632271
-36.4	0.9581141810563303	0.54938284781554	0.6241272145632271
-36.0	0.9581141810562113	0.5493804139990635	0.6241272145632271
-35.6	0.9581141810560556	0.5493785418325432	0.6241272145632271
-35.2	0.9581141810558998	0.5493766696660227	0.6241272145632271
-34.8	0.9581141810557531	0.5493749847161549	0.6241272145632271
-34.4	0.9581141810556342	0.5493731125496342	0.6241272145632271
-34.0	0.9581141810555424	0.5493712403831137	0.6241272145632271
-33.6	0.9581141810554785	0.5493697426498974	0.6241272145632271
-33.2	0.9581141810554344	0.5493684321333332	0.6241272145632271
-32.8	0.9581141810554105	0.5493669344001169	0.6241272145632271
-32.4	0.9581141810554005	0.5493654366669005	0.6241272145632271
-32.0	0.9581141810553986	0.5493641261503361	0.6241272145632271
-31.6	0.9581141810554022	0.5493630028504244	0.6241272145632271
-31.2	0.9581141810554096	0.5493616923338598	0.6241272145632271
-30.8	0.9581141810554169	0.5493603818172954	0.6241272145632271
-30.4	0.9581141810554241	0.5493594457340354	0.6241272145632271
-30.0	0.9581141810554298	0.5493583224341234	0.6241272145632271
-29.6	0.9581141810554351	0.5493571991342105	0.6241272145632271
-29.2	0.9581141810554389	0.5493564502676027	0.6241272145632271
-28.8	0.9581141810554417	0.5493555141843423	0.6241272145632271
-28.4	0.9581141810554417	0.5493545781010822	0.6241272145632271
-28.0	0.9581141810554417	0.5493538292344742	0.6241272145632271
-27.6	0.9581141810554417	0.5493532675845181	0.6241272145632271
-27.2	0.9581141810554417	0.5493523315012583	0.6241272145632271
-26.8	0.9581141810554417	0.5493515826346498	0.6241272145632271
-26.4	0.9581141810554417	0.5493508337680415	0.6241272145632271
-26.0	0.9581141810554417	0.5493502721180854	0.6241272145632271
-25.6	0.9581141810554417	0.5493497104681293	0.6241272145632271
-25.2	0.9581141810554417	0.5493491488181732	0.6241272145632271
-24.8	0.9581141810554417	0.5493485871682171	0.6241272145632271
-24.4	0.9581141810554417	0.5493480255182612	0.6241272145632271
-24.0	0.9581141810554417	0.5493472766516527	0.6241272145632271
-23.6	0.9581141810554417	0.5493469022183488	0.6241272145632271
-23.2	0.9581141810554417	0.5493463405683929	0.6241272145632271
-22.8	0.9581141810554417	0.5493459661350886	0.6241272145632271
-22.4	0.9581141810554417	0.5493457789184366	0.6241272145632271
-22.0	0.9581141810554417	0.5493454044851325	0.6241272145632271
-21.6	0.9581141810554417	0.5493450300518288	0.6241272145632271
-21.2	0.9581141810554417	0.5493444684018722	0.6241272145632271
-20.8	0.9581141810554417	0.5493442811852203	0.6241272145632271
-20.4	0.9581141810554417	0.5493439067519161	0.6241272145632271
-20.0	0.9581141810554417	0.5493437195352642	0.6241272145632271
-19.6	0.9581141810554417	0.5493431578853081	0.6241272145632271
-19.2	0.9581141810554417	0.5493427834520039	0.6241272145632271
-18.8	0.9581141810554417	0.549342596235352	0.6241272145632271
-18.4	0.9581141810554417	0.5493422218020474	0.6241272145632271
-18.0	0.9581141810554417	0.5493420345853961	0.6241272145632271
-17.6	0.9581141810554417	0.5493418473687437	0.6241272145632271
-17.2	0.9581141810554417	0.5493418473687437	0.6241272145632271
-16.8	0.9581141810554417	0.5493414729354396	0.6241272145632271
-16.4	0.9581141810554417	0.5493410985021356	0.6241272145632271
-16.0	0.9581141810554417	0.5493409112854835	0.6241272145632271
-15.6	0.9581141810554417	0.5493407240688315	0.6241272145632271
-15.2	0.9581141810554417	0.5493405368521791	0.6241272145632271
-14.8	0.9581141810554417	0.5493403496355278	0.6241272145632271
-14.4	0.9581141810554417	0.5493401624188754	0.6241272145632271
-14.0	0.9581141810554417	0.5493401624188754	0.6241272145632271
-13.6	0.9581141810554417	0.5493401624188754	0.6241272145632271
-13.2	0.9581141810554417	0.5493397879855713	0.6241272145632271
-12.8	0.9581141810554417	0.5493396007689193	0.6241272145632271
-12.4	0.9581141810554417	0.5493394135522673	0.6241272145632271
-12.0	0.9581141810554417	0.5493394135522673	0.6241272145632271
-11.6	0.9581141810554417	0.5493392263356149	0.6241272145632271
-11.2	0.9581141810554417	0.5493392263356149	0.6241272145632271
-10.8	0.9581141810554417	0.5493390391189634	0.6241272145632271
-10.4	0.9581141810554417	0.549338851902311	0.6241272145632271
-10.0	0.9581141810554417	0.5493390391189634	0.6241272145632271
-9.6	0.9581141810554417	0.549338851902311	0.6241272145632271
-9.2	0.9581141810554417	0.549338851902311	0.6241272145632271
-8.8	0.9581141810554417	0.5493384774690071	0.6241272145632271
-8.4	0.9581141810554417	0.5493384774690071	0.6241272145632271
-8.0	0.9581141810554417	0.5493382902523549	0.6241272145632271
-7.6	0.9581141810554417	0.5493382902523549	0.6241272145632271
-7.2	0.9581141810554417	0.549338103035703	0.6241272145632271
-6.8	0.9581141810554417	0.549338103035703	0.6241272145632271
-6.4	0.9581141810554417	0.549337915819051	0.6241272145632271
-6.0	0.9581141810554417	0.549337915819051	0.6241272145632271
-5.6	0.9581141810554417	0.549338103035703	0.6241272145632271
-5.2	0.9581141810554417	0.549337915819051	0.6241272145632271
-4.8	0.9581141810554417	0.549337915819051	0.6241272145632271
-4.4	0.9581141810554417	0.549337915819051	0.6241272145632271
-4.0	0.9581141810554417	0.5493377286023988	0.6241272145632271
-3.6	0.9581141810554417	0.549337915819051	0.6241272145632271
-3.2	0.9581141810554417	0.549337915819051	0.6241272145632271
-2.8	0.9581141810554417	0.5493377286023988	0.6241272145632271
-2.4	0.9581141810554417	0.5493377286023988	0.6241272145632271
-2.0	0.9581141810554417	0.5493377286023988	0.6241272145632271
-1.6	0.9581141810554417	0.5493375413857464	0.6241272145632271
-1.2	0.9581141810554417	0.5493375413857464	0.6241272145632271
-0.8	0.9581141810554417	0.5493373541690951	0.6241272145632271
-0.4	0.9581141810554417	0.5493373541690951	0.6241272145632271
0.0	0.9581141810554417	0.5493371669524427	0.6241272145632271
0.4	0.9581141810554417	0.5493371669524427	0.6241272145632271
0.8	0.9581141810554417	0.5493373541690951	0.6241272145632271
1.2	0.9581141810554417	0.5493373541690951	0.6241272145632271
1.6	0.9325882731771457	0.5380758981157081	0.6207155470323915
2.0	0.843873479541181	0.4888828506262173	0.6057898986188097
2.4	0.7024322818904056	0.38514928641507473	0.5715675240836537
2.8	0.5458070038769351	0.24561269049317325	0.5123431356123496
3.2	0.39772406734057786	0.11678928665916533	0.4259254594178947
3.6	0.2711570215730236	0.03440291397999817	0.32251544141370814
4.0	0.17132258500387848	0.0013708759360528955	0.22856488660004137
4.4	0.0983034944876641	0.0016531986473258264	0.17100442276833672
4.8	0.04916003282079817	0.019043659846804895	0.15612721248122696
5.2	0.01950614488574446	0.04407087549956379	0.1684685236224983
5.6	0.004595669507025765	0.07240639661048531	0.1886106670990031
6.0	0.0	0.10183891369402298	0.2059162244806403
6.4	0.001970428391404537	0.1309897633245698	0.21787929473268286
6.8	0.007575045034696991	0.15901094767671942	0.2253725581992787
7.2	0.014688064423555941	0.1852497358931422	0.22981810180662032
7.6	0.02189372658355987	0.20905667340791756	0.2323390901266409
8.0	0.028350770343242414	0.2299610039494968	0.23368609354531422
8.4	0.03364886844387128	0.24788194353252546	0.23433369982638208
8.8	0.03767634363262206	0.26308150186153023	0.23457518462083482
9.2	0.04050924737979743	0.275952085039183	0.23459186004142363
9.6	0.04232533770082475	0.286855676462199	0.23449507201821773
10.0	0.04334225697962158	0.2960836788494756	0.2343513457740951
10.4	0.0437768026503866	0.30388162684016007	0.23419959062376328
10.8	0.04382111652659886	0.310471840208548	0.23406071701526177
11.2	0.0436314574530143	0.31605763623875216	0.23394372438192446
11.6	0.04332561052056362	0.3208175260084909	0.23385064200773842
12.0	0.042985653963167406	0.3249007211894388	0.2337797052979318
12.4	0.042663562242194204	0.32842713404722534	0.2337272086034854
12.8	0.0423878493422843	0.3314900920828925	0.23368935804564117
13.2	0.0421700822648452	0.33416055040756176	0.23366165390773186
13.6	0.04201059248040673	0.336491584942086	0.23364127283812297
14.0	0.04190308016847743	0.33852326005000166	0.23362583263387426
14.4	0.04183805552060373	0.3402869345205255	0.2336127746325667
14.8	0.04180521399754266	0.34180919311824587	0.23360112830707602
15.2	0.04179492120687013	0.34311362514132027	0.23359036427897117
15.6	0.04179900972608181	0.34422241576301493	0.23357977671034358
16.0	0.041811083295859995	0.3451562524233802	0.23356927737145416
16.4	0.041826497980267635	0.34593582256246624	0.23355868980282635
16.8	0.04184215583202051	0.34658012867045485	0.23354819046393716
17.2	0.0418562115070811	0.3471073307625938	0.233537867584525
17.6	0.04186776048210639	0.3475343719458923	0.2335278093943285
18.0	0.04187655121900773	0.3478764167691657	0.23351766297439358
18.4	0.04188274346064996	0.3481471320480125	0.2335081341626284
18.8	0.04188672053711745	0.3483583124315113	0.23349851712112502
19.2	0.041888954288249444	0.3485207228771543	0.23348916476883708
19.6	0.04188991592059674	0.348643162567587	0.23347998887602617
20.0	0.04189002375820357	0.3487333073855434	0.2334713423616468
20.4	0.04188961846969933	0.3487972418722143	0.23346225469857473
20.8	0.041888957182442156	0.3488406761354872	0.2334534317247181
21.2	0.041888219337756126	0.3488676353333804	0.2334446087508617
21.6	0.04188751878474316	0.34888195740726147	0.23343552108778942
22.0	0.041886918187912965	0.3488863569985843	0.233426521654456
22.4	0.041886443187265275	0.34888308070717344	0.23341716930216783
22.8	0.04188609483509504	0.34887428152452804	0.23340808163909577
23.2	0.04188585963542684	0.34886126996721156	0.23339872928680783
23.6	0.04188571705760046	0.34884535655178817	0.23338893578582698
24.0	0.0418856447300795	0.34882729014486635	0.233379406974062
24.4	0.04188562169394452	0.3488077260047282	0.23336961347308138
24.8	0.041885630155010865	0.3487876002146344	0.2333597317423619
25.2	0.04188565615950581	0.348767099991236	0.23334993824138128
25.6	0.041885689562664655	0.34874669337616404	0.23334005651066203
26.0	0.041885723585826894	0.34872647397774403	0.23332991009072712
26.4	0.04188575418137185	0.3487067226209539	0.23332011658974627
26.8	0.04188577935564246	0.34868753291412014	0.23331023485902702
27.2	0.04188579854266422	0.3486689984655684	0.23330035312830777
27.6	0.04188581207746908	0.34865140010027673	0.23329073608680417
28.0	0.04188582078657159	0.3486345506015933	0.23328120727503898
28.4	0.04188582569284101	0.34861854357784416	0.2332715902335354
28.8	0.04188582782040343	0.348603566245681	0.23326223788124745
29.2	0.04188582807999494	0.34858924417180015	0.23325306198843676
29.6	0.04188582721430925	0.3485759517895055	0.23324388609562607
30.0	0.04188582578464762	0.3485634082738187	0.23323541604072373
30.4	0.041885824183297664	0.34855161362474063	0.23322676952634436
30.8	0.04188582265963342	0.34854066145059637	0.23321829947144201
31.2	0.04188582135136015	0.3485304581430604	0.2332102705652328
31.6	0.0418858203152968	0.34852091009380626	0.23320250634823902
32.0	0.041885819554456694	0.34851201730283443	0.23319483036098387
32.4	0.04188581903993779	0.34850406059512284	0.23318733083320597
32.8	0.0418858187273271	0.3484963847123894	0.23318018422438191
33.2	0.04188581856805733	0.34848936408793807	0.23317339053451258
33.6	0.04188581851653521	0.3484828115051166	0.23316668507438143
34.0	0.04188581853399386	0.34847682057225127	0.23316024430346638
34.4	0.0418858185899931	0.34847139128934246	0.2331542446812438
34.8	0.04188581866237206	0.34846624283141114	0.23314833328876006
35.2	0.041885818736298756	0.3484614688067842	0.23314268658549175
35.6	0.04188581880289552	0.34845716282378736	0.2331371281119623
36.0	0.04188581885776873	0.34845313766576846	0.23313201078712553
36.4	0.04188581889964613	0.3484495805493799	0.23312706992176602
36.8	0.04188581892922926	0.3484461170413171	0.23312212905640606
37.2	0.04188581894829994	0.34844312157488444	0.23311771756947786
37.6	0.041885818959075415	0.348440126108452	0.2331135707717653
38.0	0.04188581896378148	0.34843750507532345	0.23310960043353002
38.4	0.04188581896440085	0.34843516486717285	0.23310554186555588
38.8	0.04188581896255263	0.34843301187567444	0.233101659757059
39.2	0.041885818959462105	0.3484309524925022	0.23309821879725479
39.6	0.041885818955986844	0.34842908032598174	0.23309486606718943
40.0	0.041885818952673064	0.34842730176778725	0.2330916015668627
40.4	0.041885818949823336	0.34842571042624493	0.23308877821522844
40.8	0.04188581894756354	0.34842430630135457	0.23308551371490172
41.2	0.04188581894590182	0.34842280856813845	0.23308313151196036
41.6	0.041885818944776304	0.34842168526822626	0.23308066107928083
42.0	0.04188581894409092	0.34842056196831406	0.23307819064660085
42.4	0.04188581894374024	0.34841953227672784	0.23307580844365972
42.8	0.04188581894362508	0.3484185961934676	0.23307351447045677
43.2	0.04188581894366099	0.34841775371853334	0.2330713969567313
43.6	0.04188581894378156	0.3484169112435993	0.23306936767274444
44.0	0.04188581894393838	0.348416162376991	0.2330675148482344
44.4	0.041885818944099	0.34841541351038297	0.23306583848320162
44.8	0.04188581894424396	0.34841485186042687	0.23306442680738448
45.2	0.041885818944363565	0.34841429021047077	0.23306292690182917
45.6	0.041885818944454964	0.34841382216884065	0.2330614269962734
46.0	0.04188581894451962	0.34841316691055835	0.23306001532045628
46.4	0.04188581894456138	0.3484127924772542	0.23305860364463937
46.8	0.04188581894458505	0.3484123244356241	0.23305763311751515
47.2	0.04188581894459545	0.34841195000232017	0.23305630967143665
47.6	0.04188581894459692	0.34841166917734223	0.23305525091457402
48.0	0.04188581894459297	0.34841129474403787	0.23305428038744957
48.4	0.041885818944586296	0.34841092031073395	0.23305322163058695
48.8	0.041885818944578754	0.348410639485756	0.23305251579267838
49.2	0.041885818944571544	0.34841045226910405	0.23305180995477004
49.6	0.04188581894456534	0.3484101714441259	0.23305101588712285
50.0	0.04188581894456041	0.3484100778357999	0.23305013358973703
50.4	0.04188581894455678	0.34840989061914773	0.2330495159815671
50.8	0.041885818944554315	0.3484096097941698	0.23304881014365875
51.2	0.041885818944552816	0.3484095161858438	0.23304845722470424
51.6	0.041885818944552046	0.34840932896919163	0.2330478396165343
52.0	0.04188581894455179	0.3484091417525399	0.233047310238103
52.4	0.04188581894455186	0.3484090481442137	0.23304678085967168
52.8	0.04188581894455212	0.3484088609275615	0.2330464279407174
53.2	0.04188581894455246	0.34840876731923553	0.23304581033254745
53.6	0.04188581894455281	0.34840867371090956	0.2330456338730702
54.0	0.04188581894455312	0.34840867371090956	0.23304545741359317
54.4	0.041885818944553385	0.3484085801025836	0.23304501626490026
54.8	0.041885818944553586	0.3484083928859314	0.23304475157568483
55.2	0.041885818944553725	0.3484082992776052	0.23304457511620758
55.6	0.041885818944553815	0.3484082992776052	0.23304439865673032
56.0	0.04188581894455387	0.34840820566927944	0.23304422219725307
56.4	0.04188581894455389	0.34840820566927944	0.23304395750803764
56.8	0.04188581894455389	0.3484080184526275	0.23304395750803764
57.2	0.041885818944553885	0.3484079248443015	0.23304369281882176
57.6	0.04188581894455387	0.3484079248443015	0.2330434281296061
58.0	0.04188581894455386	0.3484079248443015	0.2330433398998677
58.4	0.04188581894455384	0.3484079248443015	0.23304325167012885
58.8	0.04188581894455383	0.3484078312359753	0.2330428987511748
59.2	0.041885818944553815	0.3484078312359753	0.23304307521065182
59.6	0.04188581894455381	0.3484078312359753	0.23304307521065182
60.0	0.0418858189445538	0.3484078312359753	0.2330428987511748
60.4	0.0418858189445538	0.3484077376276493	0.2330429869809132
60.8	0.041885818944553795	0.3484077376276493	0.2330428987511748
61.2	0.041885818944553795	0.3484077376276493	0.2330428987511748
61.6	0.041885818944553795	0.34840755041099736	0.2330428987511748
62.0	0.041885818944553795	0.34840755041099736	0.2330428987511748
62.4	0.0418858189445538	0.34840755041099736	0.2330427222916973
62.8	0.0418858189445538	0.34840755041099736	0.2330427222916973
63.2	0.0418858189445538	0.34840755041099736	0.2330427222916973
63.6	0.0418858189445538	0.34840755041099736	0.2330427222916973
64.0	0.0418858189445538	0.34840755041099736	0.2330429869809132
64.4	0.0418858189445538	0.34840755041099736	0.2330428987511748
64.8	0.0418858189445538	0.34840755041099736	0.2330428987511748
65.2	0.0418858189445538	0.34840755041099736	0.2330429869809132
65.6	0.0418858189445538	0.3484074568026714	0.2330429869809132
66.0	0.0418858189445538	0.3484074568026714	0.2330428987511748
66.4	0.0418858189445538	0.3484074568026714	0.2330429869809132
66.8	0.0418858189445538	0.3484074568026714	0.23304307521065182
67.2	0.0418858189445538	0.3484074568026714	0.23304325167012885
67.6	0.0418858189445538	0.3484074568026714	0.23304325167012885
68.0	0.0418858189445538	0.3484074568026714	0.2330433398998677
68.4	0.0418858189445538	0.3484074568026714	0.23304325167012885
68.8	0.0418858189445538	0.3484074568026714	0.2330434281296061
69.2	0.0418858189445538	0.3484074568026714	0.2330434281296061
69.6	0.0418858189445538	0.3484073631943452	0.23304360458908313
70.0	0.0418858189445538	0.3484074568026714	0.23304360458908313
70.4	0.0418858189445538	0.3484074568026714	0.2330437810485606
70.8	0.0418858189445538	0.3484074568026714	0.23304369281882176
71.2	0.0418858189445538	0.3484074568026714	0.2330437810485606
71.6	0.0418858189445538	0.3484074568026714	0.2330437810485606
72.0	0.0418858189445538	0.3484073631943452	0.2330437810485606
72.4	0.0418858189445538	0.3484074568026714	0.23304395750803764
72.8	0.0418858189445538	0.3484073631943452	0.23304404573777604
73.2	0.0418858189445538	0.3484074568026714	0.23304422219725307
73.6	0.0418858189445538	0.3484073631943452	0.23304422219725307
74.0	0.0418858189445538	0.3484073631943452	0.23304422219725307
74.4	0.0418858189445538	0.3484074568026714	0.23304422219725307
74.8	0.0418858189445538	0.3484073631943452	0.2330443104269917
75.2	0.0418858189445538	0.3484074568026714	0.2330443104269917
75.6	0.0418858189445538	0.3484074568026714	0.23304457511620758
76.0	0.0418858189445538	0.3484074568026714	0.23304457511620758
76.4	0.0418858189445538	0.3484074568026714	0.23304466334594598
76.8	0.0418858189445538	0.3484074568026714	0.23304466334594598
77.2	0.0418858189445538	0.3484074568026714	0.23304475157568483
77.6	0.0418858189445538	0.3484074568026714	0.23304501626490026
78.0	0.0418858189445538	0.3484073631943452	0.23304501626490026
78.4	0.0418858189445538	0.3484074568026714	0.23304475157568483
78.8	0.0418858189445538	0.3484074568026714	0.23304492803516164
79.2	0.0418858189445538	0.3484073631943452	0.23304492803516164
79.6	0.0418858189445538	0.3484073631943452	0.23304501626490026
80.0	0.0418858189445538	0.3484073631943452	0.2330451044946389
80.4	0.0418858189445538	0.3484074568026714	0.2330451044946389
80.8	0.0418858189445538	0.3484073631943452	0.2330451044946389
