Time	ABP	LCBFV	RCBFV
-78.0	0.06741172682284972	0.24676483462895904	0.17116682604851374
-77.6	0.15612652045881448	0.3291385158082991	0.22738790139460963
-77.2	0.2975677181095899	0.4442569000399028	0.34509072422173426
-76.8	0.4541929961230602	0.6077663469866392	0.5941693729941353
-76.4	0.6022759326594176	0.7912754410298355	0.8510126247269565
-76.0	0.728842978426972	0.91276138898544	0.9310539150558543
-75.6	0.8286774149961178	0.9560271622456002	0.9303022613649408
-75.2	0.9016965055123313	0.9593193101378907	0.9035224240945021
-74.8	0.9508399671791976	0.9392969001211009	0.8730419293376899
-74.4	0.9804938551142541	0.9042640392582992	0.8480195654852307
-74.0	0.9954043304929681	0.8750572752061356	0.8257607207031812
-73.6	1.0	0.8656314889200365	0.8060157474626994
-73.2	0.9980295716085953	0.8682141117424917	0.7933359122511476
-72.8	0.9924249549652986	0.8722605840690951	0.7907594593833454
-72.4	0.9853119355764359	0.8745966893075598	0.7970049401863555
-72.0	0.9781062734164401	0.8757568717681679	0.8085836151666139
-71.6	0.9716492296567552	0.876570282931846	0.8220417632622044
-71.2	0.9663511315561246	0.8773844205717047	0.8347588761590592
-70.8	0.9623236563673749	0.87824190462368	0.8452067946851483
-70.4	0.9594907526201965	0.87910447400892	0.8529499347358482
-70.0	0.9576746622991714	0.8799389529818389	0.8583014288676998
-69.6	0.9566577430203744	0.8807262110030112	0.8618617867021177
-69.2	0.9562231973496089	0.8814522028662761	0.8642023734883708
-68.8	0.9561788834733969	0.8821072422225575	0.8657472511374442
-68.4	0.9563685425469809	0.8826857594211366	0.8667781485800774
-68.0	0.9566743894794315	0.8831879966207401	0.8674737727803545
-67.6	0.9570143460368283	0.8836180705197259	0.8679491197492999
-67.2	0.9573364377578013	0.8839825194037196	0.8682769374545949
-66.8	0.9576121506577112	0.8842890923519828	0.8685048961483519
-66.4	0.9578299177351507	0.8845448119675958	0.8686634957549118
-66.0	0.957989407519589	0.8847579116472732	0.8687744251093561
-65.6	0.958096919831518	0.8849354139940959	0.8688521434350773
-65.2	0.9581619444793907	0.8850831308175087	0.86890636552279
-64.8	0.9581947860024498	0.8852068739269576	0.8689447728349193
-64.4	0.9582050787931264	0.8853110021795274	0.868972335729506
-64.0	0.9582009902739096	0.8853989057973943	0.8689926690123986
-63.6	0.958188916704134	0.8854737328440083	0.8690078060118853
-63.2	0.9581735020197326	0.8855379049066383	0.8690200059816207
-62.8	0.9581578441679759	0.8855926327789194	0.8690299466977012
-62.4	0.958143788492917	0.885639853730666	0.869038531861589
-62.0	0.9581322395178903	0.88568102071424	0.8690462133240147
-61.6	0.9581234487809865	0.8857166180470952	0.8690527651596136
-61.2	0.9581172565393483	0.8857476143641394	0.8690586392191155
-60.8	0.9581132794628786	0.8857744939828258	0.8690636095771558
-60.4	0.9581110457117459	0.8857982255380628	0.869068354009831
-60.0	0.9581100840793987	0.8858188090298498	0.8690724206664091
-59.6	0.9581099762417915	0.8858362444581869	0.8690758095468911
-59.2	0.9581103815302958	0.8858517426167092	0.8690789725020076
-58.8	0.9581110428175537	0.8858653035054158	0.869081457681028
-58.4	0.9581117806622393	0.8858771692830341	0.8690839428600479
-58.0	0.9581124812152524	0.8858870977908375	0.8690857502629716
-57.6	0.9581130818120823	0.88589629982246	0.8690875576658954
-57.2	0.9581135568127304	0.8859040489017209	0.8690891391434536
-56.8	0.9581139051649005	0.8859110715048009	0.8690902687702813
-56.4	0.9581141403645693	0.8859171254729739	0.8690916243224744
-56.0	0.9581142829423992	0.8859224529649659	0.8690925280239357
-55.6	0.9581143552699152	0.8859275382982306	0.8690934317253978
-55.2	0.9581143783060494	0.885931412837861	0.8690941095014943
-54.8	0.9581143698449829	0.8859352873774915	0.869095013202956
-54.4	0.9581143438404887	0.8859386775996683	0.869095690979053
-54.0	0.9581143104373315	0.8859418256631182	0.8690963687551487
-53.6	0.9581142764141715	0.885944489409114	0.8690968206058798
-53.2	0.9581142458186219	0.8859471531551102	0.8690972724566113
-52.8	0.9581142206443499	0.8859495747423791	0.869097724307341
-52.4	0.9581142014573277	0.8859515120121944	0.8690981761580725
-52.0	0.9581141879225274	0.8859536914407364	0.8690986280088036
-51.6	0.958114179213424	0.8859553865518248	0.8690988539341695
-51.2	0.958114174307155	0.8859568395041864	0.8690990798595346
-50.8	0.958114172179592	0.8859585346152747	0.8690995317102652
-50.4	0.9581141719200008	0.8859597454089094	0.8690999835609963
-50.0	0.9581141727856862	0.8859609562025437	0.8691002094863618
-49.6	0.958114174215348	0.8859621669961784	0.8691004354117278
-49.2	0.958114175816698	0.8859636199485399	0.8691008872624579
-48.8	0.9581141773403621	0.8859645885834473	0.8691008872624579
-48.4	0.9581141786486354	0.885965799377082	0.8691011131878235
-48.0	0.9581141796846981	0.8859665258532625	0.869101339113189
-47.6	0.9581141804455386	0.8859674944881704	0.8691015650385545
-47.2	0.9581141809600576	0.8859682209643509	0.8691015650385545
-46.8	0.9581141812726701	0.8859691895992587	0.86910179096392
-46.4	0.9581141814319384	0.8859699160754393	0.8691020168892856
-46.0	0.9581141814834578	0.8859706425516198	0.8691022428146511
-45.6	0.9581141814660036	0.8859713690278008	0.8691022428146511
-45.2	0.9581141814100037	0.8859720955039814	0.8691022428146511
-44.8	0.9581141813376217	0.8859728219801624	0.8691024687400162
-44.4	0.9581141812637005	0.8859733062976161	0.8691024687400162
-44.0	0.9581141811970996	0.8859740327737966	0.8691029205907477
-43.6	0.9581141811422268	0.8859745170912503	0.8691029205907477
-43.2	0.9581141811003462	0.8859750014087044	0.8691029205907477
-42.8	0.9581141810707701	0.8859754857261581	0.8691031465161128
-42.4	0.9581141810516962	0.8859759700436118	0.8691031465161128
-42.0	0.9581141810409202	0.8859764543610655	0.8691031465161128
-41.6	0.9581141810362146	0.8859766965197928	0.8691031465161128
-41.2	0.9581141810355953	0.8859771808372465	0.8691033724414783
-40.8	0.9581141810374432	0.8859774229959734	0.8691033724414783
-40.4	0.9581141810405337	0.8859779073134271	0.8691033724414783
-40.0	0.9581141810440088	0.8859783916308812	0.8691033724414783
-39.6	0.9581141810473229	0.8859786337896081	0.8691033724414783
-39.2	0.9581141810501724	0.8859791181070618	0.8691035983668438
-38.8	0.958114181052432	0.8859793602657886	0.8691035983668438
-38.4	0.958114181054094	0.8859798445832423	0.8691038242922093
-38.0	0.9581141810552191	0.8859800867419692	0.8691038242922093
-37.6	0.958114181055909	0.8859803289006964	0.8691038242922093
-37.2	0.958114181056257	0.8859805710594233	0.8691038242922093
-36.8	0.9581141810563671	0.885981055376877	0.8691042761429404
-36.4	0.9581141810563303	0.8859812975356038	0.8691038242922093
-36.0	0.9581141810562113	0.8859815396943307	0.8691042761429404
-35.6	0.9581141810560556	0.8859817818530575	0.8691042761429404
-35.2	0.9581141810558998	0.8859820240117844	0.8691042761429404
-34.8	0.9581141810557531	0.8859822661705117	0.8691042761429404
-34.4	0.9581141810556342	0.8859825083292385	0.8691042761429404
-34.0	0.9581141810555424	0.8859827504879654	0.8691045020683059
-33.6	0.9581141810554785	0.8859829926466922	0.8691045020683059
-33.2	0.9581141810554344	0.8859832348054191	0.8691045020683059
-32.8	0.9581141810554105	0.8859832348054191	0.8691045020683059
-32.4	0.9581141810554005	0.8859834769641459	0.8691045020683059
-32.0	0.9581141810553986	0.8859839612816001	0.8691045020683059
-31.6	0.9581141810554022	0.8859839612816001	0.8691045020683059
-31.2	0.9581141810554096	0.8859842034403269	0.8691045020683059
-30.8	0.9581141810554169	0.8859844455990538	0.8691045020683059
-30.4	0.9581141810554241	0.8859844455990538	0.8691045020683059
-30.0	0.9581141810554298	0.8859846877577806	0.8691045020683059
-29.6	0.9581141810554351	0.8859846877577806	0.869104727993671
-29.2	0.9581141810554389	0.8859849299165075	0.869104727993671
-28.8	0.9581141810554417	0.8859849299165075	0.8691045020683059
-28.4	0.9581141810554417	0.8859851720752343	0.8691045020683059
-28.0	0.9581141810554417	0.8859854142339612	0.869104727993671
-27.6	0.9581141810554417	0.885985656392688	0.869104727993671
-27.2	0.9581141810554417	0.885985656392688	0.869104727993671
-26.8	0.9581141810554417	0.8859858985514153	0.869104727993671
-26.4	0.9581141810554417	0.8859861407101421	0.869104727993671
-26.0	0.9581141810554417	0.8859858985514153	0.869104727993671
-25.6	0.9581141810554417	0.8859861407101421	0.869104727993671
-25.2	0.9581141810554417	0.885986382868869	0.869104727993671
-24.8	0.9581141810554417	0.885986382868869	0.869104727993671
-24.4	0.9581141810554417	0.885986382868869	0.869104727993671
-24.0	0.9581141810554417	0.8859866250275958	0.869104727993671
-23.6	0.9581141810554417	0.8859868671863227	0.869104727993671
-23.2	0.9581141810554417	0.8859868671863227	0.869104727993671
-22.8	0.9581141810554417	0.8859868671863227	0.869104727993671
-22.4	0.9581141810554417	0.8859868671863227	0.869104727993671
-22.0	0.9581141810554417	0.8859868671863227	0.869104727993671
-21.6	0.9581141810554417	0.8859871093450495	0.869104727993671
-21.2	0.9581141810554417	0.8859873515037764	0.869104727993671
-20.8	0.9581141810554417	0.8859873515037764	0.8691049539190361
-20.4	0.9581141810554417	0.8859873515037764	0.869104727993671
-20.0	0.9581141810554417	0.8859875936625032	0.869104727993671
-19.6	0.9581141810554417	0.8859875936625032	0.869104727993671
-19.2	0.9581141810554417	0.8859875936625032	0.8691049539190361
-18.8	0.9581141810554417	0.8859875936625032	0.8691049539190361
-18.4	0.9581141810554417	0.8859878358212305	0.869104727993671
-18.0	0.9581141810554417	0.8859875936625032	0.869104727993671
-17.6	0.9581141810554417	0.8859880779799574	0.8691049539190361
-17.2	0.9581141810554417	0.8859880779799574	0.869104727993671
-16.8	0.9581141810554417	0.8859880779799574	0.869104727993671
-16.4	0.9581141810554417	0.8859878358212305	0.869104727993671
-16.0	0.9581141810554417	0.8859880779799574	0.869104727993671
-15.6	0.9581141810554417	0.8859880779799574	0.869104727993671
-15.2	0.9581141810554417	0.8859880779799574	0.8691049539190361
-14.8	0.9581141810554417	0.8859880779799574	0.869104727993671
-14.4	0.9581141810554417	0.8859883201386842	0.8691049539190361
-14.0	0.9581141810554417	0.8859883201386842	0.8691049539190361
-13.6	0.9581141810554417	0.8859883201386842	0.8691049539190361
-13.2	0.9581141810554417	0.8859885622974111	0.8691049539190361
-12.8	0.9581141810554417	0.8859885622974111	0.8691049539190361
-12.4	0.9581141810554417	0.8859885622974111	0.869104727993671
-12.0	0.9581141810554417	0.8859888044561379	0.869104727993671
-11.6	0.9581141810554417	0.8859888044561379	0.869104727993671
-11.2	0.9581141810554417	0.8859888044561379	0.869104727993671
-10.8	0.9581141810554417	0.8859888044561379	0.8691049539190361
-10.4	0.9581141810554417	0.8859888044561379	0.8691049539190361
-10.0	0.9581141810554417	0.8859888044561379	0.8691049539190361
-9.6	0.9581141810554417	0.8859888044561379	0.8691049539190361
-9.2	0.9581141810554417	0.8859890466148648	0.8691049539190361
-8.8	0.9581141810554417	0.8859890466148648	0.869104727993671
-8.4	0.9581141810554417	0.8859890466148648	0.8691049539190361
-8.0	0.9581141810554417	0.8859890466148648	0.8691049539190361
-7.6	0.9581141810554417	0.8859890466148648	0.8691049539190361
-7.2	0.9581141810554417	0.8859890466148648	0.8691049539190361
-6.8	0.9581141810554417	0.8859890466148648	0.8691049539190361
-6.4	0.9581141810554417	0.8859890466148648	0.8691049539190361
-6.0	0.9581141810554417	0.8859892887735916	0.8691049539190361
-5.6	0.9581141810554417	0.8859892887735916	0.8691049539190361
-5.2	0.9581141810554417	0.8859890466148648	0.8691049539190361
-4.8	0.9581141810554417	0.8859892887735916	0.8691049539190361
-4.4	0.9581141810554417	0.8859892887735916	0.8691049539190361
-4.0	0.9581141810554417	0.8859895309323185	0.8691049539190361
-3.6	0.9581141810554417	0.8859892887735916	0.8691049539190361
-3.2	0.9581141810554417	0.8859892887735916	0.8691049539190361
-2.8	0.9581141810554417	0.8859892887735916	0.8691049539190361
-2.4	0.9581141810554417	0.8859892887735916	0.8691049539190361
-2.0	0.9581141810554417	0.8859892887735916	0.8691049539190361
-1.6	0.9581141810554417	0.8859895309323185	0.8691049539190361
-1.2	0.9581141810554417	0.8859895309323185	0.8691049539190361
-0.8	0.9581141810554417	0.8859892887735916	0.8691049539190361
-0.4	0.9581141810554417	0.8859895309323185	0.8691049539190361
0.0	0.9581141810554417	0.8859892887735916	0.8691049539190361
0.4	0.9581141810554417	0.8859892887735916	0.8691049539190361
0.8	0.9581141810554417	0.8859895309323185	0.8691049539190361
1.2	0.9581141810554417	0.8859895309323185	0.8691049539190361
1.6	0.9325882731771457	0.8828174937685738	0.8656555254390643
2.0	0.843873479541181	0.8684741902151889	0.8496647539965718
2.4	0.7024322818904056	0.8334619128441747	0.8100661374148179
2.8	0.5458070038769351	0.7682500206406808	0.7353126302647099
3.2	0.39772406734057786	0.6681709041435897	0.6150247694058948
3.6	0.2711570215730236	0.5464616858417779	0.45165181172541646
4.0	0.17132258500387848	0.4336922412611641	0.27923099500865756
4.4	0.0983034944876641	0.3520937101666508	0.16045841557603935
4.8	0.04916003282079817	0.3005850960013281	0.14572265953872443
5.2	0.01950614488574446	0.267102293149454	0.23754234287095488
5.6	0.004595669507025765	0.24316042305832264	0.3874603154109588
6.0	0.0	0.22623534423802716	0.5279795668221092
6.4	0.001970428391404537	0.21567238057037597	0.6197059429784011
6.8	0.007575045034696991	0.21033629194363312	0.6599755578955964
7.2	0.014688064423555941	0.20951331551024244	0.6631586203696813
7.6	0.02189372658355987	0.2141611890351176	0.6480753911202759
8.0	0.028350770343242414	0.22653622645620808	0.6313700177468069
8.4	0.03364886844387128	0.2487626441259354	0.6204361337595954
8.8	0.03767634363262206	0.28167952203303015	0.6133167736429532
9.2	0.04050924737979743	0.3245203067274698	0.6062717429715503
9.6	0.04232533770082475	0.37520897144348764	0.5988277281047296
10.0	0.04334225697962158	0.4308861059337743	0.5925937694953582
10.4	0.0437768026503866	0.4884109115103561	0.5883825206830264
10.8	0.04382111652659886	0.5447554354519961	0.5855810461512172
11.2	0.0436314574530143	0.5972864437623171	0.583349807241851
11.6	0.04332561052056362	0.6439756149447509	0.5814454823363173
12.0	0.042985653963167406	0.6835392655879686	0.5799963970422024
12.4	0.042663562242194204	0.7154773379209081	0.579017688358993
12.8	0.0423878493422843	0.7399937295916241	0.5783311011733343
13.2	0.0421700822648452	0.7578308992568124	0.5777592840733339
13.6	0.04201059248040673	0.7700594306481245	0.5772403335088525
14.0	0.04190308016847743	0.7778845477493732	0.5767792198379318
14.4	0.04183805552060373	0.782481446862235	0.5763705208517991
14.8	0.04180521399754266	0.7848734907666151	0.5759832847753861
15.2	0.04179492120687013	0.7858617405311192	0.5755924338931255
15.6	0.04179900972608181	0.7860162377988855	0.5751923200708811
16.0	0.041811083295859995	0.7857084540569876	0.5747861062637687
16.4	0.041826497980267635	0.7851677136198059	0.5743751480239816
16.8	0.04184215583202051	0.7845303518505888	0.5739562823964033
17.2	0.0418562115070811	0.7838784605577569	0.5735256686498202
17.6	0.04186776048210639	0.783260713645419	0.5730828549335019
18.0	0.04187655121900773	0.7827054436846232	0.572627163471352
18.4	0.04188274346064996	0.7822279066751641	0.572157238711178
18.8	0.04188672053711745	0.7818346409026682	0.571670821399324
19.2	0.041888954288249444	0.7815261306845898	0.5711665559835988
19.6	0.04188991592059674	0.7812992279574784	0.5706433128371737
20.0	0.04189002375820357	0.7811495738642504	0.5700999623332221
20.4	0.04188961846969933	0.7810703879605523	0.5695365044717435
20.8	0.041888957182442156	0.7810539211671226	0.5689522614766422
21.2	0.041888219337756126	0.7810929087221545	0.5683488148254761
21.6	0.04188751878474316	0.7811796015463868	0.5677272941450722
22.0	0.041886918187912965	0.7813064927192857	0.5670890549876237
22.4	0.041886443187265275	0.7814670439552245	0.5664365825321507
22.8	0.04188609483509504	0.781653990492396	0.5657725878830389
23.2	0.04188585963542684	0.7818617626800819	0.5650991043685776
23.6	0.04188571705760046	0.7820850330262892	0.5644190690185173
24.0	0.0418856447300795	0.7823184740390268	0.56373541886261
24.4	0.04188562169394452	0.7825586954961179	0.5630515427813367
24.8	0.041885630155010865	0.7828015806992048	0.5623690222522566
25.2	0.04188565615950581	0.783043981584838	0.5616914720812167
25.6	0.041885689562664655	0.7832839608832023	0.5610202478204098
26.0	0.041885723585826894	0.7835188548483014	0.5603576087234912
26.4	0.04188575418137185	0.7837467262103202	0.5597053621933836
26.8	0.04188577935564246	0.7839670906518048	0.5590650897076459
27.2	0.04188579854266422	0.7841780109029401	0.5584383727438362
27.6	0.04188581207746908	0.784379729122453	0.5578256631526857
28.0	0.04188582078657159	0.784571276675436	0.5572280905610218
28.4	0.04188582569284101	0.7847526535618887	0.556646558670306
28.8	0.04188582782040343	0.7849236176230843	0.5560815193312691
29.2	0.04188582807999494	0.7850841688590231	0.5555327466185467
29.6	0.04188582721430925	0.7852350337458858	0.5550011442335994
30.0	0.04188582578464762	0.7853754858074917	0.5544864862510621
30.4	0.041885824183297664	0.7855069779962016	0.5539889985963005
30.8	0.04188582265963342	0.7856290259945622	0.5535082294185838
31.2	0.04188582135136015	0.7857428405962081	0.5530444046432768
31.6	0.0418858203152968	0.7858481796424126	0.5525970724196492
32.0	0.041885819554456694	0.7859455274506288	0.552166232747701
32.4	0.04188581903993779	0.786036094814492	0.5517518856274319
32.8	0.0418858187273271	0.7861196395752743	0.5513529014320147
33.2	0.04188581856805733	0.7861966460504308	0.5509697320121798
33.6	0.04188581851653521	0.7862683250335949	0.5506012477411011
34.0	0.04188581853399386	0.7863337078898596	0.5502476745441427
34.4	0.0418858185899931	0.7863942475715864	0.5499085605705745
34.8	0.04188581866237206	0.7864504283962286	0.5495836798950309
35.2	0.041885818736298756	0.7865015238876056	0.5492721288160498
35.6	0.04188581880289552	0.7865489869980791	0.5489739073336317
36.0	0.04188581885776873	0.7865928177276493	0.5486883376716796
36.4	0.04188581889964613	0.7866330160763155	0.5484151939048278
36.8	0.04188581892922926	0.7866700663615322	0.5481542501077119
37.2	0.04188581894829994	0.786703968583299	0.5479046025788692
37.6	0.041885818959075415	0.7867352070590701	0.5476660253929346
38.0	0.04188581896378148	0.7867640239475722	0.5474387444752733
38.4	0.04188581896440085	0.7867909035662586	0.5472211783483274
38.8	0.04188581896255263	0.7868151194389492	0.5470142307135581
39.2	0.041885818959462105	0.7868378823592783	0.5468167719441388
39.6	0.041885818955986844	0.7868584658510653	0.5466285761147034
40.0	0.041885818952673064	0.7868778385492181	0.5464489654491562
40.4	0.041885818949823336	0.7868952739775552	0.5462781658728619
40.8	0.04188581894756354	0.7869117407709849	0.5461157255350899
41.2	0.04188581894590182	0.7869265124533262	0.5459611925851096
41.6	0.041885818944776304	0.7869403155007597	0.5458138892468243
42.0	0.04188581894409092	0.7869531499132858	0.5456735895948681
42.4	0.04188581894374024	0.7869647735321772	0.545540293629242
42.8	0.04188581894362508	0.786975670674888	0.5454140013499449
43.2	0.04188581894366099	0.7869855991826911	0.5452940349808812
43.6	0.04188581894378156	0.7869948012143135	0.5451799426713195
44.0	0.04188581894393838	0.7870032767697555	0.545071046645164
44.4	0.041885818944099	0.7870107836902895	0.5449684765292411
44.8	0.04188581894424396	0.7870182906108236	0.5448708767713588
45.2	0.041885818944363565	0.7870250710551772	0.5447784732968823
45.6	0.041885818944454964	0.7870311250233497	0.5446903624043495
46.0	0.04188581894451962	0.7870366946740686	0.544607221869857
46.4	0.04188581894456138	0.7870420221660606	0.5445279220665775
46.8	0.04188581894458505	0.7870468653405984	0.5444531407706077
47.2	0.04188581894459545	0.787051224197683	0.544382426131216
47.6	0.04188581894459692	0.7870555830547672	0.5443151003723063
48.0	0.04188581894459297	0.787058973276944	0.5442513894192442
48.4	0.041885818944586296	0.7870626056578476	0.5441910673466641
48.8	0.041885818944578754	0.7870659958800239	0.544134134154566
49.2	0.041885818944571544	0.787068901784747	0.5440801379922193
49.6	0.04188581894456534	0.78707180768947	0.5440290788596231
50.0	0.04188581894456041	0.7870739871180121	0.5439807308314129
50.4	0.04188581894455678	0.7870764087052811	0.5439348679822229
50.8	0.041885818944554315	0.7870785881338231	0.5438914903120529
51.2	0.041885818944552816	0.7870807675623652	0.5438505978209032
51.6	0.041885818944552046	0.7870827048321805	0.5438119645834083
52.0	0.04188581894455179	0.7870843999432688	0.5437753646742023
52.4	0.04188581894455186	0.7870858528956304	0.5437407980932856
52.8	0.04188581894455212	0.7870875480067188	0.5437080389152926
53.2	0.04188581894455246	0.7870885166416266	0.5436770871402234
53.6	0.04188581894455281	0.7870897274352608	0.5436477168427125
54.0	0.04188581894455312	0.7870909382288955	0.5436203798734909
54.4	0.041885818944553385	0.7870921490225302	0.5435941725310964
54.8	0.041885818944553586	0.7870931176574376	0.5435695466662607
55.2	0.041885818944553725	0.7870940862923455	0.5435465022789827
55.6	0.041885818944553815	0.787094812768526	0.5435243615931669
56.0	0.04188581894455387	0.7870955392447065	0.5435035764595437
56.4	0.04188581894455389	0.7870962657208875	0.5434839209527478
56.8	0.04188581894455389	0.7870969921970681	0.5434653950727795
57.2	0.041885818944553885	0.7870977186732486	0.5434482247450039
57.6	0.04188581894455387	0.7870982029907028	0.5434317321933249
58.0	0.04188581894455386	0.7870989294668833	0.5434161433431075
58.4	0.04188581894455384	0.7870991716256102	0.5434012322689863
58.8	0.04188581894455383	0.7870996559430643	0.5433874508216927
59.2	0.041885818944553815	0.787100140260518	0.5433743471504957
59.6	0.04188581894455381	0.7871006245779717	0.5433621471807604
60.0	0.0418858189445538	0.7871008667366985	0.5433503990617561
60.4	0.0418858189445538	0.7871011088954254	0.5433395546442135
60.8	0.041885818944553795	0.7871013510541522	0.5433289361520364
61.2	0.041885818944553795	0.7871018353716064	0.5433192213613214
61.6	0.041885818944553795	0.7871020775303332	0.543309958421337
62.0	0.041885818944553795	0.7871023196890601	0.5433015991828147
62.4	0.0418858189445538	0.7871025618477869	0.5432932399442925
62.8	0.0418858189445538	0.7871028040065138	0.5432853325565012
63.2	0.0418858189445538	0.7871028040065138	0.5432781029448062
63.6	0.0418858189445538	0.7871030461652406	0.5432713251838421
64.0	0.0418858189445538	0.7871032883239675	0.5432645474228781
64.4	0.0418858189445538	0.7871032883239675	0.5432586733633757
64.8	0.0418858189445538	0.7871032883239675	0.5432527993038738
65.2	0.0418858189445538	0.7871032883239675	0.543247151169737
65.6	0.0418858189445538	0.7871035304826948	0.5432421808116967
66.0	0.0418858189445538	0.7871035304826948	0.543237436379022
66.4	0.0418858189445538	0.7871035304826948	0.5432329178717124
66.8	0.0418858189445538	0.7871035304826948	0.5432283993644031
67.2	0.0418858189445538	0.7871037726414216	0.543224106782459
67.6	0.0418858189445538	0.7871040148001485	0.5432204919766115
68.0	0.0418858189445538	0.7871040148001485	0.5432171030961295
68.4	0.0418858189445538	0.7871040148001485	0.5432137142156475
68.8	0.0418858189445538	0.7871040148001485	0.5432103253351654
69.2	0.0418858189445538	0.7871042569588753	0.543207162380049
69.6	0.0418858189445538	0.7871042569588753	0.543204225350298
70.0	0.0418858189445538	0.7871042569588753	0.5432019660966432
70.4	0.0418858189445538	0.7871042569588753	0.5431992549922577
70.8	0.0418858189445538	0.7871044991176022	0.5431969957386029
71.2	0.0418858189445538	0.7871044991176022	0.543194510559583
71.6	0.0418858189445538	0.7871044991176022	0.5431924772312937
72.0	0.0418858189445538	0.7871044991176022	0.5431904439030044
72.4	0.0418858189445538	0.7871044991176022	0.5431886365000806
72.8	0.0418858189445538	0.7871044991176022	0.5431866031717913
73.2	0.0418858189445538	0.7871044991176022	0.5431852476195986
73.6	0.0418858189445538	0.7871044991176022	0.5431836661420404
74.0	0.0418858189445538	0.7871044991176022	0.5431820846644821
74.4	0.0418858189445538	0.787104741276329	0.5431807291122894
74.8	0.0418858189445538	0.7871044991176022	0.5431793735600963
75.2	0.0418858189445538	0.787104741276329	0.5431780180079036
75.6	0.0418858189445538	0.787104741276329	0.5431766624557108
76.0	0.0418858189445538	0.787104741276329	0.5431757587542487
76.4	0.0418858189445538	0.787104741276329	0.5431748550527871
76.8	0.0418858189445538	0.787104741276329	0.5431737254259599
77.2	0.0418858189445538	0.787104741276329	0.5431725957991322
77.6	0.0418858189445538	0.787104741276329	0.5431719180230361
78.0	0.0418858189445538	0.787104741276329	0.543171014321574
78.4	0.0418858189445538	0.787104741276329	0.5431703365454779
78.8	0.0418858189445538	0.787104741276329	0.5431696587693813
79.2	0.0418858189445538	0.787104741276329	0.5431689809932847
79.6	0.0418858189445538	0.787104741276329	0.543168077291823
80.0	0.0418858189445538	0.787104741276329	0.543167625441092
80.4	0.0418858189445538	0.787104741276329	0.5431671735903609
80.8	0.0418858189445538	0.787104741276329	0.5431664958142648
