TIEMPO	VFSCd	VFSCi	PAMn	PCC	RAP
0.40	66.85	65.11	73.78	-2.07	1.16
1.00	67.34	66.07	74.52	1.96	1.09
1.60	67.22	66.62	75.25	2.92	1.07
2.20	66.46	66.83	76.14	-0.65	1.14
2.80	65.72	66.15	75.92	3.00	1.09
3.40	64.83	65.36	75.30	8.30	1.02
4.00	63.48	65.04	75.20	6.26	1.05
4.60	62.88	64.48	75.11	4.55	1.08
5.20	63.23	63.60	75.04	5.69	1.08
5.80	63.00	63.15	74.44	4.95	1.09
6.40	62.79	62.99	73.55	3.01	1.11
7.00	64.02	63.58	73.83	3.26	1.10
7.60	64.79	63.73	74.12	3.97	1.08
8.20	64.59	63.10	73.37	4.27	1.08
8.80	64.91	62.98	73.00	3.81	1.09
9.40	65.57	63.25	73.18	2.69	1.11
10.00	65.73	63.54	73.59	1.28	1.13
10.60	65.58	63.53	73.79	1.50	1.13
11.20	64.87	62.77	73.37	5.66	1.07
11.80	64.88	63.05	73.39	6.18	1.06
12.40	64.94	63.55	73.82	3.77	1.09
13.00	64.47	63.70	74.28	4.29	1.09
13.60	64.02	63.15	74.65	4.83	1.09
14.20	63.73	62.22	74.85	4.99	1.11
14.80	64.24	62.79	75.33	3.59	1.13
15.40	64.72	63.36	75.77	2.06	1.15
16.00	64.74	63.13	75.98	1.07	1.18
16.60	64.61	63.13	76.01	2.05	1.16
17.20	64.48	63.30	75.88	4.94	1.11
17.80	65.30	63.52	75.66	3.51	1.13
18.40	65.66	63.87	75.59	2.00	1.15
19.00	65.34	64.35	76.02	3.50	1.12
19.60	64.85	64.24	76.12	4.39	1.10
20.20	64.54	63.86	76.09	5.30	1.09
20.80	64.79	63.49	76.21	9.00	1.05
21.40	64.75	62.39	76.19	10.20	1.05
22.00	64.46	60.86	75.92	7.71	1.11
22.60	64.45	59.99	76.14	7.42	1.13
23.20	64.31	59.54	76.18	7.50	1.14
23.80	63.80	59.42	75.23	6.03	1.16
24.40	63.63	59.30	74.89	6.12	1.15
25.00	63.41	59.03	74.99	7.50	1.13
25.60	62.71	58.47	74.24	8.56	1.11
26.20	61.72	57.64	73.04	7.41	1.13
26.80	60.34	56.46	71.02	-0.10	1.27
27.40	61.24	57.53	70.27	-1.01	1.25
28.00	62.72	59.12	69.97	0.89	1.15
28.60	63.04	59.67	69.04	1.37	1.16
29.20	63.30	60.07	68.04	1.37	1.17
29.80	63.59	60.36	66.81	1.15	1.17
30.40	66.18	62.41	67.09	1.67	1.12
31.00	70.00	65.50	69.16	3.17	1.02
31.60	71.19	67.29	69.40	2.42	0.99
32.20	71.88	68.52	69.07	1.54	0.98
32.80	73.00	69.46	68.80	2.23	0.95
33.40	74.32	70.36	68.99	3.23	0.93
34.00	75.76	71.23	69.71	4.37	0.91
34.60	78.59	72.81	71.18	5.07	0.90
35.20	80.52	73.89	73.09	6.19	0.90
35.80	81.17	74.24	75.15	8.94	0.90
36.40	80.71	74.17	77.93	9.76	0.87
37.00	79.35	73.42	80.71	9.76	0.85
37.60	76.87	71.47	82.85	9.76	0.89
38.20	74.39	69.89	84.76	9.63	0.93
38.80	72.29	68.38	86.41	9.47	0.99
39.40	71.33	66.87	87.98	10.92	1.07
40.00	70.24	65.07	88.83	12.07	1.16
40.60	68.25	62.56	87.69	10.73	1.22
41.20	66.90	61.11	86.68	9.35	1.25
41.80	66.38	60.95	86.54	8.95	1.26
42.40	65.70	60.68	86.09	6.93	1.29
43.00	65.05	60.49	85.34	3.01	1.34
43.60	64.96	61.17	84.51	5.85	1.27
44.20	64.66	61.32	83.58	10.10	1.18
44.80	63.38	59.40	82.70	9.52	1.22
45.40	62.20	58.13	81.59	7.78	1.26
46.00	61.19	58.01	79.79	4.67	1.29
46.60	61.15	58.57	78.65	3.51	1.28
47.20	62.09	59.72	78.65	6.08	1.21
47.80	62.25	59.84	78.45	6.09	1.20
48.40	62.03	59.45	78.11	4.24	1.23
49.00	61.33	58.63	77.15	2.96	1.26
49.60	61.53	58.43	76.49	2.60	1.26
50.20	63.60	59.57	77.30	4.45	1.22
50.80	64.54	60.01	77.97	5.43	1.20
51.40	64.25	59.70	78.28	4.39	1.23
52.00	63.81	59.00	78.20	5.84	1.22
52.60	63.62	58.47	78.12	7.68	1.20
53.20	64.24	58.70	79.01	8.57	1.19
53.80	64.36	58.69	79.64	7.44	1.21
54.40	63.89	58.33	79.72	1.87	1.33
55.00	62.90	58.82	79.42	1.77	1.32
55.60	62.57	59.49	79.10	3.94	1.26
56.20	64.14	59.76	79.04	5.68	1.22
56.80	65.65	60.33	79.40	6.27	1.20
57.40	66.78	61.17	80.59	4.96	1.23
58.00	66.59	61.29	80.18	5.45	1.21
58.60	66.24	61.36	79.26	6.07	1.18
59.20	66.61	61.85	78.85	2.54	1.23
59.80	66.80	62.26	78.72	1.27	1.23
60.40	66.74	62.57	79.39	5.80	1.17
61.00	66.12	62.12	78.33	5.44	1.16
61.60	65.91	61.91	76.95	3.38	1.18
62.20	67.15	62.83	77.40	1.90	1.20
62.80	67.45	63.27	77.74	2.78	1.17
63.40	66.89	63.20	77.56	7.22	1.10
64.00	67.47	63.48	77.42	7.17	1.09
64.60	68.14	63.75	77.36	4.71	1.12
65.20	68.32	63.69	77.43	0.62	1.18
65.80	68.50	64.14	77.46	-1.86	1.25
66.40	68.40	64.61	77.49	-2.55	1.31
67.00	67.43	64.65	76.80	3.92	1.15
67.60	67.50	64.80	76.82	7.29	1.07
68.20	68.32	65.01	77.86	5.37	1.11
68.80	68.23	64.70	78.37	6.95	1.09
69.40	68.12	64.69	78.63	8.42	1.07
70.00	68.30	65.47	78.72	7.50	1.09
70.60	68.98	65.43	79.23	6.13	1.11
71.20	69.36	65.23	79.65	5.51	1.12
71.80	68.63	65.25	78.81	8.91	1.06
72.40	68.60	65.47	78.37	9.85	1.03
73.00	69.39	65.85	78.47	7.28	1.07
73.60	71.43	66.54	80.29	8.69	1.06
74.20	72.10	66.47	81.32	9.43	1.06
74.80	71.51	65.72	81.15	8.67	1.09
75.40	70.16	64.17	80.16	6.83	1.13
76.00	69.37	63.70	79.66	4.46	1.18
76.60	69.03	64.08	80.08	1.97	1.21
77.20	68.53	64.36	79.73	4.16	1.17
77.80	67.33	63.31	79.04	6.07	1.14
78.40	65.64	61.26	78.09	5.33	1.18
79.00	64.98	61.07	77.58	5.69	1.17
79.60	64.71	60.63	77.27	5.87	1.17
80.20	64.77	58.87	77.08	4.97	1.21
80.80	63.54	58.26	76.41	4.50	1.23
81.40	62.80	58.27	75.58	4.47	1.22
82.00	64.04	58.35	75.52	3.17	1.22
82.60	64.65	59.69	75.98	4.84	1.18
83.20	64.80	60.75	76.70	8.63	1.11
83.80	64.53	59.06	76.38	5.91	1.18
84.40	65.31	59.33	76.50	1.54	1.26
85.00	66.60	60.88	77.49	-3.52	1.32
85.60	66.57	60.80	77.87	6.10	1.16
86.20	66.05	60.21	77.79	10.20	1.11
86.80	65.40	59.45	77.29	4.78	1.22
87.40	65.94	59.20	77.05	2.08	1.27
88.00	66.23	59.21	76.94	2.20	1.25
88.60	66.04	59.34	77.04	6.09	1.19
89.20	64.67	58.79	76.26	6.63	1.18
89.80	64.08	58.68	75.56	5.06	1.20
90.40	65.38	59.66	75.56	1.33	1.23
91.00	66.02	60.00	75.62	2.69	1.20
91.60	66.06	60.11	75.61	4.90	1.17
92.20	65.07	60.16	75.42	3.55	1.19
92.80	64.97	60.34	75.36	2.73	1.19
93.40	65.09	60.30	75.41	2.79	1.19
94.00	64.96	59.69	75.50	3.88	1.19
94.60	64.31	59.60	75.24	4.67	1.18
95.20	63.45	60.01	74.59	4.89	1.14
95.80	63.39	59.63	74.19	5.19	1.22
96.40	64.03	59.86	74.09	4.78	1.27
97.00	65.54	61.10	74.37	2.38	1.21
97.60	65.35	61.35	74.20	4.86	1.13
98.20	65.11	61.42	73.80	7.55	1.08
98.80	65.71	61.67	72.86	4.40	1.11
99.40	67.52	63.90	73.96	2.69	1.11
100.00	69.04	65.92	75.74	2.71	1.10
100.60	69.55	66.38	77.15	5.05	1.08
101.20	68.26	65.12	76.43	2.37	1.14
101.80	67.44	64.46	75.66	-0.77	1.19
102.40	68.28	65.46	76.45	1.21	1.15
103.00	72.99	69.82	80.20	-1.07	1.16
103.60	74.90	71.63	82.97	-0.73	1.15
104.20	73.76	71.05	83.25	4.42	1.09
104.80	70.63	68.72	82.76	10.31	1.03
105.40	68.31	66.98	82.04	11.70	1.03
106.00	67.08	65.99	81.31	5.02	1.14
106.60	65.82	65.00	80.11	2.61	1.18
107.20	64.64	63.92	78.57	4.28	1.15
107.80	63.46	62.27	75.78	1.40	1.18
108.40	62.83	61.31	73.37	-0.79	1.20
109.00	63.22	61.76	73.04	3.21	1.12
109.60	61.60	60.55	72.46	6.07	1.08
110.20	59.26	58.55	71.42	6.77	1.09
110.80	57.46	56.38	70.40	4.06	1.17
111.40	56.04	55.17	70.27	2.75	1.22
112.00	55.00	54.77	71.45	5.05	1.20
112.60	55.22	53.74	72.49	5.72	1.23
113.20	54.74	52.91	73.04	6.59	1.24
113.80	53.78	52.50	72.82	8.71	1.22
114.40	55.48	53.70	74.48	6.46	1.26
115.00	55.88	53.91	75.72	6.48	1.27
115.60	55.16	53.19	75.74	10.85	1.22
116.20	54.96	51.99	75.63	7.71	1.30
116.80	55.72	51.94	75.67	4.09	1.38
117.40	57.27	53.06	76.10	3.47	1.36
118.00	56.81	52.84	75.98	3.86	1.35
118.60	56.49	52.71	75.59	3.97	1.35
119.20	56.74	52.89	74.99	2.43	1.36
119.80	57.67	53.92	74.68	2.69	1.33
120.40	58.58	54.88	74.63	4.29	1.28
121.00	58.79	54.90	74.53	4.39	1.27
121.60	59.22	55.36	74.46	3.82	1.28
122.20	59.84	56.20	74.40	2.57	1.28
122.80	59.80	56.78	74.67	5.25	1.22
123.40	59.74	57.01	75.08	8.62	1.16
124.00	59.74	56.91	75.58	11.05	1.12
124.60	59.81	56.36	75.70	11.51	1.13
125.20	59.72	56.16	75.68	9.94	1.16
125.80	59.31	56.73	75.76	4.81	1.24
126.40	59.39	57.25	75.76	4.10	1.24
127.00	59.50	57.59	75.64	6.80	1.19
127.60	59.13	57.68	75.00	3.70	1.23
128.20	58.93	57.65	74.46	2.04	1.24
128.80	58.97	57.65	74.14	3.49	1.22
129.40	59.20	58.33	74.00	5.09	1.18
130.00	59.55	59.08	73.85	6.62	1.13
130.60	59.95	59.37	73.51	8.27	1.09
131.20	60.72	60.62	73.39	7.41	1.09
131.80	61.64	62.21	73.58	5.26	1.10
132.40	62.45	63.72	74.24	5.75	1.07
133.00	63.98	65.11	74.95	5.64	1.06
133.60	65.46	66.05	75.59	5.06	1.07
134.20	65.73	65.85	75.41	7.99	1.02
134.80	66.60	66.03	76.34	10.21	0.98
135.40	67.87	66.50	79.03	10.17	0.97
136.00	68.09	66.57	79.53	10.58	0.99
136.60	67.70	65.88	79.08	10.98	1.01
137.20	66.55	64.22	78.09	11.40	1.02
137.80	67.11	63.76	78.14	10.17	1.06
138.40	67.64	63.66	78.53	9.04	1.09
139.00	67.07	63.43	78.47	10.53	1.06
139.60	66.28	62.73	78.22	11.69	1.05
140.20	65.63	61.94	77.87	12.07	1.06
140.80	66.41	62.36	77.93	10.92	1.07
141.40	67.07	63.05	78.20	9.65	1.08
142.00	67.36	63.81	78.61	8.15	1.10
142.60	67.46	64.25	79.03	9.93	1.07
143.20	67.48	64.28	79.21	12.20	1.03
143.80	67.00	63.17	78.73	13.00	1.01
144.40	68.13	64.42	79.14	11.07	1.04
145.00	69.51	65.97	80.10	7.73	1.09
145.60	70.02	66.17	79.81	4.65	1.13
146.20	70.84	66.36	79.55	4.62	1.12
146.80	71.96	66.75	79.48	8.35	1.06
147.40	73.70	68.41	81.19	8.55	1.05
148.00	74.58	69.33	82.86	8.29	1.06
148.60	74.39	69.21	83.63	10.08	1.06
149.20	72.76	68.33	83.32	9.02	1.08
149.80	71.74	67.53	82.97	7.68	1.11
150.40	73.09	67.55	83.53	8.30	1.11
151.00	72.62	66.77	83.59	8.47	1.11
151.60	71.65	65.87	83.07	7.84	1.12
152.20	71.26	65.26	82.13	4.75	1.17
152.80	71.34	65.43	81.66	3.71	1.18
153.40	72.13	66.59	82.18	7.14	1.12
154.00	70.97	66.98	82.13	8.28	1.09
154.60	69.90	67.17	81.67	7.18	1.10
155.20	70.80	67.41	81.34	5.92	1.11
155.80	72.25	68.62	81.62	4.38	1.12
156.40	73.85	70.53	82.66	2.46	1.14
157.00	75.32	70.56	83.58	1.67	1.15
157.60	76.05	70.76	84.25	3.13	1.13
158.20	75.87	71.53	84.50	8.33	1.06
158.80	77.16	72.15	85.43	5.07	1.10
159.40	78.23	72.45	86.31	1.35	1.15
160.00	78.05	72.53	86.60	5.79	1.09
160.60	77.38	71.41	86.21	6.48	1.09
161.20	76.57	70.46	85.40	3.76	1.14
161.80	75.76	71.13	85.50	4.54	1.12
162.40	75.24	71.11	85.38	5.18	1.11
163.00	75.01	70.29	84.79	4.73	1.12
163.60	75.25	69.45	83.94	4.96	1.13
164.20	75.31	69.25	83.31	5.42	1.12
164.80	74.79	70.28	83.67	6.85	1.08
165.40	75.01	70.17	83.65	5.01	1.10
166.00	75.68	69.65	83.08	-0.13	1.17
166.60	75.72	69.65	82.98	3.86	1.12
167.20	75.64	69.87	82.98	8.32	1.05
167.80	75.54	70.19	83.07	9.36	1.04
168.40	74.99	69.93	82.15	6.01	1.08
169.00	74.60	69.91	81.04	2.19	1.12
169.60	74.19	70.36	79.83	-0.76	1.14
170.20	76.56	72.22	81.29	5.13	1.04
170.80	78.45	73.95	83.39	10.50	0.96
171.40	78.55	74.86	84.67	6.57	1.02
172.00	77.13	73.75	84.52	2.62	1.09
172.60	75.34	72.29	83.62	1.92	1.12
173.20	73.24	70.69	82.30	7.21	1.06
173.80	73.08	70.65	81.34	6.62	1.05
174.40	73.00	70.83	80.61	4.17	1.07
175.00	71.64	70.50	79.98	4.14	1.07
175.60	70.56	69.95	79.28	3.86	1.07
176.20	69.65	69.37	78.54	3.17	1.08
176.80	68.66	68.94	77.99	5.12	1.05
177.40	67.87	68.63	77.81	7.24	1.02
178.00	67.26	68.46	78.16	8.01	1.02
178.60	67.19	68.13	78.49	8.98	1.01
179.20	67.66	67.64	78.73	10.35	1.01