<<<<<<< HEAD
<<<<<<< HEAD
TIEMPO	VFSCd	VFSCi	PAMn	PCC	RAP
0.40	45.49	44.18	99.57	42.58	1.31
1.00	47.60	45.27	102.73	31.99	1.58
1.60	49.51	48.66	106.07	31.32	1.58
2.20	48.93	47.25	106.82	35.61	1.51
2.80	44.72	43.40	101.88	39.08	1.45
3.40	42.22	41.88	100.44	37.48	1.51
4.00	41.92	41.81	99.73	26.70	1.77
4.60	42.45	42.31	99.17	18.91	1.92
5.20	43.47	42.99	99.15	34.20	1.54
5.80	45.86	44.21	102.05	28.93	1.68
6.40	47.45	46.13	103.47	32.61	1.55
7.00	48.64	46.80	105.17	42.66	1.35
7.60	48.14	46.02	104.71	33.68	1.55
8.20	47.88	45.88	104.64	32.58	1.59
8.80	47.51	45.91	105.24	41.16	1.43
9.40	47.44	45.72	106.62	29.87	1.69
10.00	45.23	44.07	104.13	26.92	1.75
10.60	44.56	43.02	102.53	23.49	1.85
11.20	45.28	43.12	101.45	19.89	1.90
11.80	46.18	44.26	100.80	21.01	1.81
12.40	46.75	46.12	100.78	30.80	1.54
13.00	48.90	47.44	102.60	26.50	1.64
13.60	51.62	49.40	104.70	12.35	1.89
14.20	51.40	49.39	104.24	24.87	1.62
14.80	50.99	50.19	102.72	27.90	1.51
15.40	50.25	49.56	101.89	27.94	1.49
16.00	51.65	50.06	103.11	28.73	1.50
16.60	53.62	52.23	106.26	27.45	1.52
17.20	53.48	53.01	107.87	33.21	1.42
17.80	51.09	50.67	105.85	28.16	1.53
18.40	48.45	47.33	103.31	24.91	1.65
19.00	47.29	46.77	102.24	21.89	1.73
19.60	48.05	46.48	103.02	27.17	1.65
20.20	50.23	47.64	104.99	29.42	1.60
20.80	51.22	48.56	106.48	27.17	1.63
21.40	50.42	47.87	105.82	29.03	1.61
22.00	48.99	45.61	103.98	30.79	1.60
22.60	48.73	44.42	102.85	24.08	1.79
23.20	48.15	45.36	102.29	27.48	1.68
23.80	48.81	45.96	103.82	29.18	1.64
24.40	48.51	45.44	103.62	31.48	1.59
25.00	47.73	44.62	102.22	32.00	1.58
25.60	47.30	44.07	101.29	26.38	1.73
26.20	47.51	44.17	99.97	19.62	1.84
26.80	49.07	45.41	99.30	17.87	1.82
27.40	49.69	45.76	99.21	17.19	1.80
28.00	50.29	46.42	99.78	15.31	1.83
28.60	52.06	48.18	102.39	24.54	1.63
29.20	52.52	48.17	103.90	17.74	1.79
29.80	51.63	47.80	103.41	14.02	1.87
30.40	49.41	45.94	100.85	27.47	1.59
31.00	47.71	43.94	99.28	21.70	1.78
31.60	47.66	43.63	98.41	24.87	1.70
32.20	48.43	45.21	98.75	32.00	1.50
32.80	49.59	46.13	99.51	27.57	1.57
33.40	50.15	45.75	99.80	17.87	1.80
34.00	49.61	44.96	99.15	31.86	1.51
34.60	48.18	45.12	98.33	25.49	1.63
35.20	48.09	44.59	96.98	30.42	1.51
35.80	48.64	44.88	96.86	29.85	1.51
36.40	50.53	47.53	97.98	22.22	1.62
37.00	51.70	49.04	100.07	26.25	1.50
37.60	53.66	49.95	101.01	32.20	1.36
38.20	51.71	48.58	99.40	18.59	1.66
38.80	50.87	47.32	98.04	32.11	1.40
39.40	50.56	48.90	97.90	30.27	1.40
40.00	52.98	50.20	98.76	21.77	1.54
40.60	53.02	49.96	99.03	21.84	1.54
41.20	51.80	49.18	97.57	24.83	1.47
41.80	51.25	48.56	95.53	31.60	1.31
42.40	50.44	48.70	94.52	24.62	1.43
43.00	52.25	48.83	94.05	12.10	1.69
43.60	53.41	50.29	94.91	26.13	1.39
44.20	54.69	51.61	97.69	27.96	1.36
44.80	55.23	52.71	99.60	33.49	1.26
45.40	54.05	51.52	99.18	32.39	1.29
46.00	53.37	50.79	98.42	28.47	1.37
46.60	53.28	50.61	98.43	28.68	1.38
47.20	52.97	50.50	98.97	25.85	1.45
47.80	54.20	51.73	99.77	24.14	1.47
48.40	54.22	52.54	100.00	25.50	1.42
49.00	54.15	51.46	99.53	35.96	1.24
49.60	53.66	50.08	99.61	31.92	1.35
50.20	52.66	49.38	100.18	27.82	1.46
50.80	52.71	50.41	101.40	28.84	1.44
51.40	52.64	50.56	102.18	26.65	1.50
52.00	51.75	50.07	101.86	22.17	1.60
52.60	50.39	49.72	100.30	27.01	1.48
53.20	50.18	48.76	99.74	25.63	1.52
53.80	51.35	49.61	100.04	24.04	1.55
54.40	52.18	50.58	101.27	27.02	1.44
55.00	51.12	50.62	101.58	29.68	1.57
55.60	49.98	49.92	100.40	28.98	1.74
56.20	49.67	49.18	98.83	26.18	1.49
56.80	49.81	49.31	98.74	24.47	1.51
57.40	51.13	50.41	99.47	24.01	1.83
58.00	52.73	51.31	101.42	26.69	1.53
58.60	54.21	51.78	102.04	25.43	1.45
59.20	51.96	50.50	101.19	25.03	1.77
59.80	51.04	49.26	100.57	23.92	1.67
60.40	50.45	48.28	100.64	27.83	1.50
61.00	51.08	48.55	101.57	26.92	1.55
61.60	50.66	48.56	102.03	22.12	1.65
62.20	49.26	47.93	100.84	23.42	1.60
62.80	49.06	47.49	100.61	24.12	1.60
63.40	48.18	46.57	98.63	23.30	1.62
64.00	47.50	45.75	96.65	23.33	1.61
64.60	48.14	44.93	96.28	24.92	1.57
65.20	50.22	47.69	98.50	26.83	1.52
65.80	51.94	50.96	101.84	24.33	1.53
66.40	52.36	50.39	103.54	24.27	1.56
67.00	51.45	48.86	103.38	29.18	1.51
67.60	49.66	47.83	101.45	25.37	1.59
68.20	47.88	46.61	99.19	22.49	1.65
68.80	48.01	45.15	98.29	24.19	1.65
69.40	48.73	45.51	98.24	20.10	1.74
70.00	49.35	46.43	98.94	12.95	1.86
70.60	49.87	46.88	100.72	21.30	1.69
71.20	49.80	46.78	101.61	29.60	1.53
71.80	47.64	45.03	100.64	36.39	1.42
72.40	46.11	43.52	99.22	33.06	1.52
73.00	44.50	43.06	98.08	30.64	1.55
73.60	43.90	42.94	97.63	32.84	1.59
74.20	44.77	42.70	98.13	33.02	2.09
74.80	44.66	43.22	98.63	20.61	1.89
75.40	46.43	44.78	100.96	19.18	1.84
76.00	46.82	43.74	102.21	24.49	1.79
76.60	44.95	41.71	100.25	31.00	1.65
77.20	42.98	40.35	97.77	33.33	1.59
77.80	41.93	39.85	96.53	28.35	1.73
78.40	41.83	39.69	96.19	14.94	2.08
79.00	43.30	41.73	98.35	37.81	1.50
79.60	44.92	43.95	100.36	23.56	1.74
80.20	44.82	42.79	100.46	33.29	1.55
80.80	43.34	40.89	99.48	33.94	1.61
81.40	41.76	40.16	98.35	28.31	1.76
82.00	40.65	40.71	97.33	26.15	1.76
82.60	39.97	40.93	96.99	28.75	1.67
83.20	40.18	40.46	95.26	27.43	1.70
83.80	40.37	39.02	93.71	24.58	1.79
84.40	44.63	41.44	94.45	23.76	1.75
85.00	47.90	45.91	98.35	24.27	1.77
85.60	49.06	46.75	102.14	36.34	1.63
86.20	47.44	45.13	103.65	36.30	1.51
86.80	42.89	41.08	101.87	31.08	1.72
87.40	38.78	37.40	98.42	37.73	1.62
88.00	36.42	36.02	97.46	34.60	1.76
88.60	37.42	35.86	96.47	34.24	1.75
89.20	39.18	36.59	95.33	36.08	1.64
89.80	39.96	37.94	94.48	34.11	1.63
90.40	41.17	38.68	94.31	37.65	1.49
91.00	41.52	39.14	94.53	34.90	1.53
91.60	42.37	40.21	95.18	29.85	1.64
92.20	43.46	40.92	96.34	33.55	1.54
92.80	43.20	39.81	97.06	30.92	1.66
93.40	43.63	39.83	98.55	32.21	1.67
94.00	43.10	40.07	98.56	26.93	1.79
94.60	42.40	39.95	98.30	36.83	1.54
95.20	42.21	39.80	97.86	32.59	1.67
95.80	42.76	40.58	97.89	26.67	1.80
96.40	43.35	41.79	98.47	31.70	1.62
97.00	42.82	41.90	98.13	32.75	1.57
97.60	42.73	41.46	97.59	30.47	1.63
98.20	43.36	41.06	97.50	26.59	1.74
98.80	43.94	41.24	96.90	23.07	1.81
99.40	44.64	42.07	95.38	20.61	1.79
100.00	46.29	43.40	95.11	14.73	1.85
100.60	47.14	44.12	95.25	23.21	1.63
101.20	49.61	47.20	97.82	25.16	1.57
101.80	54.19	49.49	102.51	20.64	1.66
102.40	54.12	50.11	103.71	27.20	1.53
103.00	52.44	48.91	102.89	33.32	1.43
103.60	50.74	47.23	101.90	32.12	1.49
104.20	48.65	45.84	100.84	21.91	1.71
104.80	48.79	45.56	100.30	19.78	1.77
105.40	49.89	46.13	100.41	22.60	1.70
106.00	50.97	47.32	101.13	20.28	1.73
106.60	52.41	48.78	102.62	23.31	1.63
107.20	51.59	49.39	103.25	33.79	1.40
107.80	50.11	48.79	100.18	23.18	1.57
108.40	48.84	47.63	97.72	15.51	1.71
109.00	48.03	46.43	98.82	30.38	1.48
109.60	47.70	45.71	98.55	25.57	1.58
110.20	47.19	46.39	97.49	23.61	1.91
110.80	49.06	46.95	99.06	26.36	1.68
111.40	48.74	47.11	99.99	27.49	1.54
112.00	48.66	45.75	99.90	33.41	1.44
112.60	48.34	44.95	99.37	39.04	1.35
113.20	47.05	45.36	98.09	24.99	1.64
113.80	45.69	43.48	97.05	22.60	1.72
114.40	46.26	42.70	96.45	31.05	1.44
115.00	47.54	45.00	98.56	32.97	1.99
115.60	49.81	47.23	100.87	29.79	1.64
116.20	50.35	47.59	103.28	17.29	1.82
116.80	49.66	45.10	103.43	29.71	1.61
117.40	47.47	43.87	102.22	35.26	1.53
118.00	46.64	43.89	101.50	34.78	1.52
118.60	45.85	44.02	101.47	35.31	1.46
119.20	47.38	44.79	102.54	35.80	1.72
119.80	49.41	45.54	104.21	36.13	1.93
120.40	49.67	45.41	104.32	33.85	1.54
121.00	48.15	43.80	102.89	26.07	1.73
121.60	45.79	41.35	99.30	31.01	1.67
122.20	45.13	43.12	99.56	21.39	1.82
122.80	46.17	42.96	99.30	19.05	1.95
123.40	46.61	43.44	99.41	16.51	2.52
124.00	47.21	44.72	99.76	33.49	1.73
124.60	46.71	44.22	99.25	31.82	1.53
125.20	46.48	44.26	98.42	28.83	1.57
125.80	45.93	43.38	97.42	26.73	1.63
126.40	45.50	42.78	96.63	27.46	1.62
127.00	46.30	42.63	96.63	33.51	1.49
127.60	47.62	44.07	98.55	31.96	1.53
128.20	49.55	45.28	100.75	27.96	1.61
128.80	48.78	45.10	101.49	32.65	1.53
129.40	47.57	43.10	100.93	40.90	1.39
130.00	45.95	41.04	99.88	41.60	1.42
130.60	43.74	40.15	98.69	32.64	1.65
131.20	44.46	40.68	98.21	42.83	1.36
131.80	43.48	41.35	96.84	24.80	1.77
132.40	46.08	42.94	98.65	23.82	1.74
133.00	48.47	43.89	100.66	25.40	1.73
133.60	48.90	44.20	102.61	38.53	1.47
134.20	47.69	43.41	102.81	26.48	1.78
134.80	46.19	41.80	102.45	40.48	1.48
135.40	45.71	41.66	99.62	35.67	1.55
136.00	46.22	41.66	97.83	26.71	1.71
136.60	46.92	42.43	98.61	30.06	1.63
137.20	47.11	44.09	98.81	27.31	1.64
137.80	47.77	43.99	99.63	28.96	1.62
138.40	48.17	44.66	99.47	30.78	1.56
139.00	48.30	44.94	98.69	32.63	1.48
139.60	47.86	45.62	97.30	11.35	1.89
140.20	49.67	46.27	97.85	26.67	1.56
140.80	52.09	48.99	100.56	36.25	1.33
141.40	55.03	50.83	105.31	38.06	1.32
142.00	54.51	50.30	107.09	37.96	1.36
142.60	51.76	49.22	106.01	31.27	1.51
143.20	49.56	47.99	104.47	26.54	1.62
143.80	48.67	46.50	103.65	31.84	1.54
144.40	47.12	44.80	102.51	37.02	1.46
145.00	48.99	46.04	102.54	24.14	1.71
145.60	49.70	46.71	102.78	18.26	1.81
146.20	49.57	46.65	102.60	27.67	1.61
146.80	49.75	46.72	102.21	37.10	1.40
147.40	49.57	46.87	102.06	35.95	1.41
148.00	48.40	45.19	101.42	33.03	1.52
148.60	47.73	44.43	100.24	23.82	1.72
149.20	46.57	43.60	99.42	35.65	1.51
149.80	46.51	44.44	98.81	40.31	1.27
150.40	48.37	45.53	99.63	38.27	1.65
151.00	50.88	47.21	101.76	35.41	1.98
151.60	51.64	47.68	102.96	29.69	1.54
152.20	50.68	46.37	102.10	32.89	1.51
152.80	49.88	44.98	101.26	37.99	1.43
153.40	49.41	43.76	100.67	33.93	1.53
154.00	49.19	44.46	100.88	22.78	1.75
154.60	50.60	46.12	101.54	19.24	1.80
155.20	50.88	46.06	101.20	22.45	1.71
155.80	50.46	45.25	99.76	27.91	1.57
156.40	50.47	45.15	98.65	33.35	1.43
157.00	51.20	46.41	98.42	20.99	1.67
157.60	51.59	47.34	100.22	24.79	1.60
158.20	52.44	48.55	100.91	32.41	1.42
158.80	51.45	47.96	99.57	23.98	1.58
159.40	50.19	47.23	98.79	28.35	1.48
160.00	48.99	47.77	98.64	27.82	1.49
160.60	49.40	48.87	99.33	23.39	1.56
161.20	50.75	49.20	101.01	33.22	1.38
161.80	50.99	48.16	101.04	28.14	1.52
162.40	50.04	46.52	99.74	24.93	1.59
163.00	48.56	45.46	98.41	28.71	1.54
163.60	47.59	43.98	97.29	33.59	1.43
164.20	47.36	43.49	97.33	35.49	1.43
164.80	48.02	43.97	98.07	28.91	1.59
165.40	48.93	44.82	98.49	22.36	1.71
166.00	48.67	45.00	97.99	26.37	1.59
166.60	46.90	43.97	96.96	32.11	1.48
167.20	46.80	43.30	97.05	34.39	1.46
167.80	48.68	44.41	98.33	31.80	1.52
168.40	49.97	45.77	100.44	34.70	1.46
169.00	49.97	46.73	101.11	30.09	1.52
169.60	49.66	45.38	100.39	33.93	1.47
170.20	48.06	44.32	99.89	29.78	1.60
170.80	48.26	44.27	100.03	25.38	1.64
171.40	48.46	44.94	101.44	23.18	1.97
172.00	49.85	45.32	102.41	27.17	1.82
172.60	49.01	45.32	101.99	27.95	1.64
173.20	47.53	44.26	100.48	29.02	1.60
173.80	46.82	42.63	98.54	40.35	1.37
174.40	45.67	43.01	97.52	29.06	1.60
175.00	46.41	42.73	97.30	35.87	1.46
175.60	47.89	43.48	98.50	35.82	1.45
176.20	48.90	45.21	99.32	26.63	1.61
176.80	49.67	45.87	99.77	23.34	1.66
177.40	49.58	44.57	99.55	31.23	1.54
178.00	48.50	43.80	99.26	19.63	1.82
178.60	47.89	43.48	98.82	26.74	1.65
=======
TIEMPO	VFSCd	VFSCi	PAMn	PCC	RAP
0.40	45.49	44.18	99.57	42.58	1.31
1.00	47.60	45.27	102.73	31.99	1.58
1.60	49.51	48.66	106.07	31.32	1.58
2.20	48.93	47.25	106.82	35.61	1.51
2.80	44.72	43.40	101.88	39.08	1.45
3.40	42.22	41.88	100.44	37.48	1.51
4.00	41.92	41.81	99.73	26.70	1.77
4.60	42.45	42.31	99.17	18.91	1.92
5.20	43.47	42.99	99.15	34.20	1.54
5.80	45.86	44.21	102.05	28.93	1.68
6.40	47.45	46.13	103.47	32.61	1.55
7.00	48.64	46.80	105.17	42.66	1.35
7.60	48.14	46.02	104.71	33.68	1.55
8.20	47.88	45.88	104.64	32.58	1.59
8.80	47.51	45.91	105.24	41.16	1.43
9.40	47.44	45.72	106.62	29.87	1.69
10.00	45.23	44.07	104.13	26.92	1.75
10.60	44.56	43.02	102.53	23.49	1.85
11.20	45.28	43.12	101.45	19.89	1.90
11.80	46.18	44.26	100.80	21.01	1.81
12.40	46.75	46.12	100.78	30.80	1.54
13.00	48.90	47.44	102.60	26.50	1.64
13.60	51.62	49.40	104.70	12.35	1.89
14.20	51.40	49.39	104.24	24.87	1.62
14.80	50.99	50.19	102.72	27.90	1.51
15.40	50.25	49.56	101.89	27.94	1.49
16.00	51.65	50.06	103.11	28.73	1.50
16.60	53.62	52.23	106.26	27.45	1.52
17.20	53.48	53.01	107.87	33.21	1.42
17.80	51.09	50.67	105.85	28.16	1.53
18.40	48.45	47.33	103.31	24.91	1.65
19.00	47.29	46.77	102.24	21.89	1.73
19.60	48.05	46.48	103.02	27.17	1.65
20.20	50.23	47.64	104.99	29.42	1.60
20.80	51.22	48.56	106.48	27.17	1.63
21.40	50.42	47.87	105.82	29.03	1.61
22.00	48.99	45.61	103.98	30.79	1.60
22.60	48.73	44.42	102.85	24.08	1.79
23.20	48.15	45.36	102.29	27.48	1.68
23.80	48.81	45.96	103.82	29.18	1.64
24.40	48.51	45.44	103.62	31.48	1.59
25.00	47.73	44.62	102.22	32.00	1.58
25.60	47.30	44.07	101.29	26.38	1.73
26.20	47.51	44.17	99.97	19.62	1.84
26.80	49.07	45.41	99.30	17.87	1.82
27.40	49.69	45.76	99.21	17.19	1.80
28.00	50.29	46.42	99.78	15.31	1.83
28.60	52.06	48.18	102.39	24.54	1.63
29.20	52.52	48.17	103.90	17.74	1.79
29.80	51.63	47.80	103.41	14.02	1.87
30.40	49.41	45.94	100.85	27.47	1.59
31.00	47.71	43.94	99.28	21.70	1.78
31.60	47.66	43.63	98.41	24.87	1.70
32.20	48.43	45.21	98.75	32.00	1.50
32.80	49.59	46.13	99.51	27.57	1.57
33.40	50.15	45.75	99.80	17.87	1.80
34.00	49.61	44.96	99.15	31.86	1.51
34.60	48.18	45.12	98.33	25.49	1.63
35.20	48.09	44.59	96.98	30.42	1.51
35.80	48.64	44.88	96.86	29.85	1.51
36.40	50.53	47.53	97.98	22.22	1.62
37.00	51.70	49.04	100.07	26.25	1.50
37.60	53.66	49.95	101.01	32.20	1.36
38.20	51.71	48.58	99.40	18.59	1.66
38.80	50.87	47.32	98.04	32.11	1.40
39.40	50.56	48.90	97.90	30.27	1.40
40.00	52.98	50.20	98.76	21.77	1.54
40.60	53.02	49.96	99.03	21.84	1.54
41.20	51.80	49.18	97.57	24.83	1.47
41.80	51.25	48.56	95.53	31.60	1.31
42.40	50.44	48.70	94.52	24.62	1.43
43.00	52.25	48.83	94.05	12.10	1.69
43.60	53.41	50.29	94.91	26.13	1.39
44.20	54.69	51.61	97.69	27.96	1.36
44.80	55.23	52.71	99.60	33.49	1.26
45.40	54.05	51.52	99.18	32.39	1.29
46.00	53.37	50.79	98.42	28.47	1.37
46.60	53.28	50.61	98.43	28.68	1.38
47.20	52.97	50.50	98.97	25.85	1.45
47.80	54.20	51.73	99.77	24.14	1.47
48.40	54.22	52.54	100.00	25.50	1.42
49.00	54.15	51.46	99.53	35.96	1.24
49.60	53.66	50.08	99.61	31.92	1.35
50.20	52.66	49.38	100.18	27.82	1.46
50.80	52.71	50.41	101.40	28.84	1.44
51.40	52.64	50.56	102.18	26.65	1.50
52.00	51.75	50.07	101.86	22.17	1.60
52.60	50.39	49.72	100.30	27.01	1.48
53.20	50.18	48.76	99.74	25.63	1.52
53.80	51.35	49.61	100.04	24.04	1.55
54.40	52.18	50.58	101.27	27.02	1.44
55.00	51.12	50.62	101.58	29.68	1.57
55.60	49.98	49.92	100.40	28.98	1.74
56.20	49.67	49.18	98.83	26.18	1.49
56.80	49.81	49.31	98.74	24.47	1.51
57.40	51.13	50.41	99.47	24.01	1.83
58.00	52.73	51.31	101.42	26.69	1.53
58.60	54.21	51.78	102.04	25.43	1.45
59.20	51.96	50.50	101.19	25.03	1.77
59.80	51.04	49.26	100.57	23.92	1.67
60.40	50.45	48.28	100.64	27.83	1.50
61.00	51.08	48.55	101.57	26.92	1.55
61.60	50.66	48.56	102.03	22.12	1.65
62.20	49.26	47.93	100.84	23.42	1.60
62.80	49.06	47.49	100.61	24.12	1.60
63.40	48.18	46.57	98.63	23.30	1.62
64.00	47.50	45.75	96.65	23.33	1.61
64.60	48.14	44.93	96.28	24.92	1.57
65.20	50.22	47.69	98.50	26.83	1.52
65.80	51.94	50.96	101.84	24.33	1.53
66.40	52.36	50.39	103.54	24.27	1.56
67.00	51.45	48.86	103.38	29.18	1.51
67.60	49.66	47.83	101.45	25.37	1.59
68.20	47.88	46.61	99.19	22.49	1.65
68.80	48.01	45.15	98.29	24.19	1.65
69.40	48.73	45.51	98.24	20.10	1.74
70.00	49.35	46.43	98.94	12.95	1.86
70.60	49.87	46.88	100.72	21.30	1.69
71.20	49.80	46.78	101.61	29.60	1.53
71.80	47.64	45.03	100.64	36.39	1.42
72.40	46.11	43.52	99.22	33.06	1.52
73.00	44.50	43.06	98.08	30.64	1.55
73.60	43.90	42.94	97.63	32.84	1.59
74.20	44.77	42.70	98.13	33.02	2.09
74.80	44.66	43.22	98.63	20.61	1.89
75.40	46.43	44.78	100.96	19.18	1.84
76.00	46.82	43.74	102.21	24.49	1.79
76.60	44.95	41.71	100.25	31.00	1.65
77.20	42.98	40.35	97.77	33.33	1.59
77.80	41.93	39.85	96.53	28.35	1.73
78.40	41.83	39.69	96.19	14.94	2.08
79.00	43.30	41.73	98.35	37.81	1.50
79.60	44.92	43.95	100.36	23.56	1.74
80.20	44.82	42.79	100.46	33.29	1.55
80.80	43.34	40.89	99.48	33.94	1.61
81.40	41.76	40.16	98.35	28.31	1.76
82.00	40.65	40.71	97.33	26.15	1.76
82.60	39.97	40.93	96.99	28.75	1.67
83.20	40.18	40.46	95.26	27.43	1.70
83.80	40.37	39.02	93.71	24.58	1.79
84.40	44.63	41.44	94.45	23.76	1.75
85.00	47.90	45.91	98.35	24.27	1.77
85.60	49.06	46.75	102.14	36.34	1.63
86.20	47.44	45.13	103.65	36.30	1.51
86.80	42.89	41.08	101.87	31.08	1.72
87.40	38.78	37.40	98.42	37.73	1.62
88.00	36.42	36.02	97.46	34.60	1.76
88.60	37.42	35.86	96.47	34.24	1.75
89.20	39.18	36.59	95.33	36.08	1.64
89.80	39.96	37.94	94.48	34.11	1.63
90.40	41.17	38.68	94.31	37.65	1.49
91.00	41.52	39.14	94.53	34.90	1.53
91.60	42.37	40.21	95.18	29.85	1.64
92.20	43.46	40.92	96.34	33.55	1.54
92.80	43.20	39.81	97.06	30.92	1.66
93.40	43.63	39.83	98.55	32.21	1.67
94.00	43.10	40.07	98.56	26.93	1.79
94.60	42.40	39.95	98.30	36.83	1.54
95.20	42.21	39.80	97.86	32.59	1.67
95.80	42.76	40.58	97.89	26.67	1.80
96.40	43.35	41.79	98.47	31.70	1.62
97.00	42.82	41.90	98.13	32.75	1.57
97.60	42.73	41.46	97.59	30.47	1.63
98.20	43.36	41.06	97.50	26.59	1.74
98.80	43.94	41.24	96.90	23.07	1.81
99.40	44.64	42.07	95.38	20.61	1.79
100.00	46.29	43.40	95.11	14.73	1.85
100.60	47.14	44.12	95.25	23.21	1.63
101.20	49.61	47.20	97.82	25.16	1.57
101.80	54.19	49.49	102.51	20.64	1.66
102.40	54.12	50.11	103.71	27.20	1.53
103.00	52.44	48.91	102.89	33.32	1.43
103.60	50.74	47.23	101.90	32.12	1.49
104.20	48.65	45.84	100.84	21.91	1.71
104.80	48.79	45.56	100.30	19.78	1.77
105.40	49.89	46.13	100.41	22.60	1.70
106.00	50.97	47.32	101.13	20.28	1.73
106.60	52.41	48.78	102.62	23.31	1.63
107.20	51.59	49.39	103.25	33.79	1.40
107.80	50.11	48.79	100.18	23.18	1.57
108.40	48.84	47.63	97.72	15.51	1.71
109.00	48.03	46.43	98.82	30.38	1.48
109.60	47.70	45.71	98.55	25.57	1.58
110.20	47.19	46.39	97.49	23.61	1.91
110.80	49.06	46.95	99.06	26.36	1.68
111.40	48.74	47.11	99.99	27.49	1.54
112.00	48.66	45.75	99.90	33.41	1.44
112.60	48.34	44.95	99.37	39.04	1.35
113.20	47.05	45.36	98.09	24.99	1.64
113.80	45.69	43.48	97.05	22.60	1.72
114.40	46.26	42.70	96.45	31.05	1.44
115.00	47.54	45.00	98.56	32.97	1.99
115.60	49.81	47.23	100.87	29.79	1.64
116.20	50.35	47.59	103.28	17.29	1.82
116.80	49.66	45.10	103.43	29.71	1.61
117.40	47.47	43.87	102.22	35.26	1.53
118.00	46.64	43.89	101.50	34.78	1.52
118.60	45.85	44.02	101.47	35.31	1.46
119.20	47.38	44.79	102.54	35.80	1.72
119.80	49.41	45.54	104.21	36.13	1.93
120.40	49.67	45.41	104.32	33.85	1.54
121.00	48.15	43.80	102.89	26.07	1.73
121.60	45.79	41.35	99.30	31.01	1.67
122.20	45.13	43.12	99.56	21.39	1.82
122.80	46.17	42.96	99.30	19.05	1.95
123.40	46.61	43.44	99.41	16.51	2.52
124.00	47.21	44.72	99.76	33.49	1.73
124.60	46.71	44.22	99.25	31.82	1.53
125.20	46.48	44.26	98.42	28.83	1.57
125.80	45.93	43.38	97.42	26.73	1.63
126.40	45.50	42.78	96.63	27.46	1.62
127.00	46.30	42.63	96.63	33.51	1.49
127.60	47.62	44.07	98.55	31.96	1.53
128.20	49.55	45.28	100.75	27.96	1.61
128.80	48.78	45.10	101.49	32.65	1.53
129.40	47.57	43.10	100.93	40.90	1.39
130.00	45.95	41.04	99.88	41.60	1.42
130.60	43.74	40.15	98.69	32.64	1.65
131.20	44.46	40.68	98.21	42.83	1.36
131.80	43.48	41.35	96.84	24.80	1.77
132.40	46.08	42.94	98.65	23.82	1.74
133.00	48.47	43.89	100.66	25.40	1.73
133.60	48.90	44.20	102.61	38.53	1.47
134.20	47.69	43.41	102.81	26.48	1.78
134.80	46.19	41.80	102.45	40.48	1.48
135.40	45.71	41.66	99.62	35.67	1.55
136.00	46.22	41.66	97.83	26.71	1.71
136.60	46.92	42.43	98.61	30.06	1.63
137.20	47.11	44.09	98.81	27.31	1.64
137.80	47.77	43.99	99.63	28.96	1.62
138.40	48.17	44.66	99.47	30.78	1.56
139.00	48.30	44.94	98.69	32.63	1.48
139.60	47.86	45.62	97.30	11.35	1.89
140.20	49.67	46.27	97.85	26.67	1.56
140.80	52.09	48.99	100.56	36.25	1.33
141.40	55.03	50.83	105.31	38.06	1.32
142.00	54.51	50.30	107.09	37.96	1.36
142.60	51.76	49.22	106.01	31.27	1.51
143.20	49.56	47.99	104.47	26.54	1.62
143.80	48.67	46.50	103.65	31.84	1.54
144.40	47.12	44.80	102.51	37.02	1.46
145.00	48.99	46.04	102.54	24.14	1.71
145.60	49.70	46.71	102.78	18.26	1.81
146.20	49.57	46.65	102.60	27.67	1.61
146.80	49.75	46.72	102.21	37.10	1.40
147.40	49.57	46.87	102.06	35.95	1.41
148.00	48.40	45.19	101.42	33.03	1.52
148.60	47.73	44.43	100.24	23.82	1.72
149.20	46.57	43.60	99.42	35.65	1.51
149.80	46.51	44.44	98.81	40.31	1.27
150.40	48.37	45.53	99.63	38.27	1.65
151.00	50.88	47.21	101.76	35.41	1.98
151.60	51.64	47.68	102.96	29.69	1.54
152.20	50.68	46.37	102.10	32.89	1.51
152.80	49.88	44.98	101.26	37.99	1.43
153.40	49.41	43.76	100.67	33.93	1.53
154.00	49.19	44.46	100.88	22.78	1.75
154.60	50.60	46.12	101.54	19.24	1.80
155.20	50.88	46.06	101.20	22.45	1.71
155.80	50.46	45.25	99.76	27.91	1.57
156.40	50.47	45.15	98.65	33.35	1.43
157.00	51.20	46.41	98.42	20.99	1.67
157.60	51.59	47.34	100.22	24.79	1.60
158.20	52.44	48.55	100.91	32.41	1.42
158.80	51.45	47.96	99.57	23.98	1.58
159.40	50.19	47.23	98.79	28.35	1.48
160.00	48.99	47.77	98.64	27.82	1.49
160.60	49.40	48.87	99.33	23.39	1.56
161.20	50.75	49.20	101.01	33.22	1.38
161.80	50.99	48.16	101.04	28.14	1.52
162.40	50.04	46.52	99.74	24.93	1.59
163.00	48.56	45.46	98.41	28.71	1.54
163.60	47.59	43.98	97.29	33.59	1.43
164.20	47.36	43.49	97.33	35.49	1.43
164.80	48.02	43.97	98.07	28.91	1.59
165.40	48.93	44.82	98.49	22.36	1.71
166.00	48.67	45.00	97.99	26.37	1.59
166.60	46.90	43.97	96.96	32.11	1.48
167.20	46.80	43.30	97.05	34.39	1.46
167.80	48.68	44.41	98.33	31.80	1.52
168.40	49.97	45.77	100.44	34.70	1.46
169.00	49.97	46.73	101.11	30.09	1.52
169.60	49.66	45.38	100.39	33.93	1.47
170.20	48.06	44.32	99.89	29.78	1.60
170.80	48.26	44.27	100.03	25.38	1.64
171.40	48.46	44.94	101.44	23.18	1.97
172.00	49.85	45.32	102.41	27.17	1.82
172.60	49.01	45.32	101.99	27.95	1.64
173.20	47.53	44.26	100.48	29.02	1.60
173.80	46.82	42.63	98.54	40.35	1.37
174.40	45.67	43.01	97.52	29.06	1.60
175.00	46.41	42.73	97.30	35.87	1.46
175.60	47.89	43.48	98.50	35.82	1.45
176.20	48.90	45.21	99.32	26.63	1.61
176.80	49.67	45.87	99.77	23.34	1.66
177.40	49.58	44.57	99.55	31.23	1.54
178.00	48.50	43.80	99.26	19.63	1.82
178.60	47.89	43.48	98.82	26.74	1.65
>>>>>>> 4966aae922150d281e7f47d431009d8054258bc0
=======
TIEMPO	VFSCd	VFSCi	PAMn	PCC	RAP
0.40	45.49	44.18	99.57	42.58	1.31
1.00	47.60	45.27	102.73	31.99	1.58
1.60	49.51	48.66	106.07	31.32	1.58
2.20	48.93	47.25	106.82	35.61	1.51
2.80	44.72	43.40	101.88	39.08	1.45
3.40	42.22	41.88	100.44	37.48	1.51
4.00	41.92	41.81	99.73	26.70	1.77
4.60	42.45	42.31	99.17	18.91	1.92
5.20	43.47	42.99	99.15	34.20	1.54
5.80	45.86	44.21	102.05	28.93	1.68
6.40	47.45	46.13	103.47	32.61	1.55
7.00	48.64	46.80	105.17	42.66	1.35
7.60	48.14	46.02	104.71	33.68	1.55
8.20	47.88	45.88	104.64	32.58	1.59
8.80	47.51	45.91	105.24	41.16	1.43
9.40	47.44	45.72	106.62	29.87	1.69
10.00	45.23	44.07	104.13	26.92	1.75
10.60	44.56	43.02	102.53	23.49	1.85
11.20	45.28	43.12	101.45	19.89	1.90
11.80	46.18	44.26	100.80	21.01	1.81
12.40	46.75	46.12	100.78	30.80	1.54
13.00	48.90	47.44	102.60	26.50	1.64
13.60	51.62	49.40	104.70	12.35	1.89
14.20	51.40	49.39	104.24	24.87	1.62
14.80	50.99	50.19	102.72	27.90	1.51
15.40	50.25	49.56	101.89	27.94	1.49
16.00	51.65	50.06	103.11	28.73	1.50
16.60	53.62	52.23	106.26	27.45	1.52
17.20	53.48	53.01	107.87	33.21	1.42
17.80	51.09	50.67	105.85	28.16	1.53
18.40	48.45	47.33	103.31	24.91	1.65
19.00	47.29	46.77	102.24	21.89	1.73
19.60	48.05	46.48	103.02	27.17	1.65
20.20	50.23	47.64	104.99	29.42	1.60
20.80	51.22	48.56	106.48	27.17	1.63
21.40	50.42	47.87	105.82	29.03	1.61
22.00	48.99	45.61	103.98	30.79	1.60
22.60	48.73	44.42	102.85	24.08	1.79
23.20	48.15	45.36	102.29	27.48	1.68
23.80	48.81	45.96	103.82	29.18	1.64
24.40	48.51	45.44	103.62	31.48	1.59
25.00	47.73	44.62	102.22	32.00	1.58
25.60	47.30	44.07	101.29	26.38	1.73
26.20	47.51	44.17	99.97	19.62	1.84
26.80	49.07	45.41	99.30	17.87	1.82
27.40	49.69	45.76	99.21	17.19	1.80
28.00	50.29	46.42	99.78	15.31	1.83
28.60	52.06	48.18	102.39	24.54	1.63
29.20	52.52	48.17	103.90	17.74	1.79
29.80	51.63	47.80	103.41	14.02	1.87
30.40	49.41	45.94	100.85	27.47	1.59
31.00	47.71	43.94	99.28	21.70	1.78
31.60	47.66	43.63	98.41	24.87	1.70
32.20	48.43	45.21	98.75	32.00	1.50
32.80	49.59	46.13	99.51	27.57	1.57
33.40	50.15	45.75	99.80	17.87	1.80
34.00	49.61	44.96	99.15	31.86	1.51
34.60	48.18	45.12	98.33	25.49	1.63
35.20	48.09	44.59	96.98	30.42	1.51
35.80	48.64	44.88	96.86	29.85	1.51
36.40	50.53	47.53	97.98	22.22	1.62
37.00	51.70	49.04	100.07	26.25	1.50
37.60	53.66	49.95	101.01	32.20	1.36
38.20	51.71	48.58	99.40	18.59	1.66
38.80	50.87	47.32	98.04	32.11	1.40
39.40	50.56	48.90	97.90	30.27	1.40
40.00	52.98	50.20	98.76	21.77	1.54
40.60	53.02	49.96	99.03	21.84	1.54
41.20	51.80	49.18	97.57	24.83	1.47
41.80	51.25	48.56	95.53	31.60	1.31
42.40	50.44	48.70	94.52	24.62	1.43
43.00	52.25	48.83	94.05	12.10	1.69
43.60	53.41	50.29	94.91	26.13	1.39
44.20	54.69	51.61	97.69	27.96	1.36
44.80	55.23	52.71	99.60	33.49	1.26
45.40	54.05	51.52	99.18	32.39	1.29
46.00	53.37	50.79	98.42	28.47	1.37
46.60	53.28	50.61	98.43	28.68	1.38
47.20	52.97	50.50	98.97	25.85	1.45
47.80	54.20	51.73	99.77	24.14	1.47
48.40	54.22	52.54	100.00	25.50	1.42
49.00	54.15	51.46	99.53	35.96	1.24
49.60	53.66	50.08	99.61	31.92	1.35
50.20	52.66	49.38	100.18	27.82	1.46
50.80	52.71	50.41	101.40	28.84	1.44
51.40	52.64	50.56	102.18	26.65	1.50
52.00	51.75	50.07	101.86	22.17	1.60
52.60	50.39	49.72	100.30	27.01	1.48
53.20	50.18	48.76	99.74	25.63	1.52
53.80	51.35	49.61	100.04	24.04	1.55
54.40	52.18	50.58	101.27	27.02	1.44
55.00	51.12	50.62	101.58	29.68	1.57
55.60	49.98	49.92	100.40	28.98	1.74
56.20	49.67	49.18	98.83	26.18	1.49
56.80	49.81	49.31	98.74	24.47	1.51
57.40	51.13	50.41	99.47	24.01	1.83
58.00	52.73	51.31	101.42	26.69	1.53
58.60	54.21	51.78	102.04	25.43	1.45
59.20	51.96	50.50	101.19	25.03	1.77
59.80	51.04	49.26	100.57	23.92	1.67
60.40	50.45	48.28	100.64	27.83	1.50
61.00	51.08	48.55	101.57	26.92	1.55
61.60	50.66	48.56	102.03	22.12	1.65
62.20	49.26	47.93	100.84	23.42	1.60
62.80	49.06	47.49	100.61	24.12	1.60
63.40	48.18	46.57	98.63	23.30	1.62
64.00	47.50	45.75	96.65	23.33	1.61
64.60	48.14	44.93	96.28	24.92	1.57
65.20	50.22	47.69	98.50	26.83	1.52
65.80	51.94	50.96	101.84	24.33	1.53
66.40	52.36	50.39	103.54	24.27	1.56
67.00	51.45	48.86	103.38	29.18	1.51
67.60	49.66	47.83	101.45	25.37	1.59
68.20	47.88	46.61	99.19	22.49	1.65
68.80	48.01	45.15	98.29	24.19	1.65
69.40	48.73	45.51	98.24	20.10	1.74
70.00	49.35	46.43	98.94	12.95	1.86
70.60	49.87	46.88	100.72	21.30	1.69
71.20	49.80	46.78	101.61	29.60	1.53
71.80	47.64	45.03	100.64	36.39	1.42
72.40	46.11	43.52	99.22	33.06	1.52
73.00	44.50	43.06	98.08	30.64	1.55
73.60	43.90	42.94	97.63	32.84	1.59
74.20	44.77	42.70	98.13	33.02	2.09
74.80	44.66	43.22	98.63	20.61	1.89
75.40	46.43	44.78	100.96	19.18	1.84
76.00	46.82	43.74	102.21	24.49	1.79
76.60	44.95	41.71	100.25	31.00	1.65
77.20	42.98	40.35	97.77	33.33	1.59
77.80	41.93	39.85	96.53	28.35	1.73
78.40	41.83	39.69	96.19	14.94	2.08
79.00	43.30	41.73	98.35	37.81	1.50
79.60	44.92	43.95	100.36	23.56	1.74
80.20	44.82	42.79	100.46	33.29	1.55
80.80	43.34	40.89	99.48	33.94	1.61
81.40	41.76	40.16	98.35	28.31	1.76
82.00	40.65	40.71	97.33	26.15	1.76
82.60	39.97	40.93	96.99	28.75	1.67
83.20	40.18	40.46	95.26	27.43	1.70
83.80	40.37	39.02	93.71	24.58	1.79
84.40	44.63	41.44	94.45	23.76	1.75
85.00	47.90	45.91	98.35	24.27	1.77
85.60	49.06	46.75	102.14	36.34	1.63
86.20	47.44	45.13	103.65	36.30	1.51
86.80	42.89	41.08	101.87	31.08	1.72
87.40	38.78	37.40	98.42	37.73	1.62
88.00	36.42	36.02	97.46	34.60	1.76
88.60	37.42	35.86	96.47	34.24	1.75
89.20	39.18	36.59	95.33	36.08	1.64
89.80	39.96	37.94	94.48	34.11	1.63
90.40	41.17	38.68	94.31	37.65	1.49
91.00	41.52	39.14	94.53	34.90	1.53
91.60	42.37	40.21	95.18	29.85	1.64
92.20	43.46	40.92	96.34	33.55	1.54
92.80	43.20	39.81	97.06	30.92	1.66
93.40	43.63	39.83	98.55	32.21	1.67
94.00	43.10	40.07	98.56	26.93	1.79
94.60	42.40	39.95	98.30	36.83	1.54
95.20	42.21	39.80	97.86	32.59	1.67
95.80	42.76	40.58	97.89	26.67	1.80
96.40	43.35	41.79	98.47	31.70	1.62
97.00	42.82	41.90	98.13	32.75	1.57
97.60	42.73	41.46	97.59	30.47	1.63
98.20	43.36	41.06	97.50	26.59	1.74
98.80	43.94	41.24	96.90	23.07	1.81
99.40	44.64	42.07	95.38	20.61	1.79
100.00	46.29	43.40	95.11	14.73	1.85
100.60	47.14	44.12	95.25	23.21	1.63
101.20	49.61	47.20	97.82	25.16	1.57
101.80	54.19	49.49	102.51	20.64	1.66
102.40	54.12	50.11	103.71	27.20	1.53
103.00	52.44	48.91	102.89	33.32	1.43
103.60	50.74	47.23	101.90	32.12	1.49
104.20	48.65	45.84	100.84	21.91	1.71
104.80	48.79	45.56	100.30	19.78	1.77
105.40	49.89	46.13	100.41	22.60	1.70
106.00	50.97	47.32	101.13	20.28	1.73
106.60	52.41	48.78	102.62	23.31	1.63
107.20	51.59	49.39	103.25	33.79	1.40
107.80	50.11	48.79	100.18	23.18	1.57
108.40	48.84	47.63	97.72	15.51	1.71
109.00	48.03	46.43	98.82	30.38	1.48
109.60	47.70	45.71	98.55	25.57	1.58
110.20	47.19	46.39	97.49	23.61	1.91
110.80	49.06	46.95	99.06	26.36	1.68
111.40	48.74	47.11	99.99	27.49	1.54
112.00	48.66	45.75	99.90	33.41	1.44
112.60	48.34	44.95	99.37	39.04	1.35
113.20	47.05	45.36	98.09	24.99	1.64
113.80	45.69	43.48	97.05	22.60	1.72
114.40	46.26	42.70	96.45	31.05	1.44
115.00	47.54	45.00	98.56	32.97	1.99
115.60	49.81	47.23	100.87	29.79	1.64
116.20	50.35	47.59	103.28	17.29	1.82
116.80	49.66	45.10	103.43	29.71	1.61
117.40	47.47	43.87	102.22	35.26	1.53
118.00	46.64	43.89	101.50	34.78	1.52
118.60	45.85	44.02	101.47	35.31	1.46
119.20	47.38	44.79	102.54	35.80	1.72
119.80	49.41	45.54	104.21	36.13	1.93
120.40	49.67	45.41	104.32	33.85	1.54
121.00	48.15	43.80	102.89	26.07	1.73
121.60	45.79	41.35	99.30	31.01	1.67
122.20	45.13	43.12	99.56	21.39	1.82
122.80	46.17	42.96	99.30	19.05	1.95
123.40	46.61	43.44	99.41	16.51	2.52
124.00	47.21	44.72	99.76	33.49	1.73
124.60	46.71	44.22	99.25	31.82	1.53
125.20	46.48	44.26	98.42	28.83	1.57
125.80	45.93	43.38	97.42	26.73	1.63
126.40	45.50	42.78	96.63	27.46	1.62
127.00	46.30	42.63	96.63	33.51	1.49
127.60	47.62	44.07	98.55	31.96	1.53
128.20	49.55	45.28	100.75	27.96	1.61
128.80	48.78	45.10	101.49	32.65	1.53
129.40	47.57	43.10	100.93	40.90	1.39
130.00	45.95	41.04	99.88	41.60	1.42
130.60	43.74	40.15	98.69	32.64	1.65
131.20	44.46	40.68	98.21	42.83	1.36
131.80	43.48	41.35	96.84	24.80	1.77
132.40	46.08	42.94	98.65	23.82	1.74
133.00	48.47	43.89	100.66	25.40	1.73
133.60	48.90	44.20	102.61	38.53	1.47
134.20	47.69	43.41	102.81	26.48	1.78
134.80	46.19	41.80	102.45	40.48	1.48
135.40	45.71	41.66	99.62	35.67	1.55
136.00	46.22	41.66	97.83	26.71	1.71
136.60	46.92	42.43	98.61	30.06	1.63
137.20	47.11	44.09	98.81	27.31	1.64
137.80	47.77	43.99	99.63	28.96	1.62
138.40	48.17	44.66	99.47	30.78	1.56
139.00	48.30	44.94	98.69	32.63	1.48
139.60	47.86	45.62	97.30	11.35	1.89
140.20	49.67	46.27	97.85	26.67	1.56
140.80	52.09	48.99	100.56	36.25	1.33
141.40	55.03	50.83	105.31	38.06	1.32
142.00	54.51	50.30	107.09	37.96	1.36
142.60	51.76	49.22	106.01	31.27	1.51
143.20	49.56	47.99	104.47	26.54	1.62
143.80	48.67	46.50	103.65	31.84	1.54
144.40	47.12	44.80	102.51	37.02	1.46
145.00	48.99	46.04	102.54	24.14	1.71
145.60	49.70	46.71	102.78	18.26	1.81
146.20	49.57	46.65	102.60	27.67	1.61
146.80	49.75	46.72	102.21	37.10	1.40
147.40	49.57	46.87	102.06	35.95	1.41
148.00	48.40	45.19	101.42	33.03	1.52
148.60	47.73	44.43	100.24	23.82	1.72
149.20	46.57	43.60	99.42	35.65	1.51
149.80	46.51	44.44	98.81	40.31	1.27
150.40	48.37	45.53	99.63	38.27	1.65
151.00	50.88	47.21	101.76	35.41	1.98
151.60	51.64	47.68	102.96	29.69	1.54
152.20	50.68	46.37	102.10	32.89	1.51
152.80	49.88	44.98	101.26	37.99	1.43
153.40	49.41	43.76	100.67	33.93	1.53
154.00	49.19	44.46	100.88	22.78	1.75
154.60	50.60	46.12	101.54	19.24	1.80
155.20	50.88	46.06	101.20	22.45	1.71
155.80	50.46	45.25	99.76	27.91	1.57
156.40	50.47	45.15	98.65	33.35	1.43
157.00	51.20	46.41	98.42	20.99	1.67
157.60	51.59	47.34	100.22	24.79	1.60
158.20	52.44	48.55	100.91	32.41	1.42
158.80	51.45	47.96	99.57	23.98	1.58
159.40	50.19	47.23	98.79	28.35	1.48
160.00	48.99	47.77	98.64	27.82	1.49
160.60	49.40	48.87	99.33	23.39	1.56
161.20	50.75	49.20	101.01	33.22	1.38
161.80	50.99	48.16	101.04	28.14	1.52
162.40	50.04	46.52	99.74	24.93	1.59
163.00	48.56	45.46	98.41	28.71	1.54
163.60	47.59	43.98	97.29	33.59	1.43
164.20	47.36	43.49	97.33	35.49	1.43
164.80	48.02	43.97	98.07	28.91	1.59
165.40	48.93	44.82	98.49	22.36	1.71
166.00	48.67	45.00	97.99	26.37	1.59
166.60	46.90	43.97	96.96	32.11	1.48
167.20	46.80	43.30	97.05	34.39	1.46
167.80	48.68	44.41	98.33	31.80	1.52
168.40	49.97	45.77	100.44	34.70	1.46
169.00	49.97	46.73	101.11	30.09	1.52
169.60	49.66	45.38	100.39	33.93	1.47
170.20	48.06	44.32	99.89	29.78	1.60
170.80	48.26	44.27	100.03	25.38	1.64
171.40	48.46	44.94	101.44	23.18	1.97
172.00	49.85	45.32	102.41	27.17	1.82
172.60	49.01	45.32	101.99	27.95	1.64
173.20	47.53	44.26	100.48	29.02	1.60
173.80	46.82	42.63	98.54	40.35	1.37
174.40	45.67	43.01	97.52	29.06	1.60
175.00	46.41	42.73	97.30	35.87	1.46
175.60	47.89	43.48	98.50	35.82	1.45
176.20	48.90	45.21	99.32	26.63	1.61
176.80	49.67	45.87	99.77	23.34	1.66
177.40	49.58	44.57	99.55	31.23	1.54
178.00	48.50	43.80	99.26	19.63	1.82
178.60	47.89	43.48	98.82	26.74	1.65
>>>>>>> 4966aae922150d281e7f47d431009d8054258bc0
179.20	48.79	44.27	99.14	43.13	1.28